TIME_BIN TIME_MIN TIME TIME_MAX COUNTS STAT_ERR AREA EXPOSURE COUNT_RATE COUNT_RATE_ERR
1.0 436542702.82055 436542704.44107 436542706.06159 0.0 0.0 5394.935284465589 0.0 0.0 0.0
2.0 436542706.06159 436542707.68211 436542709.30263 0.0 0.0 5394.935284465589 0.0 0.0 0.0
3.0 436542709.30263 436542710.92315 436542712.54367 0.0 0.0 5394.935284465589 0.0 0.0 0.0
4.0 436542712.54367 436542714.16419 436542715.78471 0.0 0.0 5394.935284465589 0.0 0.0 0.0
5.0 436542715.78471005 436542717.40523005 436542719.02575004 0.0 0.0 5394.935284465589 0.0 0.0 0.0
6.0 436542719.02575004 436542720.64627004 436542722.26679003 0.0 0.0 5394.935284465589 0.0 0.0 0.0
7.0 436542722.26679003 436542723.88731 436542725.50783 0.0 0.0 5394.935284465589 0.0 0.0 0.0
8.0 436542725.50783 436542727.12835 436542728.74887 0.0 0.0 5394.935284465589 0.0 0.0 0.0
9.0 436542728.74887 436542730.36939 436542731.98991 0.0 0.0 5394.935284465589 0.0 0.0 0.0
10.0 436542731.98991 436542733.61043 436542735.23095 0.0 0.0 5394.935284465589 0.0 0.0 0.0
11.0 436542735.23095 436542736.85147 436542738.47199 0.0 0.0 5394.935284465589 0.0 0.0 0.0
12.0 436542738.47199005 436542740.09251004 436542741.71303004 0.0 0.0 5394.935284465589 0.0 0.0 0.0
13.0 436542741.71303004 436542743.33355004 436542744.95407003 0.0 0.0 5394.935284465589 0.0 0.0 0.0
14.0 436542744.95407003 436542746.57459 436542748.19511 0.0 0.0 5394.935284465589 0.0 0.0 0.0
15.0 436542748.19511 436542749.81563 436542751.43615 0.0 0.0 5394.935284465589 0.0 0.0 0.0
16.0 436542751.43615 436542753.05667 436542754.67719 0.0 0.0 5394.935284465589 0.0 0.0 0.0
17.0 436542754.67719 436542756.29771 436542757.91823 0.0 0.0 5394.935284465589 0.0 0.0 0.0
18.0 436542757.91823 436542759.53875 436542761.15927 0.0 0.0 5394.935284465589 0.0 0.0 0.0
19.0 436542761.15927005 436542762.77979004 436542764.40031004 0.0 0.0 5394.935284465589 0.0 0.0 0.0
20.0 436542764.40031004 436542766.02083004 436542767.64135003 0.0 0.0 5394.935284465589 0.0 0.0 0.0
21.0 436542767.64135003 436542769.26187 436542770.88239 0.0 0.0 5394.935284465589 0.0 0.0 0.0
22.0 436542770.88239 436542772.50291 436542774.12343 0.0 0.0 5394.935284465589 0.0 0.0 0.0
23.0 436542774.12343 436542775.74395 436542777.36447 0.0 0.0 5394.935284465589 0.0 0.0 0.0
24.0 436542777.36447 436542778.98499 436542780.60551 0.0 0.0 5394.935284465589 0.0 0.0 0.0
25.0 436542780.60551 436542782.22603 436542783.84655 0.0 0.0 5394.935284465589 0.0 0.0 0.0
26.0 436542783.84655005 436542785.46707004 436542787.08759004 0.0 0.0 5394.935284465589 0.0 0.0 0.0
27.0 436542787.08759004 436542788.70811003 436542790.32863003 0.0 0.0 5394.935284465589 0.0 0.0 0.0
28.0 436542790.32863003 436542791.94915 436542793.56967 0.0 0.0 5394.935284465589 0.0 0.0 0.0
29.0 436542793.56967 436542795.19019 436542796.81071 0.0 0.0 5394.935284465589 0.0 0.0 0.0
30.0 436542796.81071 436542798.43123 436542800.05175 0.0 0.0 5394.935284465589 0.0 0.0 0.0
31.0 436542800.05175 436542801.67227 436542803.29279 0.0 0.0 5394.935284465589 0.0 0.0 0.0
32.0 436542803.29279 436542804.91331 436542806.53383 0.0 0.0 5394.935284465589 0.0 0.0 0.0
33.0 436542806.53383005 436542808.15435004 436542809.77487004 0.0 0.0 5394.935284465589 0.0 0.0 0.0
34.0 436542809.77487004 436542811.39539003 436542813.01591 0.0 0.0 5394.935284465589 0.0 0.0 0.0
35.0 436542813.01591 436542814.63643 436542816.25695 0.0 0.0 5394.935284465589 0.0 0.0 0.0
36.0 436542816.25695 436542817.87747 436542819.49799 0.0 0.0 5394.935284465589 0.0 0.0 0.0
37.0 436542819.49799 436542821.11851 436542822.73903 0.0 0.0 5394.935284465589 0.0 0.0 0.0
38.0 436542822.73903 436542824.35955 436542825.98007 0.0 0.0 5394.935284465589 0.0 0.0 0.0
39.0 436542825.98007 436542827.60059 436542829.22111 0.0 0.0 5394.935284465589 0.0 0.0 0.0
40.0 436542829.22111005 436542830.84163004 436542832.46215004 0.0 0.0 5394.935284465589 0.0 0.0 0.0
41.0 436542832.46215004 436542834.08267003 436542835.70319 0.0 0.0 5394.935284465589 0.0 0.0 0.0
42.0 436542835.70319 436542837.32371 436542838.94423 0.0 0.0 5394.935284465589 0.0 0.0 0.0
43.0 436542838.94423 436542840.56475 436542842.18527 0.0 0.0 5394.935284465589 0.0 0.0 0.0
44.0 436542842.18527 436542843.80579 436542845.42631 0.0 0.0 5394.935284465589 0.0 0.0 0.0
45.0 436542845.42631 436542847.04683 436542848.66735 0.0 0.0 5394.935284465589 0.0 0.0 0.0
46.0 436542848.66735005 436542850.28787005 436542851.90839005 0.0 0.0 5394.935284465589 0.0 0.0 0.0
47.0 436542851.90839005 436542853.52891004 436542855.14943004 0.0 0.0 5394.935284465589 0.0 0.0 0.0
48.0 436542855.14943004 436542856.76995003 436542858.39047 0.0 0.0 5394.935284465589 0.0 0.0 0.0
49.0 436542858.39047 436542860.01099 436542861.63151 0.0 0.0 5394.935284465589 0.0 0.0 0.0
50.0 436542861.63151 436542863.25203 436542864.87255 0.0 0.0 5394.935284465589 0.0 0.0 0.0
51.0 436542864.87255 436542866.49307 436542868.11359 0.0 0.0 5394.935284465589 0.0 0.0 0.0
52.0 436542868.11359 436542869.73411 436542871.35463 0.0 0.0 5394.935284465589 0.0 0.0 0.0
53.0 436542871.35463005 436542872.97515005 436542874.59567004 0.0 0.0 5394.935284465589 0.0 0.0 0.0
54.0 436542874.59567004 436542876.21619004 436542877.83671004 0.0 0.0 5394.935284465589 0.0 0.0 0.0
55.0 436542877.83671004 436542879.45723003 436542881.07775 0.0 0.0 5394.935284465589 0.0 0.0 0.0
56.0 436542881.07775 436542882.69827 436542884.31879 0.0 0.0 5394.935284465589 0.0 0.0 0.0
57.0 436542884.31879 436542885.93931 436542887.55983 0.0 0.0 5394.935284465589 0.0 0.0 0.0
58.0 436542887.55983 436542889.18035 436542890.80087 0.0 0.0 5394.935284465589 0.0 0.0 0.0
59.0 436542890.80087 436542892.42139 436542894.04191 0.0 0.0 5394.935284465589 0.0 0.0 0.0
60.0 436542894.04191005 436542895.66243005 436542897.28295004 0.0 0.0 5394.935284465589 0.0 0.0 0.0
61.0 436542897.28295004 436542898.90347004 436542900.52399004 0.0 0.0 5394.935284465589 0.0 0.0 0.0
62.0 436542900.52399004 436542902.14451003 436542903.76503 0.0 0.0 5394.935284465589 0.0 0.0 0.0
63.0 436542903.76503 436542905.38555 436542907.00607 0.0 0.0 5394.935284465589 0.0 0.0 0.0
64.0 436542907.00607 436542908.62659 436542910.24711 0.0 0.0 5394.935284465589 0.0 0.0 0.0
65.0 436542910.24711 436542911.86763 436542913.48815 0.0 0.0 5394.935284465589 0.0 0.0 0.0
66.0 436542913.48815 436542915.10867 436542916.72919 0.0 0.0 5394.935284465589 0.0 0.0 0.0
67.0 436542916.72919005 436542918.34971005 436542919.97023004 0.0 0.0 5394.935284465589 0.0 0.0 0.0
68.0 436542919.97023004 436542921.59075004 436542923.21127003 0.0 0.0 5394.935284465589 0.0 0.0 0.0
69.0 436542923.21127003 436542924.83179003 436542926.45231 0.0 0.0 5394.935284465589 0.0 0.0 0.0
70.0 436542926.45231 436542928.07283 436542929.69335 0.0 0.0 5394.935284465589 0.0 0.0 0.0
71.0 436542929.69335 436542931.31387 436542932.93439 0.0 0.0 5394.935284465589 0.0 0.0 0.0
72.0 436542932.93439 436542934.55491 436542936.17543 0.0 0.0 5394.935284465589 0.0 0.0 0.0
73.0 436542936.17543 436542937.79595 436542939.41647 0.0 0.0 5394.935284465589 0.0 0.0 0.0
74.0 436542939.41647005 436542941.03699005 436542942.65751004 0.0 0.0 5394.935284465589 0.0 0.0 0.0
75.0 436542942.65751004 436542944.27803004 436542945.89855003 0.0 0.0 5394.935284465589 0.0 0.0 0.0
76.0 436542945.89855003 436542947.51907 436542949.13959 0.0 0.0 5394.935284465589 0.0 0.0 0.0
77.0 436542949.13959 436542950.76011 436542952.38063 0.0 0.0 5394.935284465589 0.0 0.0 0.0
78.0 436542952.38063 436542954.00115 436542955.62167 0.0 0.0 5394.935284465589 0.0 0.0 0.0
79.0 436542955.62167 436542957.24219 436542958.86271 0.0 0.0 5394.935284465589 0.0 0.0 0.0
80.0 436542958.86271 436542960.48323 436542962.10375 0.0 0.0 5394.935284465589 0.0 0.0 0.0
81.0 436542962.10375005 436542963.72427005 436542965.34479004 0.0 0.0 5394.935284465589 0.0 0.0 0.0
82.0 436542965.34479004 436542966.96531004 436542968.58583003 0.0 0.0 5394.935284465589 0.0 0.0 0.0
83.0 436542968.58583003 436542970.20635 436542971.82687 0.0 0.0 5394.935284465589 0.0 0.0 0.0
84.0 436542971.82687 436542973.44739 436542975.06791 0.0 0.0 5394.935284465589 0.0 0.0 0.0
85.0 436542975.06791 436542976.68843 436542978.30895 0.0 0.0 5394.935284465589 0.0 0.0 0.0
86.0 436542978.30895 436542979.92947 436542981.54999 0.0 0.0 5394.935284465589 0.0 0.0 0.0
87.0 436542981.54999 436542983.17051 436542984.79103 0.0 0.0 5394.935284465589 0.0 0.0 0.0
88.0 436542984.79103005 436542986.41155005 436542988.03207004 0.0 0.0 5394.935284465589 0.0 0.0 0.0
89.0 436542988.03207004 436542989.65259004 436542991.27311003 0.0 0.0 5394.935284465589 0.0 0.0 0.0
90.0 436542991.27311003 436542992.89363 436542994.51415 0.0 0.0 5394.935284465589 0.0 0.0 0.0
91.0 436542994.51415 436542996.13467 436542997.75519 0.0 0.0 5394.935284465589 0.0 0.0 0.0
92.0 436542997.75519 436542999.37571 436543000.99623 0.0 0.0 5394.935284465589 0.0 0.0 0.0
93.0 436543000.99623 436543002.61675 436543004.23727 0.0 0.0 5394.935284465589 0.0 0.0 0.0
94.0 436543004.23727 436543005.85779 436543007.47831 0.0 0.0 5394.935284465589 0.0 0.0 0.0
95.0 436543007.47831005 436543009.09883004 436543010.71935004 0.0 0.0 5394.935284465589 0.0 0.0 0.0
96.0 436543010.71935004 436543012.33987004 436543013.96039003 0.0 0.0 5394.935284465589 0.0 0.0 0.0
97.0 436543013.96039003 436543015.58091 436543017.20143 0.0 0.0 5394.935284465589 0.0 0.0 0.0
98.0 436543017.20143 436543018.82195 436543020.44247 0.0 0.0 5394.935284465589 0.0 0.0 0.0
99.0 436543020.44247 436543022.06299 436543023.68351 0.0 0.0 5394.935284465589 0.0 0.0 0.0
100.0 436543023.68351 436543025.30403 436543026.92455 0.0 0.0 5394.935284465589 0.0 0.0 0.0
101.0 436543026.92455 436543028.54507 436543030.16559 0.0 0.0 5394.935284465589 0.0 0.0 0.0
102.0 436543030.16559005 436543031.78611004 436543033.40663004 0.0 0.0 5394.935284465589 0.0 0.0 0.0
103.0 436543033.40663004 436543035.02715003 436543036.64767003 0.0 0.0 5394.935284465589 0.0 0.0 0.0
104.0 436543036.64767003 436543038.26819 436543039.88871 0.0 0.0 5394.935284465589 0.0 0.0 0.0
105.0 436543039.88871 436543041.50923 436543043.12975 0.0 0.0 5394.935284465589 0.0 0.0 0.0
106.0 436543043.12975 436543044.75027 436543046.37079 0.0 0.0 5394.935284465589 0.0 0.0 0.0
107.0 436543046.37079 436543047.99131 436543049.61183 0.0 0.0 5394.935284465589 0.0 0.0 0.0
108.0 436543049.61183 436543051.23235 436543052.85287 0.0 0.0 5394.935284465589 0.0 0.0 0.0
109.0 436543052.85287005 436543054.47339004 436543056.09391004 0.0 0.0 5394.935284465589 0.0 0.0 0.0
110.0 436543056.09391004 436543057.71443003 436543059.33495003 0.0 0.0 5394.935284465589 0.0 0.0 0.0
111.0 436543059.33495003 436543060.95547 436543062.57599 0.0 0.0 5394.935284465589 0.0 0.0 0.0
112.0 436543062.57599 436543064.19651 436543065.81703 0.0 0.0 5394.935284465589 0.0 0.0 0.0
113.0 436543065.81703 436543067.43755 436543069.05807 0.0 0.0 5394.935284465589 0.0 0.0 0.0
114.0 436543069.05807 436543070.67859 436543072.29911 0.0 0.0 5394.935284465589 0.0 0.0 0.0
115.0 436543072.29911 436543073.91963 436543075.54015 0.0 0.0 5394.935284465589 0.0 0.0 0.0
116.0 436543075.54015005 436543077.16067004 436543078.78119004 0.0 0.0 5394.935284465589 0.0 0.0 0.0
117.0 436543078.78119004 436543080.40171003 436543082.02223 0.0 0.0 5394.935284465589 0.0 0.0 0.0
118.0 436543082.02223 436543083.64275 436543085.26327 0.0 0.0 5394.935284465589 0.0 0.0 0.0
119.0 436543085.26327 436543086.88379 436543088.50431 0.0 0.0 5394.935284465589 0.0 0.0 0.0
120.0 436543088.50431 436543090.12483 436543091.74535 0.0 0.0 5394.935284465589 0.0 0.0 0.0
121.0 436543091.74535 436543093.36587 436543094.98639 0.0 0.0 5394.935284465589 0.0 0.0 0.0
122.0 436543094.98639005 436543096.60691005 436543098.22743005 0.0 0.0 5394.935284465589 0.0 0.0 0.0
123.0 436543098.22743005 436543099.84795004 436543101.46847004 0.0 0.0 5394.935284465589 0.0 0.0 0.0
124.0 436543101.46847004 436543103.08899003 436543104.70951 0.0 0.0 5394.935284465589 0.0 0.0 0.0
125.0 436543104.70951 436543106.33003 436543107.95055 0.0 0.0 5394.935284465589 0.0 0.0 0.0
126.0 436543107.95055 436543109.57107 436543111.19159 0.0 0.0 5394.935284465589 0.0 0.0 0.0
127.0 436543111.19159 436543112.81211 436543114.43263 0.0 0.0 5394.935284465589 0.0 0.0 0.0
128.0 436543114.43263 436543116.05315 436543117.67367 0.0 0.0 5394.935284465589 0.0 0.0 0.0
129.0 436543117.67367005 436543119.29419005 436543120.91471004 0.0 0.0 5394.935284465589 0.0 0.0 0.0
130.0 436543120.91471004 436543122.53523004 436543124.15575004 0.0 0.0 5394.935284465589 0.0 0.0 0.0
131.0 436543124.15575004 436543125.77627003 436543127.39679 0.0 0.0 5394.935284465589 0.0 0.0 0.0
132.0 436543127.39679 436543129.01731 436543130.63783 0.0 0.0 5394.935284465589 0.0 0.0 0.0
133.0 436543130.63783 436543132.25835 436543133.87887 0.0 0.0 5394.935284465589 0.0 0.0 0.0
134.0 436543133.87887 436543135.49939 436543137.11991 0.0 0.0 5394.935284465589 0.0 0.0 0.0
135.0 436543137.11991 436543138.74043 436543140.36095 0.0 0.0 5394.935284465589 0.0 0.0 0.0
136.0 436543140.36095005 436543141.98147005 436543143.60199004 0.0 0.0 5394.935284465589 0.0 0.0 0.0
137.0 436543143.60199004 436543145.22251004 436543146.84303004 0.0 0.0 5394.935284465589 0.0 0.0 0.0
138.0 436543146.84303004 436543148.46355003 436543150.08407 0.0 0.0 5394.935284465589 0.0 0.0 0.0
139.0 436543150.08407 436543151.70459 436543153.32511 0.0 0.0 5394.935284465589 0.0 0.0 0.0
140.0 436543153.32511 436543154.94563 436543156.56615 0.0 0.0 5394.935284465589 0.0 0.0 0.0
141.0 436543156.56615 436543158.18667 436543159.80719 0.0 0.0 5394.935284465589 0.0 0.0 0.0
142.0 436543159.80719 436543161.42771 436543163.04823 0.0 0.0 5394.935284465589 0.0 0.0 0.0
143.0 436543163.04823005 436543164.66875005 436543166.28927004 0.0 0.0 5394.935284465589 0.0 0.0 0.0
144.0 436543166.28927004 436543167.90979004 436543169.53031003 0.0 0.0 5394.935284465589 0.0 0.0 0.0
145.0 436543169.53031003 436543171.15083003 436543172.77135 0.0 0.0 5394.935284465589 0.0 0.0 0.0
146.0 436543172.77135 436543174.39187 436543176.01239 0.0 0.0 5394.935284465589 0.0 0.0 0.0
147.0 436543176.01239 436543177.63291 436543179.25343 0.0 0.0 5394.935284465589 0.0 0.0 0.0
148.0 436543179.25343 436543180.87395 436543182.49447 0.0 0.0 5394.935284465589 0.0 0.0 0.0
149.0 436543182.49447 436543184.11499 436543185.73551 0.0 0.0 5394.935284465589 0.0 0.0 0.0
150.0 436543185.73551005 436543187.35603005 436543188.97655004 0.0 0.0 5394.935284465589 0.0 0.0 0.0
151.0 436543188.97655004 436543190.59707004 436543192.21759003 0.0 0.0 5394.935284465589 0.0 0.0 0.0
152.0 436543192.21759003 436543193.83811 436543195.45863 0.0 0.0 5394.935284465589 0.0 0.0 0.0
153.0 436543195.45863 436543197.07915 436543198.69967 0.0 0.0 5394.935284465589 0.0 0.0 0.0
154.0 436543198.69967 436543200.32019 436543201.94071 0.0 0.0 5394.935284465589 0.0 0.0 0.0
155.0 436543201.94071 436543203.56123 436543205.18175 0.0 0.0 5394.935284465589 0.0 0.0 0.0
156.0 436543205.18175 436543206.80227 436543208.42279 0.0 0.0 5394.935284465589 0.0 0.0 0.0
157.0 436543208.42279005 436543210.04331005 436543211.66383004 0.0 0.0 5394.935284465589 0.0 0.0 0.0
158.0 436543211.66383004 436543213.28435004 436543214.90487003 0.0 0.0 5394.935284465589 0.0 0.0 0.0
159.0 436543214.90487003 436543216.52539 436543218.14591 0.0 0.0 5394.935284465589 0.0 0.0 0.0
160.0 436543218.14591 436543219.76643 436543221.38695 0.0 0.0 5394.935284465589 0.0 0.0 0.0
161.0 436543221.38695 436543223.00747 436543224.62799 0.0 0.0 5394.935284465589 0.0 0.0 0.0
162.0 436543224.62799 436543226.24851 436543227.86903 0.0 0.0 5394.935284465589 0.0 0.0 0.0
163.0 436543227.86903 436543229.48955 436543231.11007 0.0 0.0 5394.935284465589 0.0 0.0 0.0
164.0 436543231.11007005 436543232.73059005 436543234.35111004 0.0 0.0 5394.935284465589 0.0 0.0 0.0
165.0 436543234.35111004 436543235.97163004 436543237.59215003 0.0 0.0 5394.935284465589 0.0 0.0 0.0
166.0 436543237.59215003 436543239.21267 436543240.83319 0.0 0.0 5394.935284465589 0.0 0.0 0.0
167.0 436543240.83319 436543242.45371 436543244.07423 0.0 0.0 5394.935284465589 0.0 0.0 0.0
168.0 436543244.07423 436543245.69475 436543247.31527 0.0 0.0 5394.935284465589 0.0 0.0 0.0
169.0 436543247.31527 436543248.93579 436543250.55631 0.0 0.0 5394.935284465589 0.0 0.0 0.0
170.0 436543250.55631 436543252.17683 436543253.79735 0.0 0.0 5394.935284465589 0.0 0.0 0.0
171.0 436543253.79735005 436543255.41787004 436543257.03839004 0.0 0.0 5394.935284465589 0.0 0.0 0.0
172.0 436543257.03839004 436543258.65891004 436543260.27943003 0.0 0.0 5394.935284465589 0.0 0.0 0.0
173.0 436543260.27943003 436543261.89995 436543263.52047 0.0 0.0 5394.935284465589 0.0 0.0 0.0
174.0 436543263.52047 436543265.14099 436543266.76151 0.0 0.0 5394.935284465589 0.0 0.0 0.0
175.0 436543266.76151 436543268.38203 436543270.00255 0.0 0.0 5394.935284465589 0.0 0.0 0.0
176.0 436543270.00255 436543271.62307 436543273.24359 0.0 0.0 5394.935284465589 0.0 0.0 0.0
177.0 436543273.24359 436543274.86411 436543276.48463 0.0 0.0 5394.935284465589 0.0 0.0 0.0
178.0 436543276.48463005 436543278.10515004 436543279.72567004 0.0 0.0 5394.935284465589 0.2666161792992331 0.0 0.0
179.0 436543279.72567004 436543281.34619004 436543282.96671003 0.0 0.0 5394.935284465589 3.1986934178724904 0.0 0.0
180.0 436543282.96671003 436543284.58723 436543286.20775 0.0 0.0 5394.935284465589 3.1986934178724904 0.0 0.0
181.0 436543286.20775 436543287.82827 436543289.44879 0.0 0.0 5394.935284465589 3.1986934178724904 0.0 0.0
182.0 436543289.44879 436543291.06931 436543292.68983 0.0 0.0 5394.935284465589 3.1986934178724904 0.0 0.0
183.0 436543292.68983 436543294.31035 436543295.93087 0.0 0.0 5394.935284465589 3.1986934178724904 0.0 0.0
184.0 436543295.93087 436543297.55139 436543299.17191 0.0 0.0 5394.935284465589 3.1986934178724904 0.0 0.0
185.0 436543299.17191005 436543300.79243004 436543302.41295004 0.0 0.0 5394.935284465589 3.1986934178724904 0.0 0.0
186.0 436543302.41295004 436543304.03347003 436543305.65399003 0.0 0.0 5394.935284465589 3.1986934178724904 0.0 0.0
187.0 436543305.65399003 436543307.27451 436543308.89503 0.0 0.0 5394.935284465589 3.1986934178724904 0.0 0.0
188.0 436543308.89503 436543310.51555 436543312.13607 0.0 0.0 5394.935284465589 3.1986934178724904 0.0 0.0
189.0 436543312.13607 436543313.75659 436543315.37711 0.0 0.0 5394.935284465589 3.1986934178724904 0.0 0.0
190.0 436543315.37711 436543316.99763 436543318.61815 0.0 0.0 5394.935284465589 3.1986934178724904 0.0 0.0
191.0 436543318.61815 436543320.23867 436543321.85919 0.0 0.0 5394.935284465589 3.1986934178724904 0.0 0.0
192.0 436543321.85919005 436543323.47971004 436543325.10023004 0.0 0.0 5394.935284465589 3.1986934178724904 0.0 0.0
193.0 436543325.10023004 436543326.72075003 436543328.34127 0.0 0.0 5394.935284465589 3.1986934178724904 0.0 0.0
194.0 436543328.34127 436543329.96179 436543331.58231 0.0 0.0 5394.935284465589 3.1986934178724904 0.0 0.0
195.0 436543331.58231 436543333.20283 436543334.82335 0.0 0.0 5394.935284465589 3.1986934178724904 0.0 0.0
196.0 436543334.82335 436543336.44387 436543338.06439 0.0 0.0 5394.935284465589 3.1986934178724904 0.0 0.0
197.0 436543338.06439 436543339.68491 436543341.30543 0.0 0.0 5394.935284465589 3.1986934178724904 0.0 0.0
198.0 436543341.30543 436543342.92595 436543344.54647 0.0 0.0 5394.935284465589 3.1986934178724904 0.0 0.0
199.0 436543344.54647005 436543346.16699004 436543347.78751004 0.0 0.0 5394.935284465589 3.1986934178724904 0.0 0.0
200.0 436543347.78751004 436543349.40803003 436543351.02855 0.0 0.0 5394.935284465589 3.1986934178724904 0.0 0.0
201.0 436543351.02855 436543352.64907 436543354.26959 0.0 0.0 5394.935284465589 3.1986934178724904 0.0 0.0
202.0 436543354.26959 436543355.89011 436543357.51063 0.0 0.0 5394.935284465589 3.1986934178724904 0.0 0.0
203.0 436543357.51063 436543359.13115 436543360.75167 0.0 0.0 5394.935284465589 3.1986934178724904 0.0 0.0
204.0 436543360.75167 436543362.37219 436543363.99271 0.0 0.0 5394.935284465589 3.1986934178724904 0.0 0.0
205.0 436543363.99271005 436543365.61323005 436543367.23375005 0.0 0.0 5394.935284465589 3.1986934178724904 0.0 0.0
206.0 436543367.23375005 436543368.85427004 436543370.47479004 0.0 0.0 5394.935284465589 3.1986934178724904 0.0 0.0
207.0 436543370.47479004 436543372.09531003 436543373.71583 0.0 0.0 5394.935284465589 3.1986934178724904 0.0 0.0
208.0 436543373.71583 436543375.33635 436543376.95687 0.0 0.0 5394.935284465589 3.1986934178724904 0.0 0.0
209.0 436543376.95687 436543378.57739 436543380.19791 0.0 0.0 5394.935284465589 3.1986934178724904 0.0 0.0
210.0 436543380.19791 436543381.81843 436543383.43895 0.0 0.0 5394.935284465589 3.1986934178724904 0.0 0.0
211.0 436543383.43895 436543385.05947 436543386.67999 1.0 1.0 5394.935284465589 3.1986934178724904 0.3126276480304631 0.3126276480304631
212.0 436543386.67999005 436543388.30051005 436543389.92103004 0.0 0.0 5394.935284465589 3.1986934178724904 0.0 0.0
213.0 436543389.92103004 436543391.54155004 436543393.16207004 0.0 0.0 5394.935284465589 3.1986934178724904 0.0 0.0
214.0 436543393.16207004 436543394.78259003 436543396.40311 0.0 0.0 5394.935284465589 3.1986934178724904 0.0 0.0
215.0 436543396.40311 436543398.02363 436543399.64415 0.0 0.0 5394.935284465589 3.1986934178724904 0.0 0.0
216.0 436543399.64415 436543401.26467 436543402.88519 0.0 0.0 5394.935284465589 3.1986934178724904 0.0 0.0
217.0 436543402.88519 436543404.50571 436543406.12623 0.0 0.0 5394.935284465589 3.1986934178724904 0.0 0.0
218.0 436543406.12623 436543407.74675 436543409.36727 0.0 0.0 5394.935284465589 3.1986934178724904 0.0 0.0
219.0 436543409.36727005 436543410.98779005 436543412.60831004 0.0 0.0 5394.935284465589 3.1986934178724904 0.0 0.0
220.0 436543412.60831004 436543414.22883004 436543415.84935004 0.0 0.0 5394.935284465589 3.1986934178724904 0.0 0.0
221.0 436543415.84935004 436543417.46987003 436543419.09039 0.0 0.0 5394.935284465589 3.1986934178724904 0.0 0.0
222.0 436543419.09039 436543420.71091 436543422.33143 0.0 0.0 5394.935284465589 3.1986934178724904 0.0 0.0
223.0 436543422.33143 436543423.95195 436543425.57247 0.0 0.0 5394.935284465589 3.1986934178724904 0.0 0.0
224.0 436543425.57247 436543427.19299 436543428.81351 0.0 0.0 5394.935284465589 3.1986934178724904 0.0 0.0
225.0 436543428.81351 436543430.43403 436543432.05455 0.0 0.0 5394.935284465589 3.1986934178724904 0.0 0.0
226.0 436543432.05455005 436543433.67507005 436543435.29559004 0.0 0.0 5394.935284465589 3.1986934178724904 0.0 0.0
227.0 436543435.29559004 436543436.91611004 436543438.53663003 0.0 0.0 5394.935284465589 3.1986934178724904 0.0 0.0
228.0 436543438.53663003 436543440.15715003 436543441.77767 0.0 0.0 5394.935284465589 3.1986934178724904 0.0 0.0
229.0 436543441.77767 436543443.39819 436543445.01871 0.0 0.0 5394.935284465589 3.1986934178724904 0.0 0.0
230.0 436543445.01871 436543446.63923 436543448.25975 1.0 1.0 5394.935284465589 3.1986934178724904 0.3126276480304631 0.3126276480304631
231.0 436543448.25975 436543449.88027 436543451.50079 0.0 0.0 5394.935284465589 3.1986934178724904 0.0 0.0
232.0 436543451.50079 436543453.12131 436543454.74183 0.0 0.0 5394.935284465589 3.1986934178724904 0.0 0.0
233.0 436543454.74183005 436543456.36235005 436543457.98287004 0.0 0.0 5394.935284465589 3.1986934178724904 0.0 0.0
234.0 436543457.98287004 436543459.60339004 436543461.22391003 0.0 0.0 5394.935284465589 3.1986934178724904 0.0 0.0
235.0 436543461.22391003 436543462.84443 436543464.46495 0.0 0.0 5394.935284465589 3.1986934178724904 0.0 0.0
236.0 436543464.46495 436543466.08547 436543467.70599 0.0 0.0 5394.935284465589 3.1986934178724904 0.0 0.0
237.0 436543467.70599 436543469.32651 436543470.94703 0.0 0.0 5394.935284465589 3.1986934178724904 0.0 0.0
238.0 436543470.94703 436543472.56755 436543474.18807 0.0 0.0 5394.935284465589 3.1986934178724904 0.0 0.0
239.0 436543474.18807 436543475.80859 436543477.42911 0.0 0.0 5394.935284465589 3.1986934178724904 0.0 0.0
240.0 436543477.42911005 436543479.04963005 436543480.67015004 0.0 0.0 5394.935284465589 3.1986934178724904 0.0 0.0
241.0 436543480.67015004 436543482.29067004 436543483.91119003 0.0 0.0 5394.935284465589 3.1986934178724904 0.0 0.0
242.0 436543483.91119003 436543485.53171 436543487.15223 0.0 0.0 5394.935284465589 3.1986934178724904 0.0 0.0
243.0 436543487.15223 436543488.77275 436543490.39327 0.0 0.0 5394.935284465589 3.1986934178724904 0.0 0.0
244.0 436543490.39327 436543492.01379 436543493.63431 0.0 0.0 5394.935284465589 3.1986934178724904 0.0 0.0
245.0 436543493.63431 436543495.25483 436543496.87535 0.0 0.0 5394.935284465589 3.1986934178724904 0.0 0.0
246.0 436543496.87535 436543498.49587 436543500.11639 1.0 1.0 5394.935284465589 3.1986934178724904 0.3126276480304631 0.3126276480304631
247.0 436543500.11639005 436543501.73691005 436543503.35743004 0.0 0.0 5394.935284465589 3.1986934178724904 0.0 0.0
248.0 436543503.35743004 436543504.97795004 436543506.59847003 0.0 0.0 5394.935284465589 3.1986934178724904 0.0 0.0
249.0 436543506.59847003 436543508.21899 436543509.83951 0.0 0.0 5394.935284465589 3.1986934178724904 0.0 0.0
250.0 436543509.83951 436543511.46003 436543513.08055 0.0 0.0 5394.935284465589 3.1986934178724904 0.0 0.0
251.0 436543513.08055 436543514.70107 436543516.32159 0.0 0.0 5394.935284465589 3.1986934178724904 0.0 0.0
252.0 436543516.32159 436543517.94211 436543519.56263 0.0 0.0 5394.935284465589 3.1986934178724904 0.0 0.0
253.0 436543519.56263 436543521.18315 436543522.80367 0.0 0.0 5394.935284465589 3.1986934178724904 0.0 0.0
254.0 436543522.80367005 436543524.42419004 436543526.04471004 0.0 0.0 5394.935284465589 3.1986934178724904 0.0 0.0
255.0 436543526.04471004 436543527.66523004 436543529.28575003 0.0 0.0 5394.935284465589 3.1986934178724904 0.0 0.0
256.0 436543529.28575003 436543530.90627 436543532.52679 0.0 0.0 5394.935284465589 3.1986934178724904 0.0 0.0
257.0 436543532.52679 436543534.14731 436543535.76783 0.0 0.0 5394.935284465589 3.1986934178724904 0.0 0.0
258.0 436543535.76783 436543537.38835 436543539.00887 0.0 0.0 5394.935284465589 3.1986934178724904 0.0 0.0
259.0 436543539.00887 436543540.62939 436543542.24991 0.0 0.0 5394.935284465589 3.1986934178724904 0.0 0.0
260.0 436543542.24991 436543543.87043 436543545.49095 0.0 0.0 5394.935284465589 3.1986934178724904 0.0 0.0
261.0 436543545.49095005 436543547.11147004 436543548.73199004 0.0 0.0 5394.935284465589 3.1986934178724904 0.0 0.0
262.0 436543548.73199004 436543550.35251004 436543551.97303003 0.0 0.0 5394.935284465589 3.1986934178724904 0.0 0.0
263.0 436543551.97303003 436543553.59355 436543555.21407 0.0 0.0 5394.935284465589 3.1986934178724904 0.0 0.0
264.0 436543555.21407 436543556.83459 436543558.45511 0.0 0.0 5394.935284465589 3.1986934178724904 0.0 0.0
265.0 436543558.45511 436543560.07563 436543561.69615 0.0 0.0 5394.935284465589 3.1986934178724904 0.0 0.0
266.0 436543561.69615 436543563.31667 436543564.93719 0.0 0.0 5394.935284465589 3.1986934178724904 0.0 0.0
267.0 436543564.93719 436543566.55771 436543568.17823 0.0 0.0 5394.935284465589 3.1986934178724904 0.0 0.0
268.0 436543568.17823005 436543569.79875004 436543571.41927004 0.0 0.0 5394.935284465589 3.1986934178724904 0.0 0.0
269.0 436543571.41927004 436543573.03979003 436543574.66031003 0.0 0.0 5394.935284465589 3.1986934178724904 0.0 0.0
270.0 436543574.66031003 436543576.28083 436543577.90135 0.0 0.0 5394.935284465589 3.1986934178724904 0.0 0.0
271.0 436543577.90135 436543579.52187 436543581.14239 0.0 0.0 5394.935284465589 3.1986934178724904 0.0 0.0
272.0 436543581.14239 436543582.76291 436543584.38343 0.0 0.0 5394.935284465589 3.1986934178724904 0.0 0.0
273.0 436543584.38343 436543586.00395 436543587.62447 0.0 0.0 5394.935284465589 3.1986934178724904 0.0 0.0
274.0 436543587.62447 436543589.24499 436543590.86551 0.0 0.0 5394.935284465589 3.1986934178724904 0.0 0.0
275.0 436543590.86551005 436543592.48603004 436543594.10655004 0.0 0.0 5394.935284465589 3.1986934178724904 0.0 0.0
276.0 436543594.10655004 436543595.72707003 436543597.34759 0.0 0.0 5394.935284465589 3.1986934178724904 0.0 0.0
277.0 436543597.34759 436543598.96811 436543600.58863 0.0 0.0 5394.935284465589 3.1986934178724904 0.0 0.0
278.0 436543600.58863 436543602.20915 436543603.82967 0.0 0.0 5394.935284465589 3.1986934178724904 0.0 0.0
279.0 436543603.82967 436543605.45019 436543607.07071 0.0 0.0 5394.935284465589 3.1986934178724904 0.0 0.0
280.0 436543607.07071 436543608.69123 436543610.31175 0.0 0.0 5394.935284465589 3.1986934178724904 0.0 0.0
281.0 436543610.31175 436543611.93227 436543613.55279 0.0 0.0 5394.935284465589 3.1986934178724904 0.0 0.0
282.0 436543613.55279005 436543615.17331004 436543616.79383004 0.0 0.0 5394.935284465589 3.1986934178724904 0.0 0.0
283.0 436543616.79383004 436543618.41435003 436543620.03487 0.0 0.0 5394.935284465589 3.1986934178724904 0.0 0.0
284.0 436543620.03487 436543621.65539 436543623.27591 0.0 0.0 5394.935284465589 3.1986934178724904 0.0 0.0
285.0 436543623.27591 436543624.89643 436543626.51695 0.0 0.0 5394.935284465589 3.1986934178724904 0.0 0.0
286.0 436543626.51695 436543628.13747 436543629.75799 0.0 0.0 5394.935284465589 3.1986934178724904 0.0 0.0
287.0 436543629.75799 436543631.37851 436543632.99903 0.0 0.0 5394.935284465589 3.1986934178724904 0.0 0.0
288.0 436543632.99903005 436543634.61955005 436543636.24007004 0.0 0.0 5394.935284465589 3.1986934178724904 0.0 0.0
289.0 436543636.24007004 436543637.86059004 436543639.48111004 0.0 0.0 5394.935284465589 3.1986934178724904 0.0 0.0
290.0 436543639.48111004 436543641.10163003 436543642.72215 0.0 0.0 5394.935284465589 3.1986934178724904 0.0 0.0
291.0 436543642.72215 436543644.34267 436543645.96319 0.0 0.0 5394.935284465589 3.1986934178724904 0.0 0.0
292.0 436543645.96319 436543647.58371 436543649.20423 0.0 0.0 5394.935284465589 3.1986934178724904 0.0 0.0
293.0 436543649.20423 436543650.82475 436543652.44527 0.0 0.0 5394.935284465589 3.1986934178724904 0.0 0.0
294.0 436543652.44527 436543654.06579 436543655.68631 0.0 0.0 5394.935284465589 3.1986934178724904 0.0 0.0
295.0 436543655.68631005 436543657.30683005 436543658.92735004 0.0 0.0 5394.935284465589 3.1986934178724904 0.0 0.0
296.0 436543658.92735004 436543660.54787004 436543662.16839004 0.0 0.0 5394.935284465589 3.1986934178724904 0.0 0.0
297.0 436543662.16839004 436543663.78891003 436543665.40943 0.0 0.0 5394.935284465589 3.1986934178724904 0.0 0.0
298.0 436543665.40943 436543667.02995 436543668.65047 0.0 0.0 5394.935284465589 3.1986934178724904 0.0 0.0
299.0 436543668.65047 436543670.27099 436543671.89151 0.0 0.0 5394.935284465589 3.1986934178724904 0.0 0.0
300.0 436543671.89151 436543673.51203 436543675.13255 0.0 0.0 5394.935284465589 3.1986934178724904 0.0 0.0
301.0 436543675.13255 436543676.75307 436543678.37359 0.0 0.0 5394.935284465589 3.1986934178724904 0.0 0.0
302.0 436543678.37359005 436543679.99411005 436543681.61463004 0.0 0.0 5394.935284465589 3.1986934178724904 0.0 0.0
303.0 436543681.61463004 436543683.23515004 436543684.85567003 0.0 0.0 5394.935284465589 3.1986934178724904 0.0 0.0
304.0 436543684.85567003 436543686.47619003 436543688.09671 1.0 1.0 5394.935284465589 3.1986934178724904 0.3126276480304631 0.3126276480304631
305.0 436543688.09671 436543689.71723 436543691.33775 0.0 0.0 5394.935284465589 3.1986934178724904 0.0 0.0
306.0 436543691.33775 436543692.95827 436543694.57879 0.0 0.0 5394.935284465589 3.1986934178724904 0.0 0.0
307.0 436543694.57879 436543696.19931 436543697.81983 0.0 0.0 5394.935284465589 3.1986934178724904 0.0 0.0
308.0 436543697.81983 436543699.44035 436543701.06087 0.0 0.0 5394.935284465589 3.1986934178724904 0.0 0.0
309.0 436543701.06087005 436543702.68139005 436543704.30191004 0.0 0.0 5394.935284465589 3.1986934178724904 0.0 0.0
310.0 436543704.30191004 436543705.92243004 436543707.54295003 0.0 0.0 5394.935284465589 3.1986934178724904 0.0 0.0
311.0 436543707.54295003 436543709.16347003 436543710.78399 0.0 0.0 5394.935284465589 3.1986934178724904 0.0 0.0
312.0 436543710.78399 436543712.40451 436543714.02503 0.0 0.0 5394.935284465589 3.1986934178724904 0.0 0.0
313.0 436543714.02503 436543715.64555 436543717.26607 0.0 0.0 5394.935284465589 3.1986934178724904 0.0 0.0
314.0 436543717.26607 436543718.88659 436543720.50711 0.0 0.0 5394.935284465589 3.1986934178724904 0.0 0.0
315.0 436543720.50711 436543722.12763 436543723.74815 0.0 0.0 5394.935284465589 3.1986934178724904 0.0 0.0
316.0 436543723.74815005 436543725.36867005 436543726.98919004 0.0 0.0 5394.935284465589 3.1986934178724904 0.0 0.0
317.0 436543726.98919004 436543728.60971004 436543730.23023003 0.0 0.0 5394.935284465589 3.1986934178724904 0.0 0.0
318.0 436543730.23023003 436543731.85075 436543733.47127 0.0 0.0 5394.935284465589 3.1986934178724904 0.0 0.0
319.0 436543733.47127 436543735.09179 436543736.71231 0.0 0.0 5394.935284465589 3.1986934178724904 0.0 0.0
320.0 436543736.71231 436543738.33283 436543739.95335 0.0 0.0 5394.935284465589 3.1986934178724904 0.0 0.0
321.0 436543739.95335 436543741.57387 436543743.19439 0.0 0.0 5394.935284465589 3.1986934178724904 0.0 0.0
322.0 436543743.19439 436543744.81491 436543746.43543 0.0 0.0 5394.935284465589 3.1986934178724904 0.0 0.0
323.0 436543746.43543005 436543748.05595005 436543749.67647004 0.0 0.0 5394.935284465589 3.1986934178724904 0.0 0.0
324.0 436543749.67647004 436543751.29699004 436543752.91751003 0.0 0.0 5394.935284465589 3.1986934178724904 0.0 0.0
325.0 436543752.91751003 436543754.53803 436543756.15855 0.0 0.0 5394.935284465589 3.1986934178724904 0.0 0.0
326.0 436543756.15855 436543757.77907 436543759.39959 0.0 0.0 5394.935284465589 3.1986934178724904 0.0 0.0
327.0 436543759.39959 436543761.02011 436543762.64063 1.0 1.0 5394.935284465589 3.1986934178724904 0.3126276480304631 0.3126276480304631
328.0 436543762.64063 436543764.26115 436543765.88167 0.0 0.0 5394.935284465589 3.1986934178724904 0.0 0.0
329.0 436543765.88167 436543767.50219 436543769.12271 0.0 0.0 5394.935284465589 3.1986934178724904 0.0 0.0
330.0 436543769.12271005 436543770.74323004 436543772.36375004 0.0 0.0 5394.935284465589 3.1986934178724904 0.0 0.0
331.0 436543772.36375004 436543773.98427004 436543775.60479003 0.0 0.0 5394.935284465589 3.1986934178724904 0.0 0.0
332.0 436543775.60479003 436543777.22531 436543778.84583 0.0 0.0 5394.935284465589 3.1986934178724904 0.0 0.0
333.0 436543778.84583 436543780.46635 436543782.08687 0.0 0.0 5394.935284465589 3.1986934178724904 0.0 0.0
334.0 436543782.08687 436543783.70739 436543785.32791 0.0 0.0 5394.935284465589 3.1986934178724904 0.0 0.0
335.0 436543785.32791 436543786.94843 436543788.56895 0.0 0.0 5394.935284465589 3.1986934178724904 0.0 0.0
336.0 436543788.56895 436543790.18947 436543791.80999 0.0 0.0 5394.935284465589 3.1986934178724904 0.0 0.0
337.0 436543791.80999005 436543793.43051004 436543795.05103004 0.0 0.0 5394.935284465589 3.1986934178724904 0.0 0.0
338.0 436543795.05103004 436543796.67155004 436543798.29207003 0.0 0.0 5394.935284465589 3.1986934178724904 0.0 0.0
339.0 436543798.29207003 436543799.91259 436543801.53311 1.0 1.0 5394.935284465589 3.1986934178724904 0.3126276480304631 0.3126276480304631
340.0 436543801.53311 436543803.15363 436543804.77415 0.0 0.0 5394.935284465589 3.1986934178724904 0.0 0.0
341.0 436543804.77415 436543806.39467 436543808.01519 0.0 0.0 5394.935284465589 3.1986934178724904 0.0 0.0
342.0 436543808.01519 436543809.63571 436543811.25623 0.0 0.0 5394.935284465589 3.1986934178724904 0.0 0.0
343.0 436543811.25623 436543812.87675 436543814.49727 0.0 0.0 5394.935284465589 3.1986934178724904 0.0 0.0
344.0 436543814.49727005 436543816.11779004 436543817.73831004 0.0 0.0 5394.935284465589 3.1986934178724904 0.0 0.0
345.0 436543817.73831004 436543819.35883003 436543820.97935003 0.0 0.0 5394.935284465589 3.1986934178724904 0.0 0.0
346.0 436543820.97935003 436543822.59987 436543824.22039 0.0 0.0 5394.935284465589 3.1986934178724904 0.0 0.0
347.0 436543824.22039 436543825.84091 436543827.46143 0.0 0.0 5394.935284465589 3.1986934178724904 0.0 0.0
348.0 436543827.46143 436543829.08195 436543830.70247 0.0 0.0 5394.935284465589 3.1986934178724904 0.0 0.0
349.0 436543830.70247 436543832.32299 436543833.94351 0.0 0.0 5394.935284465589 3.1986934178724904 0.0 0.0
350.0 436543833.94351 436543835.56403 436543837.18455 0.0 0.0 5394.935284465589 3.1986934178724904 0.0 0.0
351.0 436543837.18455005 436543838.80507004 436543840.42559004 0.0 0.0 5394.935284465589 3.1986934178724904 0.0 0.0
352.0 436543840.42559004 436543842.04611003 436543843.66663 0.0 0.0 5394.935284465589 3.1986934178724904 0.0 0.0
353.0 436543843.66663 436543845.28715 436543846.90767 0.0 0.0 5394.935284465589 3.1986934178724904 0.0 0.0
354.0 436543846.90767 436543848.52819 436543850.14871 1.0 1.0 5394.935284465589 3.1986934178724904 0.3126276480304631 0.3126276480304631
355.0 436543850.14871 436543851.76923 436543853.38975 0.0 0.0 5394.935284465589 3.1986934178724904 0.0 0.0
356.0 436543853.38975 436543855.01027 436543856.63079 0.0 0.0 5394.935284465589 3.1986934178724904 0.0 0.0
357.0 436543856.63079 436543858.25131 436543859.87183 0.0 0.0 5394.935284465589 3.1986934178724904 0.0 0.0
358.0 436543859.87183005 436543861.49235004 436543863.11287004 0.0 0.0 5394.935284465589 3.1986934178724904 0.0 0.0
359.0 436543863.11287004 436543864.73339003 436543866.35391 0.0 0.0 5394.935284465589 3.1986934178724904 0.0 0.0
360.0 436543866.35391 436543867.97443 436543869.59495 0.0 0.0 5394.935284465589 3.1986934178724904 0.0 0.0
361.0 436543869.59495 436543871.21547 436543872.83599 0.0 0.0 5394.935284465589 3.1986934178724904 0.0 0.0
362.0 436543872.83599 436543874.45651 436543876.07703 0.0 0.0 5394.935284465589 3.1986934178724904 0.0 0.0
363.0 436543876.07703 436543877.69755 436543879.31807 0.0 0.0 5394.935284465589 3.1986934178724904 0.0 0.0
364.0 436543879.31807005 436543880.93859005 436543882.55911005 0.0 0.0 5394.935284465589 3.1986934178724904 0.0 0.0
365.0 436543882.55911005 436543884.17963004 436543885.80015004 0.0 0.0 5394.935284465589 3.1986934178724904 0.0 0.0
366.0 436543885.80015004 436543887.42067003 436543889.04119 0.0 0.0 5394.935284465589 3.1986934178724904 0.0 0.0
367.0 436543889.04119 436543890.66171 436543892.28223 0.0 0.0 5394.935284465589 3.1986934178724904 0.0 0.0
368.0 436543892.28223 436543893.90275 436543895.52327 0.0 0.0 5394.935284465589 3.1986934178724904 0.0 0.0
369.0 436543895.52327 436543897.14379 436543898.76431 0.0 0.0 5394.935284465589 3.1986934178724904 0.0 0.0
370.0 436543898.76431 436543900.38483 436543902.00535 0.0 0.0 5394.935284465589 3.1986934178724904 0.0 0.0
371.0 436543902.00535005 436543903.62587005 436543905.24639004 0.0 0.0 5394.935284465589 3.1986934178724904 0.0 0.0
372.0 436543905.24639004 436543906.86691004 436543908.48743004 0.0 0.0 5394.935284465589 3.1986934178724904 0.0 0.0
373.0 436543908.48743004 436543910.10795003 436543911.72847 0.0 0.0 5394.935284465589 3.1986934178724904 0.0 0.0
374.0 436543911.72847 436543913.34899 436543914.96951 0.0 0.0 5394.935284465589 3.1986934178724904 0.0 0.0
375.0 436543914.96951 436543916.59003 436543918.21055 0.0 0.0 5394.935284465589 3.1986934178724904 0.0 0.0
376.0 436543918.21055 436543919.83107 436543921.45159 0.0 0.0 5394.935284465589 3.1986934178724904 0.0 0.0
377.0 436543921.45159 436543923.07211 436543924.69263 0.0 0.0 5394.935284465589 3.1986934178724904 0.0 0.0
378.0 436543924.69263005 436543926.31315005 436543927.93367004 0.0 0.0 5394.935284465589 3.1986934178724904 0.0 0.0
379.0 436543927.93367004 436543929.55419004 436543931.17471004 0.0 0.0 5394.935284465589 3.1986934178724904 0.0 0.0
380.0 436543931.17471004 436543932.79523003 436543934.41575 0.0 0.0 5394.935284465589 3.1986934178724904 0.0 0.0
381.0 436543934.41575 436543936.03627 436543937.65679 0.0 0.0 5394.935284465589 3.1986934178724904 0.0 0.0
382.0 436543937.65679 436543939.27731 436543940.89783 0.0 0.0 5394.935284465589 3.1986934178724904 0.0 0.0
383.0 436543940.89783 436543942.51835 436543944.13887 0.0 0.0 5394.935284465589 3.1986934178724904 0.0 0.0
384.0 436543944.13887 436543945.75939 436543947.37991 0.0 0.0 5394.935284465589 3.1986934178724904 0.0 0.0
385.0 436543947.37991005 436543949.00043005 436543950.62095004 0.0 0.0 5394.935284465589 3.1986934178724904 0.0 0.0
386.0 436543950.62095004 436543952.24147004 436543953.86199003 0.0 0.0 5394.935284465589 3.1986934178724904 0.0 0.0
387.0 436543953.86199003 436543955.48251003 436543957.10303 0.0 0.0 5394.935284465589 3.1986934178724904 0.0 0.0
388.0 436543957.10303 436543958.72355 436543960.34407 0.0 0.0 5394.935284465589 3.1986934178724904 0.0 0.0
389.0 436543960.34407 436543961.96459 436543963.58511 0.0 0.0 5394.935284465589 3.1986934178724904 0.0 0.0
390.0 436543963.58511 436543965.20563 436543966.82615 0.0 0.0 5394.935284465589 3.1986934178724904 0.0 0.0
391.0 436543966.82615 436543968.44667 436543970.06719 0.0 0.0 5394.935284465589 3.1986934178724904 0.0 0.0
392.0 436543970.06719005 436543971.68771005 436543973.30823004 0.0 0.0 5394.935284465589 3.1986934178724904 0.0 0.0
393.0 436543973.30823004 436543974.92875004 436543976.54927003 0.0 0.0 5394.935284465589 3.1986934178724904 0.0 0.0
394.0 436543976.54927003 436543978.16979 436543979.79031 0.0 0.0 5394.935284465589 3.1986934178724904 0.0 0.0
395.0 436543979.79031 436543981.41083 436543983.03135 0.0 0.0 5394.935284465589 3.1986934178724904 0.0 0.0
396.0 436543983.03135 436543984.65187 436543986.27239 0.0 0.0 5394.935284465589 3.1986934178724904 0.0 0.0
397.0 436543986.27239 436543987.89291 436543989.51343 0.0 0.0 5394.935284465589 3.1986934178724904 0.0 0.0
398.0 436543989.51343 436543991.13395 436543992.75447 0.0 0.0 5394.935284465589 3.1986934178724904 0.0 0.0
399.0 436543992.75447005 436543994.37499005 436543995.99551004 0.0 0.0 5394.935284465589 3.1986934178724904 0.0 0.0
400.0 436543995.99551004 436543997.61603004 436543999.23655003 0.0 0.0 5394.935284465589 3.1986934178724904 0.0 0.0
401.0 436543999.23655003 436544000.85707 436544002.47759 0.0 0.0 5394.935284465589 3.1986934178724904 0.0 0.0
402.0 436544002.47759 436544004.09811 436544005.71863 0.0 0.0 5394.935284465589 3.1986934178724904 0.0 0.0
403.0 436544005.71863 436544007.33915 436544008.95967 0.0 0.0 5394.935284465589 3.1986934178724904 0.0 0.0
404.0 436544008.95967 436544010.58019 436544012.20071 0.0 0.0 5394.935284465589 3.1986934178724904 0.0 0.0
405.0 436544012.20071 436544013.82123 436544015.44175 0.0 0.0 5394.935284465589 3.1986934178724904 0.0 0.0
406.0 436544015.44175005 436544017.06227005 436544018.68279004 0.0 0.0 5394.935284465589 3.1986934178724904 0.0 0.0
407.0 436544018.68279004 436544020.30331004 436544021.92383003 0.0 0.0 5394.935284465589 3.1986934178724904 0.0 0.0
408.0 436544021.92383003 436544023.54435 436544025.16487 0.0 0.0 5394.935284465589 3.1986934178724904 0.0 0.0
409.0 436544025.16487 436544026.78539 436544028.40591 0.0 0.0 5394.935284465589 3.1986934178724904 0.0 0.0
410.0 436544028.40591 436544030.02643 436544031.64695 0.0 0.0 5394.935284465589 3.1986934178724904 0.0 0.0
411.0 436544031.64695 436544033.26747 436544034.88799 0.0 0.0 5394.935284465589 3.1986934178724904 0.0 0.0
412.0 436544034.88799 436544036.50851 436544038.12903 0.0 0.0 5394.935284465589 3.1986934178724904 0.0 0.0
413.0 436544038.12903005 436544039.74955004 436544041.37007004 0.0 0.0 5394.935284465589 3.1986934178724904 0.0 0.0
414.0 436544041.37007004 436544042.99059004 436544044.61111003 0.0 0.0 5394.935284465589 3.1986934178724904 0.0 0.0
415.0 436544044.61111003 436544046.23163 436544047.85215 0.0 0.0 5394.935284465589 3.1986934178724904 0.0 0.0
416.0 436544047.85215 436544049.47267 436544051.09319 0.0 0.0 5394.935284465589 3.1986934178724904 0.0 0.0
417.0 436544051.09319 436544052.71371 436544054.33423 0.0 0.0 5394.935284465589 3.1986934178724904 0.0 0.0
418.0 436544054.33423 436544055.95475 436544057.57527 0.0 0.0 5394.935284465589 3.1986934178724904 0.0 0.0
419.0 436544057.57527 436544059.19579 436544060.81631 0.0 0.0 5394.935284465589 3.1986934178724904 0.0 0.0
420.0 436544060.81631005 436544062.43683004 436544064.05735004 0.0 0.0 5394.935284465589 3.1986934178724904 0.0 0.0
421.0 436544064.05735004 436544065.67787004 436544067.29839003 0.0 0.0 5394.935284465589 3.1986934178724904 0.0 0.0
422.0 436544067.29839003 436544068.91891 436544070.53943 0.0 0.0 5394.935284465589 3.1986934178724904 0.0 0.0
423.0 436544070.53943 436544072.15995 436544073.78047 0.0 0.0 5394.935284465589 3.1986934178724904 0.0 0.0
424.0 436544073.78047 436544075.40099 436544077.02151 0.0 0.0 5394.935284465589 3.1986934178724904 0.0 0.0
425.0 436544077.02151 436544078.64203 436544080.26255 0.0 0.0 5394.935284465589 3.1986934178724904 0.0 0.0
426.0 436544080.26255 436544081.88307 436544083.50359 0.0 0.0 5394.935284465589 3.1986934178724904 0.0 0.0
427.0 436544083.50359005 436544085.12411004 436544086.74463004 0.0 0.0 5394.935284465589 3.1986934178724904 0.0 0.0
428.0 436544086.74463004 436544088.36515003 436544089.98567003 0.0 0.0 5394.935284465589 3.1986934178724904 0.0 0.0
429.0 436544089.98567003 436544091.60619 436544093.22671 0.0 0.0 5394.935284465589 3.1986934178724904 0.0 0.0
430.0 436544093.22671 436544094.84723 436544096.46775 0.0 0.0 5394.935284465589 3.1986934178724904 0.0 0.0
431.0 436544096.46775 436544098.08827 436544099.70879 0.0 0.0 5394.935284465589 3.1986934178724904 0.0 0.0
432.0 436544099.70879 436544101.32931 436544102.94983 0.0 0.0 5394.935284465589 3.1986934178724904 0.0 0.0
433.0 436544102.94983 436544104.57035 436544106.19087 0.0 0.0 5394.935284465589 3.1986934178724904 0.0 0.0
434.0 436544106.19087005 436544107.81139004 436544109.43191004 0.0 0.0 5394.935284465589 3.1986934178724904 0.0 0.0
435.0 436544109.43191004 436544111.05243003 436544112.67295 0.0 0.0 5394.935284465589 3.1986934178724904 0.0 0.0
436.0 436544112.67295 436544114.29347 436544115.91399 0.0 0.0 5394.935284465589 3.1986934178724904 0.0 0.0
437.0 436544115.91399 436544117.53451 436544119.15503 0.0 0.0 5394.935284465589 3.1986934178724904 0.0 0.0
438.0 436544119.15503 436544120.77555 436544122.39607 0.0 0.0 5394.935284465589 3.1986934178724904 0.0 0.0
439.0 436544122.39607 436544124.01659 436544125.63711 0.0 0.0 5394.935284465589 3.1986934178724904 0.0 0.0
440.0 436544125.63711 436544127.25763 436544128.87815 0.0 0.0 5394.935284465589 3.1986934178724904 0.0 0.0
441.0 436544128.87815005 436544130.49867004 436544132.11919004 0.0 0.0 5394.935284465589 3.1986934178724904 0.0 0.0
442.0 436544132.11919004 436544133.73971003 436544135.36023 0.0 0.0 5394.935284465589 3.1986934178724904 0.0 0.0
443.0 436544135.36023 436544136.98075 436544138.60127 0.0 0.0 5394.935284465589 3.1986934178724904 0.0 0.0
444.0 436544138.60127 436544140.22179 436544141.84231 0.0 0.0 5394.935284465589 3.1986934178724904 0.0 0.0
445.0 436544141.84231 436544143.46283 436544145.08335 0.0 0.0 5394.935284465589 3.1986934178724904 0.0 0.0
446.0 436544145.08335 436544146.70387 436544148.32439 0.0 0.0 5394.935284465589 3.1986934178724904 0.0 0.0
447.0 436544148.32439005 436544149.94491005 436544151.56543005 0.0 0.0 5394.935284465589 3.1986934178724904 0.0 0.0
448.0 436544151.56543005 436544153.18595004 436544154.80647004 0.0 0.0 5394.935284465589 3.1986934178724904 0.0 0.0
449.0 436544154.80647004 436544156.42699003 436544158.04751 0.0 0.0 5394.935284465589 3.1986934178724904 0.0 0.0
450.0 436544158.04751 436544159.66803 436544161.28855 0.0 0.0 5394.935284465589 3.1986934178724904 0.0 0.0
451.0 436544161.28855 436544162.90907 436544164.52959 0.0 0.0 5394.935284465589 3.1986934178724904 0.0 0.0
452.0 436544164.52959 436544166.15011 436544167.77063 0.0 0.0 5394.935284465589 3.1986934178724904 0.0 0.0
453.0 436544167.77063 436544169.39115 436544171.01167 0.0 0.0 5394.935284465589 3.1986934178724904 0.0 0.0
454.0 436544171.01167005 436544172.63219005 436544174.25271004 0.0 0.0 5394.935284465589 3.1986934178724904 0.0 0.0
455.0 436544174.25271004 436544175.87323004 436544177.49375004 0.0 0.0 5394.935284465589 3.1986934178724904 0.0 0.0
456.0 436544177.49375004 436544179.11427003 436544180.73479 0.0 0.0 5394.935284465589 3.1986934178724904 0.0 0.0
457.0 436544180.73479 436544182.35531 436544183.97583 0.0 0.0 5394.935284465589 3.1986934178724904 0.0 0.0
458.0 436544183.97583 436544185.59635 436544187.21687 0.0 0.0 5394.935284465589 3.1986934178724904 0.0 0.0
459.0 436544187.21687 436544188.83739 436544190.45791 0.0 0.0 5394.935284465589 3.1986934178724904 0.0 0.0
460.0 436544190.45791 436544192.07843 436544193.69895 0.0 0.0 5394.935284465589 3.1986934178724904 0.0 0.0
461.0 436544193.69895005 436544195.31947005 436544196.93999004 0.0 0.0 5394.935284465589 3.1986934178724904 0.0 0.0
462.0 436544196.93999004 436544198.56051004 436544200.18103004 0.0 0.0 5394.935284465589 3.1986934178724904 0.0 0.0
463.0 436544200.18103004 436544201.80155003 436544203.42207 0.0 0.0 5394.935284465589 3.1986934178724904 0.0 0.0
464.0 436544203.42207 436544205.04259 436544206.66311 0.0 0.0 5394.935284465589 3.1986934178724904 0.0 0.0
465.0 436544206.66311 436544208.28363 436544209.90415 0.0 0.0 5394.935284465589 3.1986934178724904 0.0 0.0
466.0 436544209.90415 436544211.52467 436544213.14519 0.0 0.0 5394.935284465589 3.1986934178724904 0.0 0.0
467.0 436544213.14519 436544214.76571 436544216.38623 0.0 0.0 5394.935284465589 3.1986934178724904 0.0 0.0
468.0 436544216.38623005 436544218.00675005 436544219.62727004 0.0 0.0 5394.935284465589 3.1986934178724904 0.0 0.0
469.0 436544219.62727004 436544221.24779004 436544222.86831003 0.0 0.0 5394.935284465589 3.1986934178724904 0.0 0.0
470.0 436544222.86831003 436544224.48883003 436544226.10935 0.0 0.0 5394.935284465589 3.1986934178724904 0.0 0.0
471.0 436544226.10935 436544227.72987 436544229.35039 0.0 0.0 5394.935284465589 3.1986934178724904 0.0 0.0
472.0 436544229.35039 436544230.97091 436544232.59143 0.0 0.0 5394.935284465589 3.1986934178724904 0.0 0.0
473.0 436544232.59143 436544234.21195 436544235.83247 0.0 0.0 5394.935284465589 3.1986934178724904 0.0 0.0
474.0 436544235.83247 436544237.45299 436544239.07351 0.0 0.0 5394.935284465589 3.1986934178724904 0.0 0.0
475.0 436544239.07351005 436544240.69403005 436544242.31455004 0.0 0.0 5394.935284465589 3.1986934178724904 0.0 0.0
476.0 436544242.31455004 436544243.93507004 436544245.55559003 0.0 0.0 5394.935284465589 3.1986934178724904 0.0 0.0
477.0 436544245.55559003 436544247.17611 436544248.79663 0.0 0.0 5394.935284465589 3.1986934178724904 0.0 0.0
478.0 436544248.79663 436544250.41715 436544252.03767 0.0 0.0 5394.935284465589 3.1986934178724904 0.0 0.0
479.0 436544252.03767 436544253.65819 436544255.27871 0.0 0.0 5394.935284465589 3.1986934178724904 0.0 0.0
480.0 436544255.27871 436544256.89923 436544258.51975 0.0 0.0 5394.935284465589 3.1986934178724904 0.0 0.0
481.0 436544258.51975 436544260.14027 436544261.76079 0.0 0.0 5394.935284465589 3.1986934178724904 0.0 0.0
482.0 436544261.76079005 436544263.38131005 436544265.00183004 0.0 0.0 5394.935284465589 3.1986934178724904 0.0 0.0
483.0 436544265.00183004 436544266.62235004 436544268.24287003 1.0 1.0 5394.935284465589 3.1986934178724904 0.3126276480304631 0.3126276480304631
484.0 436544268.24287003 436544269.86339 436544271.48391 0.0 0.0 5394.935284465589 3.1986934178724904 0.0 0.0
485.0 436544271.48391 436544273.10443 436544274.72495 0.0 0.0 5394.935284465589 3.1986934178724904 0.0 0.0
486.0 436544274.72495 436544276.34547 436544277.96599 0.0 0.0 5394.935284465589 3.1986934178724904 0.0 0.0
487.0 436544277.96599 436544279.58651 436544281.20703 0.0 0.0 5394.935284465589 3.1986934178724904 0.0 0.0
488.0 436544281.20703 436544282.82755 436544284.44807 0.0 0.0 5394.935284465589 3.1986934178724904 0.0 0.0
489.0 436544284.44807005 436544286.06859004 436544287.68911004 0.0 0.0 5394.935284465589 3.1986934178724904 0.0 0.0
490.0 436544287.68911004 436544289.30963004 436544290.93015003 0.0 0.0 5394.935284465589 3.1986934178724904 0.0 0.0
491.0 436544290.93015003 436544292.55067 436544294.17119 0.0 0.0 5394.935284465589 3.1986934178724904 0.0 0.0
492.0 436544294.17119 436544295.79171 436544297.41223 0.0 0.0 5394.935284465589 3.1986934178724904 0.0 0.0
493.0 436544297.41223 436544299.03275 436544300.65327 0.0 0.0 5394.935284465589 3.1986934178724904 0.0 0.0
494.0 436544300.65327 436544302.27379 436544303.89431 0.0 0.0 5394.935284465589 3.1986934178724904 0.0 0.0
495.0 436544303.89431 436544305.51483 436544307.13535 0.0 0.0 5394.935284465589 3.1986934178724904 0.0 0.0
496.0 436544307.13535005 436544308.75587004 436544310.37639004 0.0 0.0 5394.935284465589 3.1986934178724904 0.0 0.0
497.0 436544310.37639004 436544311.99691004 436544313.61743003 0.0 0.0 5394.935284465589 3.1986934178724904 0.0 0.0
498.0 436544313.61743003 436544315.23795 436544316.85847 0.0 0.0 5394.935284465589 3.1986934178724904 0.0 0.0
499.0 436544316.85847 436544318.47899 436544320.09951 0.0 0.0 5394.935284465589 3.1986934178724904 0.0 0.0
500.0 436544320.09951 436544321.72003 436544323.34055 0.0 0.0 5394.935284465589 3.1986934178724904 0.0 0.0
501.0 436544323.34055 436544324.96107 436544326.58159 0.0 0.0 5394.935284465589 3.1986934178724904 0.0 0.0
502.0 436544326.58159 436544328.20211 436544329.82263 0.0 0.0 5394.935284465589 3.1986934178724904 0.0 0.0
503.0 436544329.82263005 436544331.44315004 436544333.06367004 0.0 0.0 5394.935284465589 3.1986934178724904 0.0 0.0
504.0 436544333.06367004 436544334.68419003 436544336.30471003 0.0 0.0 5394.935284465589 3.1986934178724904 0.0 0.0
505.0 436544336.30471003 436544337.92523 436544339.54575 0.0 0.0 5394.935284465589 3.1986934178724904 0.0 0.0
506.0 436544339.54575 436544341.16627 436544342.78679 0.0 0.0 5394.935284465589 3.1986934178724904 0.0 0.0
507.0 436544342.78679 436544344.40731 436544346.02783 0.0 0.0 5394.935284465589 3.1986934178724904 0.0 0.0
508.0 436544346.02783 436544347.64835 436544349.26887 0.0 0.0 5394.935284465589 3.1986934178724904 0.0 0.0
509.0 436544349.26887 436544350.88939 436544352.50991 0.0 0.0 5394.935284465589 3.1986934178724904 0.0 0.0
510.0 436544352.50991005 436544354.13043004 436544355.75095004 0.0 0.0 5394.935284465589 3.1986934178724904 0.0 0.0
511.0 436544355.75095004 436544357.37147003 436544358.99199003 0.0 0.0 5394.935284465589 3.1986934178724904 0.0 0.0
512.0 436544358.99199003 436544360.61251 436544362.23303 0.0 0.0 5394.935284465589 3.1986934178724904 0.0 0.0
513.0 436544362.23303 436544363.85355 436544365.47407 0.0 0.0 5394.935284465589 3.1986934178724904 0.0 0.0
514.0 436544365.47407 436544367.09459 436544368.71511 0.0 0.0 5394.935284465589 3.1986934178724904 0.0 0.0
515.0 436544368.71511 436544370.33563 436544371.95615 0.0 0.0 5394.935284465589 3.1986934178724904 0.0 0.0
516.0 436544371.95615 436544373.57667 436544375.19719 0.0 0.0 5394.935284465589 3.1986934178724904 0.0 0.0
517.0 436544375.19719005 436544376.81771004 436544378.43823004 0.0 0.0 5394.935284465589 3.1986934178724904 0.0 0.0
518.0 436544378.43823004 436544380.05875003 436544381.67927 0.0 0.0 5394.935284465589 3.1986934178724904 0.0 0.0
519.0 436544381.67927 436544383.29979 436544384.92031 0.0 0.0 5394.935284465589 3.1986934178724904 0.0 0.0
520.0 436544384.92031 436544386.54083 436544388.16135 0.0 0.0 5394.935284465589 3.1986934178724904 0.0 0.0
521.0 436544388.16135 436544389.78187 436544391.40239 0.0 0.0 5394.935284465589 3.1986934178724904 0.0 0.0
522.0 436544391.40239 436544393.02291 436544394.64343 0.0 0.0 5394.935284465589 3.1986934178724904 0.0 0.0
523.0 436544394.64343005 436544396.26395005 436544397.88447005 0.0 0.0 5394.935284465589 3.1986934178724904 0.0 0.0
524.0 436544397.88447005 436544399.50499004 436544401.12551004 0.0 0.0 5394.935284465589 3.1986934178724904 0.0 0.0
525.0 436544401.12551004 436544402.74603003 436544404.36655 0.0 0.0 5394.935284465589 3.1986934178724904 0.0 0.0
526.0 436544404.36655 436544405.98707 436544407.60759 0.0 0.0 5394.935284465589 3.1986934178724904 0.0 0.0
527.0 436544407.60759 436544409.22811 436544410.84863 0.0 0.0 5394.935284465589 3.1986934178724904 0.0 0.0
528.0 436544410.84863 436544412.46915 436544414.08967 0.0 0.0 5394.935284465589 3.1986934178724904 0.0 0.0
529.0 436544414.08967 436544415.71019 436544417.33071 0.0 0.0 5394.935284465589 3.1986934178724904 0.0 0.0
530.0 436544417.33071005 436544418.95123005 436544420.57175004 0.0 0.0 5394.935284465589 3.1986934178724904 0.0 0.0
531.0 436544420.57175004 436544422.19227004 436544423.81279004 0.0 0.0 5394.935284465589 3.1986934178724904 0.0 0.0
532.0 436544423.81279004 436544425.43331003 436544427.05383 0.0 0.0 5394.935284465589 3.1986934178724904 0.0 0.0
533.0 436544427.05383 436544428.67435 436544430.29487 0.0 0.0 5394.935284465589 3.1986934178724904 0.0 0.0
534.0 436544430.29487 436544431.91539 436544433.53591 0.0 0.0 5394.935284465589 3.1986934178724904 0.0 0.0
535.0 436544433.53591 436544435.15643 436544436.77695 0.0 0.0 5394.935284465589 3.1986934178724904 0.0 0.0
536.0 436544436.77695 436544438.39747 436544440.01799 0.0 0.0 5394.935284465589 3.1986934178724904 0.0 0.0
537.0 436544440.01799005 436544441.63851005 436544443.25903004 0.0 0.0 5394.935284465589 3.1986934178724904 0.0 0.0
538.0 436544443.25903004 436544444.87955004 436544446.50007004 0.0 0.0 5394.935284465589 3.1986934178724904 0.0 0.0
539.0 436544446.50007004 436544448.12059003 436544449.74111 0.0 0.0 5394.935284465589 3.1986934178724904 0.0 0.0
540.0 436544449.74111 436544451.36163 436544452.98215 0.0 0.0 5394.935284465589 3.1986934178724904 0.0 0.0
541.0 436544452.98215 436544454.60267 436544456.22319 1.0 1.0 5394.935284465589 3.1986934178724904 0.3126276480304631 0.3126276480304631
542.0 436544456.22319 436544457.84371 436544459.46423 0.0 0.0 5394.935284465589 3.1986934178724904 0.0 0.0
543.0 436544459.46423 436544461.08475 436544462.70527 0.0 0.0 5394.935284465589 3.1986934178724904 0.0 0.0
544.0 436544462.70527005 436544464.32579005 436544465.94631004 0.0 0.0 5394.935284465589 3.1986934178724904 0.0 0.0
545.0 436544465.94631004 436544467.56683004 436544469.18735003 0.0 0.0 5394.935284465589 3.1986934178724904 0.0 0.0
546.0 436544469.18735003 436544470.80787003 436544472.42839 0.0 0.0 5394.935284465589 3.1986934178724904 0.0 0.0
547.0 436544472.42839 436544474.04891 436544475.66943 0.0 0.0 5394.935284465589 3.1986934178724904 0.0 0.0
548.0 436544475.66943 436544477.28995 436544478.91047 0.0 0.0 5394.935284465589 3.1986934178724904 0.0 0.0
549.0 436544478.91047 436544480.53099 436544482.15151 0.0 0.0 5394.935284465589 3.1986934178724904 0.0 0.0
550.0 436544482.15151 436544483.77203 436544485.39255 0.0 0.0 5394.935284465589 3.1986934178724904 0.0 0.0
551.0 436544485.39255005 436544487.01307005 436544488.63359004 0.0 0.0 5394.935284465589 3.1986934178724904 0.0 0.0
552.0 436544488.63359004 436544490.25411004 436544491.87463003 0.0 0.0 5394.935284465589 3.1986934178724904 0.0 0.0
553.0 436544491.87463003 436544493.49515 436544495.11567 0.0 0.0 5394.935284465589 3.1986934178724904 0.0 0.0
554.0 436544495.11567 436544496.73619 436544498.35671 0.0 0.0 5394.935284465589 3.1986934178724904 0.0 0.0
555.0 436544498.35671 436544499.97723 436544501.59775 0.0 0.0 5394.935284465589 3.1986934178724904 0.0 0.0
556.0 436544501.59775 436544503.21827 436544504.83879 0.0 0.0 5394.935284465589 3.1986934178724904 0.0 0.0
557.0 436544504.83879 436544506.45931 436544508.07983 0.0 0.0 5394.935284465589 3.1986934178724904 0.0 0.0
558.0 436544508.07983005 436544509.70035005 436544511.32087004 0.0 0.0 5394.935284465589 3.1986934178724904 0.0 0.0
559.0 436544511.32087004 436544512.94139004 436544514.56191003 0.0 0.0 5394.935284465589 3.1986934178724904 0.0 0.0
560.0 436544514.56191003 436544516.18243 436544517.80295 0.0 0.0 5394.935284465589 3.1986934178724904 0.0 0.0
561.0 436544517.80295 436544519.42347 436544521.04399 0.0 0.0 5394.935284465589 3.1986934178724904 0.0 0.0
562.0 436544521.04399 436544522.66451 436544524.28503 1.0 1.0 5394.935284465589 3.1986934178724904 0.3126276480304631 0.3126276480304631
563.0 436544524.28503 436544525.90555 436544527.52607 0.0 0.0 5394.935284465589 3.1986934178724904 0.0 0.0
564.0 436544527.52607 436544529.14659 436544530.76711 0.0 0.0 5394.935284465589 3.1986934178724904 0.0 0.0
565.0 436544530.76711005 436544532.38763005 436544534.00815004 0.0 0.0 5394.935284465589 3.1986934178724904 0.0 0.0
566.0 436544534.00815004 436544535.62867004 436544537.24919003 0.0 0.0 5394.935284465589 3.1986934178724904 0.0 0.0
567.0 436544537.24919003 436544538.86971 436544540.49023 0.0 0.0 5394.935284465589 3.1986934178724904 0.0 0.0
568.0 436544540.49023 436544542.11075 436544543.73127 0.0 0.0 5394.935284465589 3.1986934178724904 0.0 0.0
569.0 436544543.73127 436544545.35179 436544546.97231 0.0 0.0 5394.935284465589 3.1986934178724904 0.0 0.0
570.0 436544546.97231 436544548.59283 436544550.21335 0.0 0.0 5394.935284465589 3.1986934178724904 0.0 0.0
571.0 436544550.21335 436544551.83387 436544553.45439 0.0 0.0 5394.935284465589 3.1986934178724904 0.0 0.0
572.0 436544553.45439005 436544555.07491004 436544556.69543004 0.0 0.0 5394.935284465589 3.1986934178724904 0.0 0.0
573.0 436544556.69543004 436544558.31595004 436544559.93647003 0.0 0.0 5394.935284465589 3.1986934178724904 0.0 0.0
574.0 436544559.93647003 436544561.55699 436544563.17751 0.0 0.0 5394.935284465589 3.1986934178724904 0.0 0.0
575.0 436544563.17751 436544564.79803 436544566.41855 0.0 0.0 5394.935284465589 3.1986934178724904 0.0 0.0
576.0 436544566.41855 436544568.03907 436544569.65959 0.0 0.0 5394.935284465589 3.1986934178724904 0.0 0.0
577.0 436544569.65959 436544571.28011 436544572.90063 0.0 0.0 5394.935284465589 3.1986934178724904 0.0 0.0
578.0 436544572.90063 436544574.52115 436544576.14167 0.0 0.0 5394.935284465589 3.1986934178724904 0.0 0.0
579.0 436544576.14167005 436544577.76219004 436544579.38271004 0.0 0.0 5394.935284465589 3.1986934178724904 0.0 0.0
580.0 436544579.38271004 436544581.00323004 436544582.62375003 0.0 0.0 5394.935284465589 3.1986934178724904 0.0 0.0
581.0 436544582.62375003 436544584.24427 436544585.86479 0.0 0.0 5394.935284465589 3.1986934178724904 0.0 0.0
582.0 436544585.86479 436544587.48531 436544589.10583 0.0 0.0 5394.935284465589 3.1986934178724904 0.0 0.0
583.0 436544589.10583 436544590.72635 436544592.34687 0.0 0.0 5394.935284465589 3.1986934178724904 0.0 0.0
584.0 436544592.34687 436544593.96739 436544595.58791 0.0 0.0 5394.935284465589 3.1986934178724904 0.0 0.0
585.0 436544595.58791 436544597.20843 436544598.82895 0.0 0.0 5394.935284465589 3.1986934178724904 0.0 0.0
586.0 436544598.82895005 436544600.44947004 436544602.06999004 0.0 0.0 5394.935284465589 3.1986934178724904 0.0 0.0
587.0 436544602.06999004 436544603.69051003 436544605.31103003 0.0 0.0 5394.935284465589 3.1986934178724904 0.0 0.0
588.0 436544605.31103003 436544606.93155 436544608.55207 0.0 0.0 5394.935284465589 3.1986934178724904 0.0 0.0
589.0 436544608.55207 436544610.17259 436544611.79311 0.0 0.0 5394.935284465589 3.1986934178724904 0.0 0.0
590.0 436544611.79311 436544613.41363 436544615.03415 0.0 0.0 5394.935284465589 3.1986934178724904 0.0 0.0
591.0 436544615.03415 436544616.65467 436544618.27519 0.0 0.0 5394.935284465589 3.1986934178724904 0.0 0.0
592.0 436544618.27519 436544619.89571 436544621.51623 0.0 0.0 5394.935284465589 3.1986934178724904 0.0 0.0
593.0 436544621.51623005 436544623.13675004 436544624.75727004 0.0 0.0 5394.935284465589 3.1986934178724904 0.0 0.0
594.0 436544624.75727004 436544626.37779003 436544627.99831 0.0 0.0 5394.935284465589 3.1986934178724904 0.0 0.0
595.0 436544627.99831 436544629.61883 436544631.23935 0.0 0.0 5394.935284465589 3.1986934178724904 0.0 0.0
596.0 436544631.23935 436544632.85987 436544634.48039 0.0 0.0 5394.935284465589 3.1986934178724904 0.0 0.0
597.0 436544634.48039 436544636.10091 436544637.72143 0.0 0.0 5394.935284465589 3.1986934178724904 0.0 0.0
598.0 436544637.72143 436544639.34195 436544640.96247 0.0 0.0 5394.935284465589 3.1986934178724904 0.0 0.0
599.0 436544640.96247 436544642.58299 436544644.20351 0.0 0.0 5394.935284465589 3.1986934178724904 0.0 0.0
600.0 436544644.20351005 436544645.82403004 436544647.44455004 0.0 0.0 5394.935284465589 3.1986934178724904 0.0 0.0
601.0 436544647.44455004 436544649.06507003 436544650.68559 0.0 0.0 5394.935284465589 3.1986934178724904 0.0 0.0
602.0 436544650.68559 436544652.30611 436544653.92663 0.0 0.0 5394.935284465589 3.1986934178724904 0.0 0.0
603.0 436544653.92663 436544655.54715 436544657.16767 0.0 0.0 5394.935284465589 3.1986934178724904 0.0 0.0
604.0 436544657.16767 436544658.78819 436544660.40871 0.0 0.0 5394.935284465589 3.1986934178724904 0.0 0.0
605.0 436544660.40871 436544662.02923 436544663.64975 0.0 0.0 5394.935284465589 3.1986934178724904 0.0 0.0
606.0 436544663.64975005 436544665.27027005 436544666.89079005 0.0 0.0 5394.935284465589 3.1986934178724904 0.0 0.0
607.0 436544666.89079005 436544668.51131004 436544670.13183004 0.0 0.0 5394.935284465589 3.1986934178724904 0.0 0.0
608.0 436544670.13183004 436544671.75235003 436544673.37287 0.0 0.0 5394.935284465589 3.1986934178724904 0.0 0.0
609.0 436544673.37287 436544674.99339 436544676.61391 0.0 0.0 5394.935284465589 3.1986934178724904 0.0 0.0
610.0 436544676.61391 436544678.23443 436544679.85495 0.0 0.0 5394.935284465589 3.1986934178724904 0.0 0.0
611.0 436544679.85495 436544681.47547 436544683.09599 0.0 0.0 5394.935284465589 3.1986934178724904 0.0 0.0
612.0 436544683.09599 436544684.71651 436544686.33703 0.0 0.0 5394.935284465589 3.1986934178724904 0.0 0.0
613.0 436544686.33703005 436544687.95755005 436544689.57807004 0.0 0.0 5394.935284465589 3.1986934178724904 0.0 0.0
614.0 436544689.57807004 436544691.19859004 436544692.81911004 0.0 0.0 5394.935284465589 3.1986934178724904 0.0 0.0
615.0 436544692.81911004 436544694.43963003 436544696.06015 0.0 0.0 5394.935284465589 3.1986934178724904 0.0 0.0
616.0 436544696.06015 436544697.68067 436544699.30119 0.0 0.0 5394.935284465589 3.1986934178724904 0.0 0.0
617.0 436544699.30119 436544700.92171 436544702.54223 0.0 0.0 5394.935284465589 3.1986934178724904 0.0 0.0
618.0 436544702.54223 436544704.16275 436544705.78327 0.0 0.0 5394.935284465589 3.1986934178724904 0.0 0.0
619.0 436544705.78327 436544707.40379 436544709.02431 0.0 0.0 5394.935284465589 3.1986934178724904 0.0 0.0
620.0 436544709.02431005 436544710.64483005 436544712.26535004 0.0 0.0 5394.935284465589 3.1986934178724904 0.0 0.0
621.0 436544712.26535004 436544713.88587004 436544715.50639004 0.0 0.0 5394.935284465589 3.1986934178724904 0.0 0.0
622.0 436544715.50639004 436544717.12691003 436544718.74743 0.0 0.0 5394.935284465589 3.1986934178724904 0.0 0.0
623.0 436544718.74743 436544720.36795 436544721.98847 0.0 0.0 5394.935284465589 3.1986934178724904 0.0 0.0
624.0 436544721.98847 436544723.60899 436544725.22951 0.0 0.0 5394.935284465589 3.1986934178724904 0.0 0.0
625.0 436544725.22951 436544726.85003 436544728.47055 0.0 0.0 5394.935284465589 3.1986934178724904 0.0 0.0
626.0 436544728.47055 436544730.09107 436544731.71159 0.0 0.0 5394.935284465589 3.1986934178724904 0.0 0.0
627.0 436544731.71159005 436544733.33211005 436544734.95263004 0.0 0.0 5394.935284465589 3.1986934178724904 0.0 0.0
628.0 436544734.95263004 436544736.57315004 436544738.19367003 0.0 0.0 5394.935284465589 3.1986934178724904 0.0 0.0
629.0 436544738.19367003 436544739.81419003 436544741.43471 0.0 0.0 5394.935284465589 3.1986934178724904 0.0 0.0
630.0 436544741.43471 436544743.05523 436544744.67575 0.0 0.0 5394.935284465589 3.1986934178724904 0.0 0.0
631.0 436544744.67575 436544746.29627 436544747.91679 1.0 1.0 5394.935284465589 3.1986934178724904 0.3126276480304631 0.3126276480304631
632.0 436544747.91679 436544749.53731 436544751.15783 0.0 0.0 5394.935284465589 3.1986934178724904 0.0 0.0
633.0 436544751.15783 436544752.77835 436544754.39887 0.0 0.0 5394.935284465589 3.1986934178724904 0.0 0.0
634.0 436544754.39887005 436544756.01939005 436544757.63991004 0.0 0.0 5394.935284465589 3.1986934178724904 0.0 0.0
635.0 436544757.63991004 436544759.26043004 436544760.88095003 0.0 0.0 5394.935284465589 3.1986934178724904 0.0 0.0
636.0 436544760.88095003 436544762.50147 436544764.12199 0.0 0.0 5394.935284465589 3.1986934178724904 0.0 0.0
637.0 436544764.12199 436544765.74251 436544767.36303 0.0 0.0 5394.935284465589 3.1986934178724904 0.0 0.0
638.0 436544767.36303 436544768.98355 436544770.60407 0.0 0.0 5394.935284465589 3.1986934178724904 0.0 0.0
639.0 436544770.60407 436544772.22459 436544773.84511 0.0 0.0 5394.935284465589 3.1986934178724904 0.0 0.0
640.0 436544773.84511 436544775.46563 436544777.08615 0.0 0.0 5394.935284465589 3.1986934178724904 0.0 0.0
641.0 436544777.08615005 436544778.70667005 436544780.32719004 0.0 0.0 5394.935284465589 3.1986934178724904 0.0 0.0
642.0 436544780.32719004 436544781.94771004 436544783.56823003 0.0 0.0 5394.935284465589 3.1986934178724904 0.0 0.0
643.0 436544783.56823003 436544785.18875 436544786.80927 0.0 0.0 5394.935284465589 3.1986934178724904 0.0 0.0
644.0 436544786.80927 436544788.42979 436544790.05031 0.0 0.0 5394.935284465589 3.1986934178724904 0.0 0.0
645.0 436544790.05031 436544791.67083 436544793.29135 0.0 0.0 5394.935284465589 3.1986934178724904 0.0 0.0
646.0 436544793.29135 436544794.91187 436544796.53239 0.0 0.0 5394.935284465589 3.1986934178724904 0.0 0.0
647.0 436544796.53239 436544798.15291 436544799.77343 0.0 0.0 5394.935284465589 3.1986934178724904 0.0 0.0
648.0 436544799.77343005 436544801.39395005 436544803.01447004 0.0 0.0 5394.935284465589 3.1986934178724904 0.0 0.0
649.0 436544803.01447004 436544804.63499004 436544806.25551003 0.0 0.0 5394.935284465589 3.1986934178724904 0.0 0.0
650.0 436544806.25551003 436544807.87603 436544809.49655 0.0 0.0 5394.935284465589 3.1986934178724904 0.0 0.0
651.0 436544809.49655 436544811.11707 436544812.73759 0.0 0.0 5394.935284465589 3.1986934178724904 0.0 0.0
652.0 436544812.73759 436544814.35811 436544815.97863 0.0 0.0 5394.935284465589 3.1986934178724904 0.0 0.0
653.0 436544815.97863 436544817.59915 436544819.21967 0.0 0.0 5394.935284465589 3.1986934178724904 0.0 0.0
654.0 436544819.21967 436544820.84019 436544822.46071 0.0 0.0 5394.935284465589 3.1986934178724904 0.0 0.0
655.0 436544822.46071005 436544824.08123004 436544825.70175004 0.0 0.0 5394.935284465589 3.1986934178724904 0.0 0.0
656.0 436544825.70175004 436544827.32227004 436544828.94279003 0.0 0.0 5394.935284465589 3.1986934178724904 0.0 0.0
657.0 436544828.94279003 436544830.56331 436544832.18383 1.0 1.0 5394.935284465589 3.1986934178724904 0.3126276480304631 0.3126276480304631
658.0 436544832.18383 436544833.80435 436544835.42487 0.0 0.0 5394.935284465589 3.1986934178724904 0.0 0.0
659.0 436544835.42487 436544837.04539 436544838.66591 0.0 0.0 5394.935284465589 3.1986934178724904 0.0 0.0
660.0 436544838.66591 436544840.28643 436544841.90695 0.0 0.0 5394.935284465589 3.1986934178724904 0.0 0.0
661.0 436544841.90695 436544843.52747 436544845.14799 0.0 0.0 5394.935284465589 3.1986934178724904 0.0 0.0
662.0 436544845.14799005 436544846.76851004 436544848.38903004 0.0 0.0 5394.935284465589 3.1986934178724904 0.0 0.0
663.0 436544848.38903004 436544850.00955003 436544851.63007003 0.0 0.0 5394.935284465589 3.1986934178724904 0.0 0.0
664.0 436544851.63007003 436544853.25059 436544854.87111 0.0 0.0 5394.935284465589 3.1986934178724904 0.0 0.0
665.0 436544854.87111 436544856.49163 436544858.11215 0.0 0.0 5394.935284465589 3.1986934178724904 0.0 0.0
666.0 436544858.11215 436544859.73267 436544861.35319 0.0 0.0 5394.935284465589 3.1986934178724904 0.0 0.0
667.0 436544861.35319 436544862.97371 436544864.59423 0.0 0.0 5394.935284465589 3.1986934178724904 0.0 0.0
668.0 436544864.59423 436544866.21475 436544867.83527 0.0 0.0 5394.935284465589 3.1986934178724904 0.0 0.0
669.0 436544867.83527005 436544869.45579004 436544871.07631004 0.0 0.0 5394.935284465589 3.1986934178724904 0.0 0.0
670.0 436544871.07631004 436544872.69683003 436544874.31735003 0.0 0.0 5394.935284465589 3.1986934178724904 0.0 0.0
671.0 436544874.31735003 436544875.93787 436544877.55839 0.0 0.0 5394.935284465589 3.1986934178724904 0.0 0.0
672.0 436544877.55839 436544879.17891 436544880.79943 0.0 0.0 5394.935284465589 3.1986934178724904 0.0 0.0
673.0 436544880.79943 436544882.41995 436544884.04047 0.0 0.0 5394.935284465589 3.1986934178724904 0.0 0.0
674.0 436544884.04047 436544885.66099 436544887.28151 0.0 0.0 5394.935284465589 3.1986934178724904 0.0 0.0
675.0 436544887.28151 436544888.90203 436544890.52255 0.0 0.0 5394.935284465589 3.1986934178724904 0.0 0.0
676.0 436544890.52255005 436544892.14307004 436544893.76359004 0.0 0.0 5394.935284465589 3.1986934178724904 0.0 0.0
677.0 436544893.76359004 436544895.38411003 436544897.00463 0.0 0.0 5394.935284465589 3.1986934178724904 0.0 0.0
678.0 436544897.00463 436544898.62515 436544900.24567 0.0 0.0 5394.935284465589 3.1986934178724904 0.0 0.0
679.0 436544900.24567 436544901.86619 436544903.48671 0.0 0.0 5394.935284465589 3.1986934178724904 0.0 0.0
680.0 436544903.48671 436544905.10723 436544906.72775 0.0 0.0 5394.935284465589 3.1986934178724904 0.0 0.0
681.0 436544906.72775 436544908.34827 436544909.96879 0.0 0.0 5394.935284465589 3.1986934178724904 0.0 0.0
682.0 436544909.96879 436544911.58931 436544913.20983 0.0 0.0 5394.935284465589 3.1986934178724904 0.0 0.0
683.0 436544913.20983005 436544914.83035004 436544916.45087004 0.0 0.0 5394.935284465589 3.1986934178724904 0.0 0.0
684.0 436544916.45087004 436544918.07139003 436544919.69191 0.0 0.0 5394.935284465589 3.1986934178724904 0.0 0.0
685.0 436544919.69191 436544921.31243 436544922.93295 0.0 0.0 5394.935284465589 3.1986934178724904 0.0 0.0
686.0 436544922.93295 436544924.55347 436544926.17399 0.0 0.0 5394.935284465589 3.1986934178724904 0.0 0.0
687.0 436544926.17399 436544927.79451 436544929.41503 0.0 0.0 5394.935284465589 3.1986934178724904 0.0 0.0
688.0 436544929.41503 436544931.03555 436544932.65607 0.0 0.0 5394.935284465589 3.1986934178724904 0.0 0.0
689.0 436544932.65607005 436544934.27659005 436544935.89711004 0.0 0.0 5394.935284465589 3.1986934178724904 0.0 0.0
690.0 436544935.89711004 436544937.51763004 436544939.13815004 0.0 0.0 5394.935284465589 3.1986934178724904 0.0 0.0
691.0 436544939.13815004 436544940.75867003 436544942.37919 0.0 0.0 5394.935284465589 3.1986934178724904 0.0 0.0
692.0 436544942.37919 436544943.99971 436544945.62023 0.0 0.0 5394.935284465589 3.1986934178724904 0.0 0.0
693.0 436544945.62023 436544947.24075 436544948.86127 1.0 1.0 5394.935284465589 3.1986934178724904 0.3126276480304631 0.3126276480304631
694.0 436544948.86127 436544950.48179 436544952.10231 0.0 0.0 5394.935284465589 3.1986934178724904 0.0 0.0
695.0 436544952.10231 436544953.72283 436544955.34335 1.0 1.0 5394.935284465589 3.1986934178724904 0.3126276480304631 0.3126276480304631
696.0 436544955.34335005 436544956.96387005 436544958.58439004 0.0 0.0 5394.935284465589 3.1986934178724904 0.0 0.0
697.0 436544958.58439004 436544960.20491004 436544961.82543004 0.0 0.0 5394.935284465589 3.1986934178724904 0.0 0.0
698.0 436544961.82543004 436544963.44595003 436544965.06647 0.0 0.0 5394.935284465589 3.1986934178724904 0.0 0.0
699.0 436544965.06647 436544966.68699 436544968.30751 0.0 0.0 5394.935284465589 3.1986934178724904 0.0 0.0
700.0 436544968.30751 436544969.92803 436544971.54855 0.0 0.0 5394.935284465589 3.1986934178724904 0.0 0.0
701.0 436544971.54855 436544973.16907 436544974.78959 0.0 0.0 5394.935284465589 3.1986934178724904 0.0 0.0
702.0 436544974.78959 436544976.41011 436544978.03063 0.0 0.0 5394.935284465589 3.1986934178724904 0.0 0.0
703.0 436544978.03063005 436544979.65115005 436544981.27167004 0.0 0.0 5394.935284465589 3.1986934178724904 0.0 0.0
704.0 436544981.27167004 436544982.89219004 436544984.51271003 0.0 0.0 5394.935284465589 3.1986934178724904 0.0 0.0
705.0 436544984.51271003 436544986.13323003 436544987.75375 0.0 0.0 5394.935284465589 3.1986934178724904 0.0 0.0
706.0 436544987.75375 436544989.37427 436544990.99479 0.0 0.0 5394.935284465589 3.1986934178724904 0.0 0.0
707.0 436544990.99479 436544992.61531 436544994.23583 1.0 1.0 5394.935284465589 3.1986934178724904 0.3126276480304631 0.3126276480304631
708.0 436544994.23583 436544995.85635 436544997.47687 0.0 0.0 5394.935284465589 3.1986934178724904 0.0 0.0
709.0 436544997.47687 436544999.09739 436545000.71791 0.0 0.0 5394.935284465589 3.1986934178724904 0.0 0.0
710.0 436545000.71791005 436545002.33843005 436545003.95895004 0.0 0.0 5394.935284465589 3.1986934178724904 0.0 0.0
711.0 436545003.95895004 436545005.57947004 436545007.19999003 0.0 0.0 5394.935284465589 3.1986934178724904 0.0 0.0
712.0 436545007.19999003 436545008.82051 436545010.44103 0.0 0.0 5394.935284465589 3.1986934178724904 0.0 0.0
713.0 436545010.44103 436545012.06155 436545013.68207 0.0 0.0 5394.935284465589 3.1986934178724904 0.0 0.0
714.0 436545013.68207 436545015.30259 436545016.92311 1.0 1.0 5394.935284465589 3.1986934178724904 0.3126276480304631 0.3126276480304631
715.0 436545016.92311 436545018.54363 436545020.16415 0.0 0.0 5394.935284465589 3.1986934178724904 0.0 0.0
716.0 436545020.16415 436545021.78467 436545023.40519 0.0 0.0 5394.935284465589 3.1986934178724904 0.0 0.0
717.0 436545023.40519005 436545025.02571005 436545026.64623004 0.0 0.0 5394.935284465589 3.1986934178724904 0.0 0.0
718.0 436545026.64623004 436545028.26675004 436545029.88727003 0.0 0.0 5394.935284465589 3.1986934178724904 0.0 0.0
719.0 436545029.88727003 436545031.50779 436545033.12831 0.0 0.0 5394.935284465589 3.1986934178724904 0.0 0.0
720.0 436545033.12831 436545034.74883 436545036.36935 0.0 0.0 5394.935284465589 3.1986934178724904 0.0 0.0
721.0 436545036.36935 436545037.98987 436545039.61039 0.0 0.0 5394.935284465589 3.1986934178724904 0.0 0.0
722.0 436545039.61039 436545041.23091 436545042.85143 0.0 0.0 5394.935284465589 3.1986934178724904 0.0 0.0
723.0 436545042.85143 436545044.47195 436545046.09247 0.0 0.0 5394.935284465589 3.1986934178724904 0.0 0.0
724.0 436545046.09247005 436545047.71299005 436545049.33351004 1.0 1.0 5394.935284465589 3.1986934178724904 0.3126276480304631 0.3126276480304631
725.0 436545049.33351004 436545050.95403004 436545052.57455003 0.0 0.0 5394.935284465589 3.1986934178724904 0.0 0.0
726.0 436545052.57455003 436545054.19507 436545055.81559 0.0 0.0 5394.935284465589 3.1986934178724904 0.0 0.0
727.0 436545055.81559 436545057.43611 436545059.05663 0.0 0.0 5394.935284465589 3.1986934178724904 0.0 0.0
728.0 436545059.05663 436545060.67715 436545062.29767 0.0 0.0 5394.935284465589 3.1986934178724904 0.0 0.0
729.0 436545062.29767 436545063.91819 436545065.53871 0.0 0.0 5394.935284465589 3.1986934178724904 0.0 0.0
730.0 436545065.53871 436545067.15923 436545068.77975 0.0 0.0 5394.935284465589 3.1986934178724904 0.0 0.0
731.0 436545068.77975005 436545070.40027004 436545072.02079004 0.0 0.0 5394.935284465589 3.1986934178724904 0.0 0.0
732.0 436545072.02079004 436545073.64131004 436545075.26183003 0.0 0.0 5394.935284465589 3.1986934178724904 0.0 0.0
733.0 436545075.26183003 436545076.88235 436545078.50287 0.0 0.0 5394.935284465589 3.1986934178724904 0.0 0.0
734.0 436545078.50287 436545080.12339 436545081.74391 0.0 0.0 5394.935284465589 3.1986934178724904 0.0 0.0
735.0 436545081.74391 436545083.36443 436545084.98495 1.0 1.0 5394.935284465589 3.1986934178724904 0.3126276480304631 0.3126276480304631
736.0 436545084.98495 436545086.60547 436545088.22599 0.0 0.0 5394.935284465589 3.1986934178724904 0.0 0.0
737.0 436545088.22599 436545089.84651 436545091.46703 0.0 0.0 5394.935284465589 3.1986934178724904 0.0 0.0
738.0 436545091.46703005 436545093.08755004 436545094.70807004 0.0 0.0 5394.935284465589 3.1986934178724904 0.0 0.0
739.0 436545094.70807004 436545096.32859004 436545097.94911003 0.0 0.0 5394.935284465589 3.1986934178724904 0.0 0.0
740.0 436545097.94911003 436545099.56963 436545101.19015 0.0 0.0 5394.935284465589 3.1986934178724904 0.0 0.0
741.0 436545101.19015 436545102.81067 436545104.43119 0.0 0.0 5394.935284465589 3.1986934178724904 0.0 0.0
742.0 436545104.43119 436545106.05171 436545107.67223 0.0 0.0 5394.935284465589 3.1986934178724904 0.0 0.0
743.0 436545107.67223 436545109.29275 436545110.91327 0.0 0.0 5394.935284465589 3.1986934178724904 0.0 0.0
744.0 436545110.91327 436545112.53379 436545114.15431 0.0 0.0 5394.935284465589 3.1986934178724904 0.0 0.0
745.0 436545114.15431005 436545115.77483004 436545117.39535004 0.0 0.0 5394.935284465589 3.1986934178724904 0.0 0.0
746.0 436545117.39535004 436545119.01587003 436545120.63639003 0.0 0.0 5394.935284465589 3.1986934178724904 0.0 0.0
747.0 436545120.63639003 436545122.25691 436545123.87743 0.0 0.0 5394.935284465589 3.1986934178724904 0.0 0.0
748.0 436545123.87743 436545125.49795 436545127.11847 0.0 0.0 5394.935284465589 3.1986934178724904 0.0 0.0
749.0 436545127.11847 436545128.73899 436545130.35951 0.0 0.0 5394.935284465589 3.1986934178724904 0.0 0.0
750.0 436545130.35951 436545131.98003 436545133.60055 0.0 0.0 5394.935284465589 3.1986934178724904 0.0 0.0
751.0 436545133.60055 436545135.22107 436545136.84159 0.0 0.0 5394.935284465589 3.1986934178724904 0.0 0.0
752.0 436545136.84159005 436545138.46211004 436545140.08263004 0.0 0.0 5394.935284465589 3.1986934178724904 0.0 0.0
753.0 436545140.08263004 436545141.70315003 436545143.32367 0.0 0.0 5394.935284465589 3.1986934178724904 0.0 0.0
754.0 436545143.32367 436545144.94419 436545146.56471 0.0 0.0 5394.935284465589 3.1986934178724904 0.0 0.0
755.0 436545146.56471 436545148.18523 436545149.80575 0.0 0.0 5394.935284465589 3.1986934178724904 0.0 0.0
756.0 436545149.80575 436545151.42627 436545153.04679 0.0 0.0 5394.935284465589 3.1986934178724904 0.0 0.0
757.0 436545153.04679 436545154.66731 436545156.28783 0.0 0.0 5394.935284465589 3.1986934178724904 0.0 0.0
758.0 436545156.28783 436545157.90835 436545159.52887 0.0 0.0 5394.935284465589 3.1986934178724904 0.0 0.0
759.0 436545159.52887005 436545161.14939004 436545162.76991004 0.0 0.0 5394.935284465589 3.1986934178724904 0.0 0.0
760.0 436545162.76991004 436545164.39043003 436545166.01095 0.0 0.0 5394.935284465589 3.1986934178724904 0.0 0.0
761.0 436545166.01095 436545167.63147 436545169.25199 0.0 0.0 5394.935284465589 3.1986934178724904 0.0 0.0
762.0 436545169.25199 436545170.87251 436545172.49303 0.0 0.0 5394.935284465589 3.1986934178724904 0.0 0.0
763.0 436545172.49303 436545174.11355 436545175.73407 0.0 0.0 5394.935284465589 3.1986934178724904 0.0 0.0
764.0 436545175.73407 436545177.35459 436545178.97511 0.0 0.0 5394.935284465589 3.1986934178724904 0.0 0.0
765.0 436545178.97511005 436545180.59563005 436545182.21615005 0.0 0.0 5394.935284465589 3.1986934178724904 0.0 0.0
766.0 436545182.21615005 436545183.83667004 436545185.45719004 0.0 0.0 5394.935284465589 3.1986934178724904 0.0 0.0
767.0 436545185.45719004 436545187.07771003 436545188.69823 0.0 0.0 5394.935284465589 3.1986934178724904 0.0 0.0
768.0 436545188.69823 436545190.31875 436545191.93927 0.0 0.0 5394.935284465589 3.1986934178724904 0.0 0.0
769.0 436545191.93927 436545193.55979 436545195.18031 0.0 0.0 5394.935284465589 3.1986934178724904 0.0 0.0
770.0 436545195.18031 436545196.80083 436545198.42135 0.0 0.0 5394.935284465589 3.1986934178724904 0.0 0.0
771.0 436545198.42135 436545200.04187 436545201.66239 0.0 0.0 5394.935284465589 3.1986934178724904 0.0 0.0
772.0 436545201.66239005 436545203.28291005 436545204.90343004 0.0 0.0 5394.935284465589 3.1986934178724904 0.0 0.0
773.0 436545204.90343004 436545206.52395004 436545208.14447004 0.0 0.0 5394.935284465589 3.1986934178724904 0.0 0.0
774.0 436545208.14447004 436545209.76499003 436545211.38551 0.0 0.0 5394.935284465589 3.1986934178724904 0.0 0.0
775.0 436545211.38551 436545213.00603 436545214.62655 0.0 0.0 5394.935284465589 3.1986934178724904 0.0 0.0
776.0 436545214.62655 436545216.24707 436545217.86759 0.0 0.0 5394.935284465589 3.1986934178724904 0.0 0.0
777.0 436545217.86759 436545219.48811 436545221.10863 0.0 0.0 5394.935284465589 3.1986934178724904 0.0 0.0
778.0 436545221.10863 436545222.72915 436545224.34967 0.0 0.0 5394.935284465589 3.1986934178724904 0.0 0.0
779.0 436545224.34967005 436545225.97019005 436545227.59071004 0.0 0.0 5394.935284465589 3.1986934178724904 0.0 0.0
780.0 436545227.59071004 436545229.21123004 436545230.83175004 0.0 0.0 5394.935284465589 3.1986934178724904 0.0 0.0
781.0 436545230.83175004 436545232.45227003 436545234.07279 0.0 0.0 5394.935284465589 3.1986934178724904 0.0 0.0
782.0 436545234.07279 436545235.69331 436545237.31383 0.0 0.0 5394.935284465589 3.1986934178724904 0.0 0.0
783.0 436545237.31383 436545238.93435 436545240.55487 0.0 0.0 5394.935284465589 3.1986934178724904 0.0 0.0
784.0 436545240.55487 436545242.17539 436545243.79591 0.0 0.0 5394.935284465589 3.1986934178724904 0.0 0.0
785.0 436545243.79591 436545245.41643 436545247.03695 0.0 0.0 5394.935284465589 3.1986934178724904 0.0 0.0
786.0 436545247.03695005 436545248.65747005 436545250.27799004 0.0 0.0 5394.935284465589 3.1986934178724904 0.0 0.0
787.0 436545250.27799004 436545251.89851004 436545253.51903003 0.0 0.0 5394.935284465589 3.1986934178724904 0.0 0.0
788.0 436545253.51903003 436545255.13955003 436545256.76007 0.0 0.0 5394.935284465589 1.6039391266596132 0.0 0.0
789.0 436545256.76007 436545258.38059 436545260.00111 0.0 0.0 5394.935284465589 0.0 0.0 0.0
790.0 436545260.00111 436545261.62163 436545263.24215 0.0 0.0 5394.935284465589 0.0 0.0 0.0
791.0 436545263.24215 436545264.86267 436545266.48319 0.0 0.0 5394.935284465589 0.0 0.0 0.0
792.0 436545266.48319 436545268.10371 436545269.72423 0.0 0.0 5394.935284465589 0.0 0.0 0.0
793.0 436545269.72423005 436545271.34475005 436545272.96527004 0.0 0.0 5394.935284465589 0.0 0.0 0.0
794.0 436545272.96527004 436545274.58579004 436545276.20631003 0.0 0.0 5394.935284465589 0.0 0.0 0.0
795.0 436545276.20631003 436545277.82683 436545279.44735 0.0 0.0 5394.935284465589 0.0 0.0 0.0
796.0 436545279.44735 436545281.06787 436545282.68839 0.0 0.0 5394.935284465589 0.0 0.0 0.0
797.0 436545282.68839 436545284.30891 436545285.92943 0.0 0.0 5394.935284465589 0.0 0.0 0.0
798.0 436545285.92943 436545287.54995 436545289.17047 0.0 0.0 5394.935284465589 0.0 0.0 0.0
799.0 436545289.17047 436545290.79099 436545292.41151 0.0 0.0 5394.935284465589 0.0 0.0 0.0
800.0 436545292.41151005 436545294.03203005 436545295.65255004 0.0 0.0 5394.935284465589 0.0 0.0 0.0
801.0 436545295.65255004 436545297.27307004 436545298.89359003 0.0 0.0 5394.935284465589 0.0 0.0 0.0
802.0 436545298.89359003 436545300.51411 436545302.13463 0.0 0.0 5394.935284465589 0.0 0.0 0.0
803.0 436545302.13463 436545303.75515 436545305.37567 0.0 0.0 5394.935284465589 0.0 0.0 0.0
804.0 436545305.37567 436545306.99619 436545308.61671 0.0 0.0 5394.935284465589 0.0 0.0 0.0
805.0 436545308.61671 436545310.23723 436545311.85775 0.0 0.0 5394.935284465589 0.0 0.0 0.0
806.0 436545311.85775 436545313.47827 436545315.09879 0.0 0.0 5394.935284465589 0.0 0.0 0.0
807.0 436545315.09879005 436545316.71931005 436545318.33983004 0.0 0.0 5394.935284465589 0.0 0.0 0.0
808.0 436545318.33983004 436545319.96035004 436545321.58087003 0.0 0.0 5394.935284465589 0.0 0.0 0.0
809.0 436545321.58087003 436545323.20139 436545324.82191 0.0 0.0 5394.935284465589 0.0 0.0 0.0
810.0 436545324.82191 436545326.44243 436545328.06295 0.0 0.0 5394.935284465589 0.0 0.0 0.0
811.0 436545328.06295 436545329.68347 436545331.30399 0.0 0.0 5394.935284465589 0.0 0.0 0.0
812.0 436545331.30399 436545332.92451 436545334.54503 0.0 0.0 5394.935284465589 0.0 0.0 0.0
813.0 436545334.54503 436545336.16555 436545337.78607 0.0 0.0 5394.935284465589 0.0 0.0 0.0
814.0 436545337.78607005 436545339.40659004 436545341.02711004 0.0 0.0 5394.935284465589 0.0 0.0 0.0
815.0 436545341.02711004 436545342.64763004 436545344.26815003 0.0 0.0 5394.935284465589 0.0 0.0 0.0
816.0 436545344.26815003 436545345.88867 436545347.50919 0.0 0.0 5394.935284465589 0.0 0.0 0.0
817.0 436545347.50919 436545349.12971 436545350.75023 0.0 0.0 5394.935284465589 0.0 0.0 0.0
818.0 436545350.75023 436545352.37075 436545353.99127 0.0 0.0 5394.935284465589 0.0 0.0 0.0
819.0 436545353.99127 436545355.61179 436545357.23231 0.0 0.0 5394.935284465589 0.0 0.0 0.0
820.0 436545357.23231 436545358.85283 436545360.47335 0.0 0.0 5394.935284465589 0.0 0.0 0.0
821.0 436545360.47335005 436545362.09387004 436545363.71439004 0.0 0.0 5394.935284465589 0.0 0.0 0.0
822.0 436545363.71439004 436545365.33491004 436545366.95543003 0.0 0.0 5394.935284465589 0.0 0.0 0.0
823.0 436545366.95543003 436545368.57595 436545370.19647 0.0 0.0 5394.935284465589 0.0 0.0 0.0
824.0 436545370.19647 436545371.81699 436545373.43751 0.0 0.0 5394.935284465589 0.0 0.0 0.0
825.0 436545373.43751 436545375.05803 436545376.67855 0.0 0.0 5394.935284465589 0.0 0.0 0.0
826.0 436545376.67855 436545378.29907 436545379.91959 0.0 0.0 5394.935284465589 0.0 0.0 0.0
827.0 436545379.91959 436545381.54011 436545383.16063 0.0 0.0 5394.935284465589 0.0 0.0 0.0
828.0 436545383.16063005 436545384.78115004 436545386.40167004 0.0 0.0 5394.935284465589 0.0 0.0 0.0
829.0 436545386.40167004 436545388.02219003 436545389.64271003 0.0 0.0 5394.935284465589 0.0 0.0 0.0
830.0 436545389.64271003 436545391.26323 436545392.88375 0.0 0.0 5394.935284465589 0.0 0.0 0.0
831.0 436545392.88375 436545394.50427 436545396.12479 0.0 0.0 5394.935284465589 0.0 0.0 0.0
