TIME_BIN TIME_MIN TIME TIME_MAX COUNTS STAT_ERR AREA EXPOSURE COUNT_RATE COUNT_RATE_ERR
1.0 51728295.845958 51728297.466478005 51728299.086998 0.0 0.0 10754.724632645924 0.0 0.0 0.0
2.0 51728299.086998 51728300.707518 51728302.328038 0.0 0.0 10754.724632645924 0.0 0.0 0.0
3.0 51728302.328038 51728303.948558 51728305.569078 0.0 0.0 10754.724632645924 0.0 0.0 0.0
4.0 51728305.569078 51728307.189597994 51728308.810118 0.0 0.0 10754.724632645924 0.0 0.0 0.0
5.0 51728308.810118005 51728310.430638 51728312.051158 0.0 0.0 10754.724632645924 0.0 0.0 0.0
6.0 51728312.051158 51728313.67167801 51728315.292198 0.0 0.0 10754.724632645924 0.0 0.0 0.0
7.0 51728315.292198 51728316.912718 51728318.533238 0.0 0.0 10754.724632645924 0.0 0.0 0.0
8.0 51728318.533238 51728320.153758004 51728321.774278 0.0 0.0 10754.724632645924 0.0 0.0 0.0
9.0 51728321.774278 51728323.394797996 51728325.015318 0.0 0.0 10754.724632645924 0.0 0.0 0.0
10.0 51728325.015318 51728326.635838 51728328.256358 0.0 0.0 10754.724632645924 0.0 0.0 0.0
11.0 51728328.256358005 51728329.87687801 51728331.497398004 0.0 0.0 10754.724632645924 0.0 0.0 0.0
12.0 51728331.497398004 51728333.117918 51728334.738438 0.0 0.0 10754.724632645924 0.0 0.0 0.0
13.0 51728334.738438 51728336.358958006 51728337.979478 0.0 0.0 10754.724632645924 0.0 0.0 0.0
14.0 51728337.979478 51728339.599998 51728341.220518 0.0 0.0 10754.724632645924 0.0 0.0 0.0
15.0 51728341.220518 51728342.841038 51728344.461558 0.0 0.0 10754.724632645924 0.0 0.0 0.0
16.0 51728344.461558 51728346.082077995 51728347.702598 0.0 0.0 10754.724632645924 0.0 0.0 0.0
17.0 51728347.702598006 51728349.323118 51728350.943638004 0.0 0.0 10754.724632645924 0.0 0.0 0.0
18.0 51728350.943638004 51728352.56415801 51728354.184678 0.0 0.0 10754.724632645924 0.0 0.0 0.0
19.0 51728354.184678 51728355.805198 51728357.425718 0.0 0.0 10754.724632645924 0.0 0.0 0.0
20.0 51728357.425718 51728359.046238005 51728360.666758 0.0 0.0 10754.724632645924 0.0 0.0 0.0
21.0 51728360.666758 51728362.287278 51728363.907798 0.0 0.0 10754.724632645924 0.0 0.0 0.0
22.0 51728363.907798 51728365.528318 51728367.148838 0.0 0.0 10754.724632645924 0.0 0.0 0.0
23.0 51728367.148838 51728368.769357994 51728370.389878 0.0 0.0 10754.724632645924 0.0 0.0 0.0
24.0 51728370.389878005 51728372.010398 51728373.630918 0.0 0.0 10754.724632645924 0.0 0.0 0.0
25.0 51728373.630918 51728375.25143801 51728376.871958 0.0 0.0 10754.724632645924 0.0 0.0 0.0
26.0 51728376.871958 51728378.492478 51728380.112998 0.0 0.0 10754.724632645924 0.0 0.0 0.0
27.0 51728380.112998 51728381.733518004 51728383.354038 0.0 0.0 10754.724632645924 0.0 0.0 0.0
28.0 51728383.354038 51728384.974557996 51728386.595078 0.0 0.0 10754.724632645924 0.0 0.0 0.0
29.0 51728386.595078 51728388.215598 51728389.836118 0.0 0.0 10754.724632645924 0.0 0.0 0.0
30.0 51728389.836118005 51728391.45663801 51728393.077158004 0.0 0.0 10754.724632645924 0.0 0.0 0.0
31.0 51728393.077158004 51728394.697678 51728396.318198 0.0 0.0 10754.724632645924 0.0 0.0 0.0
32.0 51728396.318198 51728397.938718006 51728399.559238 0.0 0.0 10754.724632645924 0.0 0.0 0.0
33.0 51728399.559238 51728401.179758 51728402.800278 0.0 0.0 10754.724632645924 0.0 0.0 0.0
34.0 51728402.800278 51728404.420798 51728406.041318 0.0 0.0 10754.724632645924 0.0 0.0 0.0
35.0 51728406.041318 51728407.661837995 51728409.282358 0.0 0.0 10754.724632645924 0.0 0.0 0.0
36.0 51728409.282358 51728410.902878 51728412.523398 0.0 0.0 10754.724632645924 0.0 0.0 0.0
37.0 51728412.523398004 51728414.14391801 51728415.764438 0.0 0.0 10754.724632645924 0.0 0.0 0.0
38.0 51728415.764438 51728417.384958 51728419.005478 0.0 0.0 10754.724632645924 0.0 0.0 0.0
39.0 51728419.005478 51728420.625998005 51728422.246518 0.0 0.0 10754.724632645924 0.0 0.0 0.0
40.0 51728422.246518 51728423.867038 51728425.487558 0.0 0.0 10754.724632645924 0.0 0.0 0.0
41.0 51728425.487558 51728427.108078 51728428.728598 0.0 0.0 10754.724632645924 0.0 0.0 0.0
42.0 51728428.728598 51728430.349117994 51728431.969638 0.0 0.0 10754.724632645924 0.0 0.0 0.0
43.0 51728431.969638005 51728433.590158 51728435.210678004 0.0 0.0 10754.724632645924 0.0 0.0 0.0
44.0 51728435.210678004 51728436.83119801 51728438.451718 0.0 0.0 10754.724632645924 0.0 0.0 0.0
45.0 51728438.451718 51728440.072238 51728441.692758 0.0 0.0 10754.724632645924 0.0 0.0 0.0
46.0 51728441.692758 51728443.313278005 51728444.933798 0.0 0.0 10754.724632645924 0.0 0.0 0.0
47.0 51728444.933798 51728446.554317996 51728448.174838 0.0 0.0 10754.724632645924 0.0 0.0 0.0
48.0 51728448.174838 51728449.795358 51728451.415878 0.0 0.0 10754.724632645924 0.0 0.0 0.0
49.0 51728451.415878005 51728453.03639801 51728454.656918004 0.0 0.0 10754.724632645924 0.0 0.0 0.0
50.0 51728454.656918004 51728456.277438 51728457.897958 0.0 0.0 10754.724632645924 0.0 0.0 0.0
51.0 51728457.897958 51728459.518478006 51728461.138998 0.0 0.0 10754.724632645924 0.0 0.0 0.0
52.0 51728461.138998 51728462.759518 51728464.380038 0.0 0.0 10754.724632645924 0.0 0.0 0.0
53.0 51728464.380038 51728466.000558004 51728467.621078 0.0 0.0 10754.724632645924 0.0 0.0 0.0
54.0 51728467.621078 51728469.241597995 51728470.862118 0.0 0.0 10754.724632645924 0.0 0.0 0.0
55.0 51728470.862118 51728472.482638 51728474.103158 0.0 0.0 10754.724632645924 0.0 0.0 0.0
56.0 51728474.103158005 51728475.72367801 51728477.344198 0.0 0.0 10754.724632645924 0.0 0.0 0.0
57.0 51728477.344198 51728478.964718 51728480.585238 0.0 0.0 10754.724632645924 0.0 0.0 0.0
58.0 51728480.585238 51728482.205758005 51728483.826278 0.0 0.0 10754.724632645924 0.0 0.0 0.0
59.0 51728483.826278 51728485.446798 51728487.067318 0.0 0.0 10754.724632645924 0.0 0.0 0.0
60.0 51728487.067318 51728488.687838 51728490.308358 0.0 0.0 10754.724632645924 0.0 0.0 0.0
61.0 51728490.308358 51728491.928877994 51728493.549398 0.0 0.0 10754.724632645924 0.0 0.0 0.0
62.0 51728493.549398005 51728495.169918 51728496.790438004 0.0 0.0 10754.724632645924 0.0 0.0 0.0
63.0 51728496.790438004 51728498.41095801 51728500.031478 0.0 0.0 10754.724632645924 0.0 0.0 0.0
64.0 51728500.031478 51728501.651998 51728503.272518 0.0 0.0 10754.724632645924 0.0 0.0 0.0
65.0 51728503.272518 51728504.893038005 51728506.513558 0.0 0.0 10754.724632645924 0.0 0.0 0.0
66.0 51728506.513558 51728508.134077996 51728509.754598 0.0 0.0 10754.724632645924 0.0 0.0 0.0
67.0 51728509.754598 51728511.375118 51728512.995638 0.0 0.0 10754.724632645924 0.0 0.0 0.0
68.0 51728512.995638005 51728514.61615801 51728516.236678004 0.0 0.0 10754.724632645924 0.0 0.0 0.0
69.0 51728516.236678004 51728517.857198 51728519.477718 0.0 0.0 10754.724632645924 0.0 0.0 0.0
70.0 51728519.477718 51728521.098238006 51728522.718758 0.0 0.0 10754.724632645924 0.0 0.0 0.0
71.0 51728522.718758 51728524.339278 51728525.959798 0.0 0.0 10754.724632645924 0.0 0.0 0.0
72.0 51728525.959798 51728527.580318004 51728529.200838 0.0 0.0 10754.724632645924 0.0 0.0 0.0
73.0 51728529.200838 51728530.821357995 51728532.441878 0.0 0.0 10754.724632645924 0.0 0.0 0.0
74.0 51728532.441878 51728534.062398 51728535.682918 0.0 0.0 10754.724632645924 0.0 0.0 0.0
75.0 51728535.682918005 51728537.30343801 51728538.923958 0.0 0.0 10754.724632645924 0.0 0.0 0.0
76.0 51728538.923958 51728540.544478 51728542.164998 0.0 0.0 10754.724632645924 0.0 0.0 0.0
77.0 51728542.164998 51728543.785518005 51728545.406038 0.0 0.0 10754.724632645924 0.0 0.0 0.0
78.0 51728545.406038 51728547.026558 51728548.647078 0.0 0.0 10754.724632645924 0.0 0.0 0.0
79.0 51728548.647078 51728550.267598 51728551.888118 0.0 0.0 10754.724632645924 0.0 0.0 0.0
80.0 51728551.888118 51728553.508637995 51728555.129158 0.0 0.0 10754.724632645924 0.0 0.0 0.0
81.0 51728555.129158005 51728556.749678 51728558.370198004 0.0 0.0 10754.724632645924 0.0 0.0 0.0
82.0 51728558.370198004 51728559.99071801 51728561.611238 0.0 0.0 10754.724632645924 0.0 0.0 0.0
83.0 51728561.611238 51728563.231758 51728564.852278 0.0 0.0 10754.724632645924 0.0 0.0 0.0
84.0 51728564.852278 51728566.472798005 51728568.093318 0.0 0.0 10754.724632645924 0.0 0.0 0.0
85.0 51728568.093318 51728569.713837996 51728571.334358 0.0 0.0 10754.724632645924 0.0 0.0 0.0
86.0 51728571.334358 51728572.954878 51728574.575398 0.0 0.0 10754.724632645924 0.0 0.0 0.0
87.0 51728574.575398006 51728576.19591801 51728577.816438004 0.0 0.0 10754.724632645924 0.0 0.0 0.0
88.0 51728577.816438004 51728579.436958 51728581.057478 0.0 0.0 10754.724632645924 0.0 0.0 0.0
89.0 51728581.057478 51728582.67799801 51728584.298518 0.0 0.0 10754.724632645924 0.0 0.0 0.0
90.0 51728584.298518 51728585.919038 51728587.539558 0.0 0.0 10754.724632645924 0.0 0.0 0.0
91.0 51728587.539558 51728589.160078004 51728590.780598 0.0 0.0 10754.724632645924 0.0 0.0 0.0
92.0 51728590.780598 51728592.401117995 51728594.021638 0.0 0.0 10754.724632645924 0.0 0.0 0.0
93.0 51728594.021638 51728595.642158 51728597.262678 0.0 0.0 10754.724632645924 0.0 0.0 0.0
94.0 51728597.262678005 51728598.88319801 51728600.503718 0.0 0.0 10754.724632645924 0.0 0.0 0.0
95.0 51728600.503718 51728602.124238 51728603.744758 0.0 0.0 10754.724632645924 0.0 0.0 0.0
96.0 51728603.744758 51728605.365278006 51728606.985798 0.0 0.0 10754.724632645924 0.0 0.0 0.0
97.0 51728606.985798 51728608.606318 51728610.226838 0.0 0.0 10754.724632645924 0.0 0.0 0.0
98.0 51728610.226838 51728611.847358 51728613.467878 0.0 0.0 10754.724632645924 0.0 0.0 0.0
99.0 51728613.467878 51728615.088397995 51728616.708918 0.0 0.0 10754.724632645924 0.0 0.0 0.0
100.0 51728616.708918005 51728618.329438 51728619.949958004 0.0 0.0 10754.724632645924 0.0 0.0 0.0
101.0 51728619.949958004 51728621.57047801 51728623.190998 0.0 0.0 10754.724632645924 0.0 0.0 0.0
102.0 51728623.190998 51728624.811518 51728626.432038 0.0 0.0 10754.724632645924 0.0 0.0 0.0
103.0 51728626.432038 51728628.052558005 51728629.673078 0.0 0.0 10754.724632645924 0.0 0.0 0.0
104.0 51728629.673078 51728631.293597996 51728632.914118 0.0 0.0 10754.724632645924 0.0 0.0 0.0
105.0 51728632.914118 51728634.534638 51728636.155158 0.0 0.0 10754.724632645924 0.0 0.0 0.0
106.0 51728636.155158 51728637.775677994 51728639.396198 0.0 0.0 10754.724632645924 0.0 0.0 0.0
107.0 51728639.396198004 51728641.016718 51728642.637238 0.0 0.0 10754.724632645924 0.0 0.0 0.0
108.0 51728642.637238 51728644.25775801 51728645.878278 0.0 0.0 10754.724632645924 0.0 0.0 0.0
109.0 51728645.878278 51728647.498798 51728649.119318 0.0 0.0 10754.724632645924 0.0 0.0 0.0
110.0 51728649.119318 51728650.739838004 51728652.360358 0.0 0.0 10754.724632645924 0.0 0.0 0.0
111.0 51728652.360358 51728653.980877995 51728655.601398 0.0 0.0 10754.724632645924 0.0 0.0 0.0
112.0 51728655.601398 51728657.221918 51728658.842438 0.0 0.0 10754.724632645924 0.0 0.0 0.0
113.0 51728658.842438005 51728660.46295801 51728662.083478004 0.0 0.0 10754.724632645924 0.0 0.0 0.0
114.0 51728662.083478004 51728663.703998 51728665.324518 0.0 0.0 10754.724632645924 0.0 0.0 0.0
115.0 51728665.324518 51728666.945038006 51728668.565558 0.0 0.0 10754.724632645924 0.0 0.0 0.0
116.0 51728668.565558 51728670.186078 51728671.806598 0.0 0.0 10754.724632645924 0.0 0.0 0.0
117.0 51728671.806598 51728673.427118 51728675.047638 0.0 0.0 10754.724632645924 0.0 0.0 0.0
118.0 51728675.047638 51728676.668157995 51728678.288678 0.0 0.0 10754.724632645924 0.0 0.0 0.0
119.0 51728678.288678005 51728679.909198 51728681.529718004 0.0 0.0 10754.724632645924 0.0 0.0 0.0
120.0 51728681.529718004 51728683.15023801 51728684.770758 0.0 0.0 10754.724632645924 0.0 0.0 0.0
121.0 51728684.770758 51728686.391278 51728688.011798 0.0 0.0 10754.724632645924 0.0 0.0 0.0
122.0 51728688.011798 51728689.632318005 51728691.252838 0.0 0.0 10754.724632645924 0.0 0.0 0.0
123.0 51728691.252838 51728692.873358 51728694.493878 0.0 0.0 10754.724632645924 0.0 0.0 0.0
124.0 51728694.493878 51728696.114398 51728697.734918 0.0 0.0 10754.724632645924 0.0 0.0 0.0
125.0 51728697.734918 51728699.355437994 51728700.975958 0.0 0.0 10754.724632645924 0.0 0.0 0.0
126.0 51728700.975958005 51728702.596478 51728704.216998 0.0 0.0 10754.724632645924 0.0 0.0 0.0
127.0 51728704.216998 51728705.83751801 51728707.458038 0.0 0.0 10754.724632645924 0.0 0.0 0.0
128.0 51728707.458038 51728709.078558 51728710.699078 0.0 0.0 10754.724632645924 0.0 0.0 0.0
129.0 51728710.699078 51728712.319598004 51728713.940118 0.0 0.0 10754.724632645924 0.0 0.0 0.0
130.0 51728713.940118 51728715.560637996 51728717.181158 0.0 0.0 10754.724632645924 0.0 0.0 0.0
131.0 51728717.181158 51728718.801678 51728720.422198 0.0 0.0 10754.724632645924 0.0 0.0 0.0
132.0 51728720.422198005 51728722.04271801 51728723.663238004 0.0 0.0 10754.724632645924 0.0 0.0 0.0
133.0 51728723.663238004 51728725.283758 51728726.904278 0.0 0.0 10754.724632645924 0.0 0.0 0.0
134.0 51728726.904278 51728728.524798006 51728730.145318 0.0 0.0 10754.724632645924 0.0 0.0 0.0
135.0 51728730.145318 51728731.765838 51728733.386358 0.0 0.0 10754.724632645924 0.0 0.0 0.0
136.0 51728733.386358 51728735.006878 51728736.627398 0.0 0.0 10754.724632645924 0.0 0.0 0.0
137.0 51728736.627398 51728738.247917995 51728739.868438 0.0 0.0 10754.724632645924 0.0 0.0 0.0
138.0 51728739.868438005 51728741.488958 51728743.109478004 0.0 0.0 10754.724632645924 0.0 0.0 0.0
139.0 51728743.109478004 51728744.72999801 51728746.350518 0.0 0.0 10754.724632645924 0.0 0.0 0.0
140.0 51728746.350518 51728747.971038 51728749.591558 0.0 0.0 10754.724632645924 0.0 0.0 0.0
141.0 51728749.591558 51728751.212078005 51728752.832598 0.0 0.0 10754.724632645924 0.0 0.0 0.0
142.0 51728752.832598 51728754.453118 51728756.073638 0.0 0.0 10754.724632645924 0.0 0.0 0.0
143.0 51728756.073638 51728757.694158 51728759.314678 0.0 0.0 10754.724632645924 0.0 0.0 0.0
144.0 51728759.314678 51728760.935197994 51728762.555718 0.0 0.0 10754.724632645924 0.0 0.0 0.0
145.0 51728762.555718005 51728764.176238 51728765.796758 0.0 0.0 10754.724632645924 0.0 0.0 0.0
146.0 51728765.796758 51728767.41727801 51728769.037798 0.0 0.0 10754.724632645924 0.0 0.0 0.0
147.0 51728769.037798 51728770.658318 51728772.278838 0.0 0.0 10754.724632645924 0.0 0.0 0.0
148.0 51728772.278838 51728773.899358004 51728775.519878 0.0 0.0 10754.724632645924 0.0 0.0 0.0
149.0 51728775.519878 51728777.140397996 51728778.760918 0.0 0.0 10754.724632645924 0.0 0.0 0.0
150.0 51728778.760918 51728780.381438 51728782.001958 0.0 0.0 10754.724632645924 0.0 0.0 0.0
151.0 51728782.001958005 51728783.62247801 51728785.242998004 0.0 0.0 10754.724632645924 0.0 0.0 0.0
152.0 51728785.242998004 51728786.863518 51728788.484038 0.0 0.0 10754.724632645924 0.0 0.0 0.0
153.0 51728788.484038 51728790.104558006 51728791.725078 0.0 0.0 10754.724632645924 0.0 0.0 0.0
154.0 51728791.725078 51728793.345598 51728794.966118 0.0 0.0 10754.724632645924 0.0 0.0 0.0
155.0 51728794.966118 51728796.586638 51728798.207158 0.0 0.0 10754.724632645924 0.0 0.0 0.0
156.0 51728798.207158 51728799.827677995 51728801.448198 0.0 0.0 10754.724632645924 0.0 0.0 0.0
157.0 51728801.448198006 51728803.068718 51728804.689238004 0.0 0.0 10754.724632645924 0.0 0.0 0.0
158.0 51728804.689238004 51728806.30975801 51728807.930278 0.0 0.0 10754.724632645924 0.0 0.0 0.0
159.0 51728807.930278 51728809.550798 51728811.171318 0.0 0.0 10754.724632645924 0.0 0.0 0.0
160.0 51728811.171318 51728812.791838005 51728814.412358 0.0 0.0 10754.724632645924 0.0 0.0 0.0
161.0 51728814.412358 51728816.032878 51728817.653398 0.0 0.0 10754.724632645924 0.0 0.0 0.0
162.0 51728817.653398 51728819.273918 51728820.894438 0.0 0.0 10754.724632645924 0.0 0.0 0.0
163.0 51728820.894438 51728822.514957994 51728824.135478 0.0 0.0 10754.724632645924 0.0 0.0 0.0
164.0 51728824.135478005 51728825.755998 51728827.376518 0.0 0.0 10754.724632645924 0.0 0.0 0.0
165.0 51728827.376518 51728828.99703801 51728830.617558 0.0 0.0 10754.724632645924 0.0 0.0 0.0
166.0 51728830.617558 51728832.238078 51728833.858598 0.0 0.0 10754.724632645924 0.0 0.0 0.0
167.0 51728833.858598 51728835.479118004 51728837.099638 0.0 0.0 10754.724632645924 0.0 0.0 0.0
168.0 51728837.099638 51728838.720157996 51728840.340678 0.0 0.0 10754.724632645924 0.0 0.0 0.0
169.0 51728840.340678 51728841.961198 51728843.581718 0.0 0.0 10754.724632645924 0.0 0.0 0.0
170.0 51728843.581718005 51728845.20223801 51728846.822758004 0.0 0.0 10754.724632645924 0.0 0.0 0.0
171.0 51728846.822758004 51728848.443278 51728850.063798 0.0 0.0 10754.724632645924 0.0 0.0 0.0
172.0 51728850.063798 51728851.684318006 51728853.304838 0.0 0.0 10754.724632645924 0.0 0.0 0.0
173.0 51728853.304838 51728854.925358 51728856.545878 0.0 0.0 10754.724632645924 0.0 0.0 0.0
174.0 51728856.545878 51728858.166398 51728859.786918 0.0 0.0 10754.724632645924 0.0 0.0 0.0
175.0 51728859.786918 51728861.407437995 51728863.027958 0.0 0.0 10754.724632645924 0.0 0.0 0.0
176.0 51728863.027958 51728864.648478 51728866.268998 0.0 0.0 10754.724632645924 0.0 0.0 0.0
177.0 51728866.268998004 51728867.88951801 51728869.510038 0.0 0.0 10754.724632645924 0.0 0.0 0.0
178.0 51728869.510038 51728871.130558 51728872.751078 0.0 0.0 10754.724632645924 0.0 0.0 0.0
179.0 51728872.751078 51728874.371598005 51728875.992118 0.0 0.0 10754.724632645924 0.0 0.0 0.0
180.0 51728875.992118 51728877.612638 51728879.233158 0.0 0.0 10754.724632645924 0.0 0.0 0.0
181.0 51728879.233158 51728880.853678 51728882.474198 0.0 0.0 10754.724632645924 0.0 0.0 0.0
182.0 51728882.474198 51728884.094717994 51728885.715238 0.0 0.0 10754.724632645924 0.0 0.0 0.0
183.0 51728885.715238005 51728887.335758 51728888.956278004 0.0 0.0 10754.724632645924 0.0 0.0 0.0
184.0 51728888.956278004 51728890.57679801 51728892.197318 0.0 0.0 10754.724632645924 0.0 0.0 0.0
185.0 51728892.197318 51728893.817838 51728895.438358 0.0 0.0 10754.724632645924 0.0 0.0 0.0
186.0 51728895.438358 51728897.058878005 51728898.679398 0.0 0.0 10754.724632645924 0.0 0.0 0.0
187.0 51728898.679398 51728900.299917996 51728901.920438 0.0 0.0 10754.724632645924 0.0 0.0 0.0
188.0 51728901.920438 51728903.540958 51728905.161478 0.0 0.0 10754.724632645924 0.0 0.0 0.0
189.0 51728905.161478005 51728906.78199801 51728908.402518004 0.0 0.0 10754.724632645924 0.0 0.0 0.0
190.0 51728908.402518004 51728910.023038 51728911.643558 0.0 0.0 10754.724632645924 0.0 0.0 0.0
191.0 51728911.643558 51728913.264078006 51728914.884598 0.0 0.0 10754.724632645924 0.0 0.0 0.0
192.0 51728914.884598 51728916.505118 51728918.125638 0.0 0.0 10754.724632645924 0.0 0.0 0.0
193.0 51728918.125638 51728919.746158004 51728921.366678 0.0 0.0 10754.724632645924 0.0 0.0 0.0
194.0 51728921.366678 51728922.987197995 51728924.607718 0.0 0.0 10754.724632645924 0.0 0.0 0.0
195.0 51728924.607718 51728926.228238 51728927.848758 0.0 0.0 10754.724632645924 0.0 0.0 0.0
196.0 51728927.848758005 51728929.46927801 51728931.089798 0.0 0.0 10754.724632645924 0.0 0.0 0.0
197.0 51728931.089798 51728932.710318 51728934.330838 0.0 0.0 10754.724632645924 0.0 0.0 0.0
198.0 51728934.330838 51728935.951358005 51728937.571878 0.0 0.0 10754.724632645924 0.0 0.0 0.0
199.0 51728937.571878 51728939.192398 51728940.812918 0.0 0.0 10754.724632645924 0.0 0.0 0.0
200.0 51728940.812918 51728942.433438 51728944.053958 0.0 0.0 10754.724632645924 0.0 0.0 0.0
201.0 51728944.053958 51728945.674477994 51728947.294998 0.0 0.0 10754.724632645924 0.0 0.0 0.0
202.0 51728947.294998005 51728948.915518 51728950.536038004 0.0 0.0 10754.724632645924 0.0 0.0 0.0
203.0 51728950.536038004 51728952.15655801 51728953.777078 0.0 0.0 10754.724632645924 0.0 0.0 0.0
204.0 51728953.777078 51728955.397598 51728957.018118 0.0 0.0 10754.724632645924 0.0 0.0 0.0
205.0 51728957.018118 51728958.638638005 51728960.259158 0.0 0.0 10754.724632645924 0.0 0.0 0.0
206.0 51728960.259158 51728961.879677996 51728963.500198 0.0 0.0 10754.724632645924 0.0 0.0 0.0
207.0 51728963.500198 51728965.120718 51728966.741238 0.0 0.0 10754.724632645924 0.0 0.0 0.0
208.0 51728966.741238005 51728968.36175801 51728969.982278004 0.0 0.0 10754.724632645924 0.0 0.0 0.0
209.0 51728969.982278004 51728971.602798 51728973.223318 0.0 0.0 10754.724632645924 0.0 0.0 0.0
210.0 51728973.223318 51728974.843838006 51728976.464358 0.0 0.0 10754.724632645924 0.0 0.0 0.0
211.0 51728976.464358 51728978.084878 51728979.705398 0.0 0.0 10754.724632645924 0.0 0.0 0.0
212.0 51728979.705398 51728981.325918004 51728982.946438 0.0 0.0 10754.724632645924 0.0 0.0 0.0
213.0 51728982.946438 51728984.566957995 51728986.187478 0.0 0.0 10754.724632645924 0.0 0.0 0.0
214.0 51728986.187478 51728987.807998 51728989.428518 0.0 0.0 10754.724632645924 0.0 0.0 0.0
215.0 51728989.428518005 51728991.04903801 51728992.669558 0.0 0.0 10754.724632645924 0.0 0.0 0.0
216.0 51728992.669558 51728994.290078 51728995.910598 0.0 0.0 10754.724632645924 0.0 0.0 0.0
217.0 51728995.910598 51728997.531118006 51728999.151638 0.0 0.0 10754.724632645924 0.0 0.0 0.0
218.0 51728999.151638 51729000.772158 51729002.392678 0.0 0.0 10754.724632645924 0.0 0.0 0.0
219.0 51729002.392678 51729004.013198 51729005.633718 0.0 0.0 10754.724632645924 0.0 0.0 0.0
220.0 51729005.633718 51729007.254237995 51729008.874758 0.0 0.0 10754.724632645924 0.0 0.0 0.0
221.0 51729008.874758005 51729010.495278 51729012.115798004 0.0 0.0 10754.724632645924 0.0 0.0 0.0
222.0 51729012.115798004 51729013.73631801 51729015.356838 0.0 0.0 10754.724632645924 0.0 0.0 0.0
223.0 51729015.356838 51729016.977358 51729018.597878 0.0 0.0 10754.724632645924 0.0 0.0 0.0
224.0 51729018.597878 51729020.218398005 51729021.838918 0.0 0.0 10754.724632645924 0.0 0.0 0.0
225.0 51729021.838918 51729023.459437996 51729025.079958 0.0 0.0 10754.724632645924 0.0 0.0 0.0
226.0 51729025.079958 51729026.700478 51729028.320998 0.0 0.0 10754.724632645924 0.0 0.0 0.0
227.0 51729028.320998006 51729029.94151801 51729031.562038004 0.0 0.0 10754.724632645924 0.0 0.0 0.0
228.0 51729031.562038004 51729033.182558 51729034.803078 0.0 0.0 10754.724632645924 0.0 0.0 0.0
229.0 51729034.803078 51729036.42359801 51729038.044118 0.0 0.0 10754.724632645924 0.0 0.0 0.0
230.0 51729038.044118 51729039.664638 51729041.285158 0.0 0.0 10754.724632645924 0.0 0.0 0.0
231.0 51729041.285158 51729042.905678004 51729044.526198 0.0 0.0 10754.724632645924 0.0 0.0 0.0
232.0 51729044.526198 51729046.146717995 51729047.767238 0.0 0.0 10754.724632645924 0.0 0.0 0.0
233.0 51729047.767238 51729049.387758 51729051.008278 0.0 0.0 10754.724632645924 0.0 0.0 0.0
234.0 51729051.008278005 51729052.62879801 51729054.249318 0.0 0.0 10754.724632645924 0.0 0.0 0.0
235.0 51729054.249318 51729055.869838 51729057.490358 0.0 0.0 10754.724632645924 0.0 0.0 0.0
236.0 51729057.490358 51729059.110878006 51729060.731398 0.0 0.0 10754.724632645924 0.0 0.0 0.0
237.0 51729060.731398 51729062.351918 51729063.972438 0.0 0.0 10754.724632645924 0.0 0.0 0.0
238.0 51729063.972438 51729065.592958 51729067.213478 0.0 0.0 10754.724632645924 0.0 0.0 0.0
239.0 51729067.213478 51729068.833997995 51729070.454518 0.0 0.0 10754.724632645924 0.0 0.0 0.0
240.0 51729070.454518005 51729072.075038 51729073.695558004 0.0 0.0 10754.724632645924 0.0 0.0 0.0
241.0 51729073.695558004 51729075.31607801 51729076.936598 0.0 0.0 10754.724632645924 0.0 0.0 0.0
242.0 51729076.936598 51729078.557118 51729080.177638 0.0 0.0 10754.724632645924 0.0 0.0 0.0
243.0 51729080.177638 51729081.798158005 51729083.418678 0.0 0.0 10754.724632645924 0.0 0.0 0.0
244.0 51729083.418678 51729085.039197996 51729086.659718 0.0 0.0 10754.724632645924 0.0 0.0 0.0
245.0 51729086.659718 51729088.280238 51729089.900758 0.0 0.0 10754.724632645924 0.0 0.0 0.0
246.0 51729089.900758 51729091.521277994 51729093.141798 0.0 0.0 10754.724632645924 0.0 0.0 0.0
247.0 51729093.141798005 51729094.762318 51729096.382838 0.0 0.0 10754.724632645924 0.0 0.0 0.0
248.0 51729096.382838 51729098.00335801 51729099.623878 0.0 0.0 10754.724632645924 0.0 0.0 0.0
249.0 51729099.623878 51729101.244398 51729102.864918 0.0 0.0 10754.724632645924 0.0 0.0 0.0
250.0 51729102.864918 51729104.485438004 51729106.105958 0.0 0.0 10754.724632645924 0.0 0.0 0.0
251.0 51729106.105958 51729107.726477996 51729109.346998 0.0 0.0 10754.724632645924 0.0 0.0 0.0
252.0 51729109.346998 51729110.967518 51729112.588038 0.0 0.0 10754.724632645924 0.0 0.0 0.0
253.0 51729112.588038005 51729114.20855801 51729115.829078004 0.0 0.0 10754.724632645924 0.0 0.0 0.0
254.0 51729115.829078004 51729117.449598 51729119.070118 0.0 0.0 10754.724632645924 0.0 0.0 0.0
255.0 51729119.070118 51729120.690638006 51729122.311158 0.0 0.0 10754.724632645924 0.0 0.0 0.0
256.0 51729122.311158 51729123.931678 51729125.552198 0.0 0.0 10754.724632645924 0.0 0.0 0.0
257.0 51729125.552198 51729127.172718 51729128.793238 0.0 0.0 10754.724632645924 0.0 0.0 0.0
258.0 51729128.793238 51729130.413757995 51729132.034278 0.0 0.0 10754.724632645924 0.0 0.0 0.0
259.0 51729132.034278005 51729133.654798 51729135.275318004 0.0 0.0 10754.724632645924 0.0 0.0 0.0
260.0 51729135.275318004 51729136.89583801 51729138.516358 0.0 0.0 10754.724632645924 0.0 0.0 0.0
261.0 51729138.516358 51729140.136878 51729141.757398 0.0 0.0 10754.724632645924 0.0 0.0 0.0
262.0 51729141.757398 51729143.377918005 51729144.998438 0.0 0.0 10754.724632645924 0.0 0.0 0.0
263.0 51729144.998438 51729146.618958 51729148.239478 0.0 0.0 10754.724632645924 0.0 0.0 0.0
264.0 51729148.239478 51729149.859998 51729151.480518 0.0 0.0 10754.724632645924 0.0 0.0 0.0
265.0 51729151.480518 51729153.101037994 51729154.721558 0.0 0.0 10754.724632645924 0.0 0.0 0.0
266.0 51729154.721558005 51729156.342078 51729157.962598 0.0 0.0 10754.724632645924 0.0 0.0 0.0
267.0 51729157.962598 51729159.58311801 51729161.203638 0.0 0.0 10754.724632645924 0.0 0.0 0.0
268.0 51729161.203638 51729162.824158 51729164.444678 0.0 0.0 10754.724632645924 0.0 0.0 0.0
269.0 51729164.444678 51729166.065198004 51729167.685718 0.0 0.0 10754.724632645924 0.0 0.0 0.0
270.0 51729167.685718 51729169.306237996 51729170.926758 0.0 0.0 10754.724632645924 0.0 0.0 0.0
271.0 51729170.926758 51729172.547278 51729174.167798 0.0 0.0 10754.724632645924 0.0 0.0 0.0
272.0 51729174.167798005 51729175.78831801 51729177.408838004 0.0 0.0 10754.724632645924 0.0 0.0 0.0
273.0 51729177.408838004 51729179.029358 51729180.649878 0.0 0.0 10754.724632645924 0.0 0.0 0.0
274.0 51729180.649878 51729182.270398006 51729183.890918 0.0 0.0 10754.724632645924 0.0 0.0 0.0
275.0 51729183.890918 51729185.511438 51729187.131958 0.0 0.0 10754.724632645924 0.0 0.0 0.0
276.0 51729187.131958 51729188.752478 51729190.372998 0.0 0.0 10754.724632645924 0.0 0.0 0.0
277.0 51729190.372998 51729191.993517995 51729193.614038 0.0 0.0 10754.724632645924 0.0 0.0 0.0
278.0 51729193.614038005 51729195.234558 51729196.855078004 0.0 0.0 10754.724632645924 0.0 0.0 0.0
279.0 51729196.855078004 51729198.47559801 51729200.096118 0.0 0.0 10754.724632645924 0.0 0.0 0.0
280.0 51729200.096118 51729201.716638 51729203.337158 0.0 0.0 10754.724632645924 0.0 0.0 0.0
281.0 51729203.337158 51729204.957678005 51729206.578198 0.0 0.0 10754.724632645924 1.8490379501006473 0.0 0.0
282.0 51729206.578198 51729208.198718 51729209.819238 0.0 0.0 10754.724632645924 3.199999998844195 0.0 0.0
283.0 51729209.819238 51729211.439758 51729213.060278 0.0 0.0 10754.724632645924 3.199999998844195 0.0 0.0
284.0 51729213.060278 51729214.680797994 51729216.301318 0.0 0.0 10754.724632645924 3.199999998844195 0.0 0.0
285.0 51729216.301318005 51729217.921838 51729219.542358 0.0 0.0 10754.724632645924 3.199999998844195 0.0 0.0
286.0 51729219.542358 51729221.16287801 51729222.783398 0.0 0.0 10754.724632645924 3.199999998844195 0.0 0.0
287.0 51729222.783398 51729224.403918 51729226.024438 0.0 0.0 10754.724632645924 3.199999998844195 0.0 0.0
288.0 51729226.024438 51729227.644958004 51729229.265478 0.0 0.0 10754.724632645924 3.199999998844195 0.0 0.0
289.0 51729229.265478 51729230.885997996 51729232.506518 2.0 1.4142135623730951 10754.724632645924 3.199999998844195 0.6250000002257432 0.44194173840121675
290.0 51729232.506518 51729234.127038 51729235.747558 0.0 0.0 10754.724632645924 3.199999998844195 0.0 0.0
291.0 51729235.747558005 51729237.36807801 51729238.988598004 0.0 0.0 10754.724632645924 3.199999998844195 0.0 0.0
292.0 51729238.988598004 51729240.609118 51729242.229638 0.0 0.0 10754.724632645924 3.199999998844195 0.0 0.0
293.0 51729242.229638 51729243.850158006 51729245.470678 1.0 1.0 10754.724632645924 3.199999998844195 0.3125000001128716 0.3125000001128716
294.0 51729245.470678 51729247.091198 51729248.711718 0.0 0.0 10754.724632645924 3.199999998844195 0.0 0.0
295.0 51729248.711718 51729250.332238 51729251.952758 0.0 0.0 10754.724632645924 3.199999998844195 0.0 0.0
296.0 51729251.952758 51729253.573277995 51729255.193798 0.0 0.0 10754.724632645924 3.199999998844195 0.0 0.0
297.0 51729255.193798006 51729256.814318 51729258.434838004 1.0 1.0 10754.724632645924 3.199999998844195 0.3125000001128716 0.3125000001128716
298.0 51729258.434838004 51729260.05535801 51729261.675878 0.0 0.0 10754.724632645924 3.199999998844195 0.0 0.0
299.0 51729261.675878 51729263.296398 51729264.916918 0.0 0.0 10754.724632645924 3.199999998844195 0.0 0.0
300.0 51729264.916918 51729266.537438005 51729268.157958 0.0 0.0 10754.724632645924 3.199999998844195 0.0 0.0
301.0 51729268.157958 51729269.778478 51729271.398998 0.0 0.0 10754.724632645924 3.199999998844195 0.0 0.0
302.0 51729271.398998 51729273.019518 51729274.640038 0.0 0.0 10754.724632645924 3.199999998844195 0.0 0.0
303.0 51729274.640038 51729276.260557994 51729277.881078 1.0 1.0 10754.724632645924 3.199999998844195 0.3125000001128716 0.3125000001128716
304.0 51729277.881078005 51729279.501598 51729281.122118 0.0 0.0 10754.724632645924 3.199999998844195 0.0 0.0
305.0 51729281.122118 51729282.74263801 51729284.363158 1.0 1.0 10754.724632645924 3.199999998844195 0.3125000001128716 0.3125000001128716
306.0 51729284.363158 51729285.983678 51729287.604198 1.0 1.0 10754.724632645924 3.199999998844195 0.3125000001128716 0.3125000001128716
307.0 51729287.604198 51729289.224718004 51729290.845238 1.0 1.0 10754.724632645924 3.199999998844195 0.3125000001128716 0.3125000001128716
308.0 51729290.845238 51729292.465757996 51729294.086278 0.0 0.0 10754.724632645924 3.199999998844195 0.0 0.0
309.0 51729294.086278 51729295.706798 51729297.327318 1.0 1.0 10754.724632645924 3.199999998844195 0.3125000001128716 0.3125000001128716
310.0 51729297.327318005 51729298.94783801 51729300.568358004 0.0 0.0 10754.724632645924 3.199999998844195 0.0 0.0
311.0 51729300.568358004 51729302.188878 51729303.809398 1.0 1.0 10754.724632645924 3.199999998844195 0.3125000001128716 0.3125000001128716
312.0 51729303.809398 51729305.429918006 51729307.050438 1.0 1.0 10754.724632645924 3.199999998844195 0.3125000001128716 0.3125000001128716
313.0 51729307.050438 51729308.670958 51729310.291478 1.0 1.0 10754.724632645924 3.199999998844195 0.3125000001128716 0.3125000001128716
314.0 51729310.291478 51729311.911998 51729313.532518 0.0 0.0 10754.724632645924 3.199999998844195 0.0 0.0
315.0 51729313.532518 51729315.153037995 51729316.773558 2.0 1.4142135623730951 10754.724632645924 3.199999998844195 0.6250000002257432 0.44194173840121675
316.0 51729316.773558 51729318.394078 51729320.014598 0.0 0.0 10754.724632645924 3.199999998844195 0.0 0.0
317.0 51729320.014598005 51729321.63511801 51729323.255638 0.0 0.0 10754.724632645924 3.199999998844195 0.0 0.0
318.0 51729323.255638 51729324.876158 51729326.496678 0.0 0.0 10754.724632645924 3.199999998844195 0.0 0.0
319.0 51729326.496678 51729328.117198005 51729329.737718 1.0 1.0 10754.724632645924 3.199999998844195 0.3125000001128716 0.3125000001128716
320.0 51729329.737718 51729331.358238 51729332.978758 0.0 0.0 10754.724632645924 3.199999998844195 0.0 0.0
321.0 51729332.978758 51729334.599278 51729336.219798 0.0 0.0 10754.724632645924 3.199999998844195 0.0 0.0
322.0 51729336.219798 51729337.840317994 51729339.460838 0.0 0.0 10754.724632645924 3.199999998844195 0.0 0.0
323.0 51729339.460838005 51729341.081358 51729342.701878004 1.0 1.0 10754.724632645924 3.199999998844195 0.3125000001128716 0.3125000001128716
324.0 51729342.701878004 51729344.32239801 51729345.942918 0.0 0.0 10754.724632645924 3.199999998844195 0.0 0.0
325.0 51729345.942918 51729347.563438 51729349.183958 0.0 0.0 10754.724632645924 3.199999998844195 0.0 0.0
326.0 51729349.183958 51729350.804478005 51729352.424998 3.0 1.7320508075688772 10754.724632645924 3.199999998844195 0.9375000003386148 0.5412658775607735
327.0 51729352.424998 51729354.045517996 51729355.666038 0.0 0.0 10754.724632645924 3.199999998844195 0.0 0.0
328.0 51729355.666038 51729357.286558 51729358.907078 2.0 1.4142135623730951 10754.724632645924 3.199999998844195 0.6250000002257432 0.44194173840121675
329.0 51729358.907078005 51729360.52759801 51729362.148118004 1.0 1.0 10754.724632645924 3.199999998844195 0.3125000001128716 0.3125000001128716
330.0 51729362.148118004 51729363.768638 51729365.389158 0.0 0.0 10754.724632645924 3.199999998844195 0.0 0.0
331.0 51729365.389158 51729367.009678006 51729368.630198 0.0 0.0 10754.724632645924 3.199999998844195 0.0 0.0
332.0 51729368.630198 51729370.250718 51729371.871238 0.0 0.0 10754.724632645924 3.199999998844195 0.0 0.0
333.0 51729371.871238 51729373.491758004 51729375.112278 1.0 1.0 10754.724632645924 3.199999998844195 0.3125000001128716 0.3125000001128716
334.0 51729375.112278 51729376.732797995 51729378.353318 0.0 0.0 10754.724632645924 3.199999998844195 0.0 0.0
335.0 51729378.353318 51729379.973838 51729381.594358 0.0 0.0 10754.724632645924 3.199999998844195 0.0 0.0
336.0 51729381.594358005 51729383.21487801 51729384.835398 1.0 1.0 10754.724632645924 3.199999998844195 0.3125000001128716 0.3125000001128716
337.0 51729384.835398 51729386.455918 51729388.076438 0.0 0.0 10754.724632645924 3.199999998844195 0.0 0.0
338.0 51729388.076438 51729389.696958005 51729391.317478 0.0 0.0 10754.724632645924 3.199999998844195 0.0 0.0
339.0 51729391.317478 51729392.937998 51729394.558518 0.0 0.0 10754.724632645924 3.199999998844195 0.0 0.0
340.0 51729394.558518 51729396.179038 51729397.799558 0.0 0.0 10754.724632645924 3.199999998844195 0.0 0.0
341.0 51729397.799558 51729399.420077994 51729401.040598 1.0 1.0 10754.724632645924 3.199999998844195 0.3125000001128716 0.3125000001128716
342.0 51729401.040598005 51729402.661118 51729404.281638004 1.0 1.0 10754.724632645924 3.199999998844195 0.3125000001128716 0.3125000001128716
343.0 51729404.281638004 51729405.90215801 51729407.522678 0.0 0.0 10754.724632645924 3.199999998844195 0.0 0.0
344.0 51729407.522678 51729409.143198 51729410.763718 1.0 1.0 10754.724632645924 3.199999998844195 0.3125000001128716 0.3125000001128716
345.0 51729410.763718 51729412.384238005 51729414.004758 0.0 0.0 10754.724632645924 3.199999998844195 0.0 0.0
346.0 51729414.004758 51729415.625277996 51729417.245798 0.0 0.0 10754.724632645924 3.199999998844195 0.0 0.0
347.0 51729417.245798 51729418.866318 51729420.486838 0.0 0.0 10754.724632645924 3.199999998844195 0.0 0.0
348.0 51729420.486838005 51729422.10735801 51729423.727878004 1.0 1.0 10754.724632645924 3.199999998844195 0.3125000001128716 0.3125000001128716
349.0 51729423.727878004 51729425.348398 51729426.968918 1.0 1.0 10754.724632645924 3.199999998844195 0.3125000001128716 0.3125000001128716
350.0 51729426.968918 51729428.58943801 51729430.209958 1.0 1.0 10754.724632645924 3.199999998844195 0.3125000001128716 0.3125000001128716
351.0 51729430.209958 51729431.830478 51729433.450998 2.0 1.4142135623730951 10754.724632645924 3.199999998844195 0.6250000002257432 0.44194173840121675
352.0 51729433.450998 51729435.071518004 51729436.692038 1.0 1.0 10754.724632645924 3.199999998844195 0.3125000001128716 0.3125000001128716
353.0 51729436.692038 51729438.312557995 51729439.933078 2.0 1.4142135623730951 10754.724632645924 3.199999998844195 0.6250000002257432 0.44194173840121675
354.0 51729439.933078 51729441.553598 51729443.174118 0.0 0.0 10754.724632645924 3.199999998844195 0.0 0.0
355.0 51729443.174118005 51729444.79463801 51729446.415158 0.0 0.0 10754.724632645924 3.199999998844195 0.0 0.0
356.0 51729446.415158 51729448.035678 51729449.656198 1.0 1.0 10754.724632645924 3.199999998844195 0.3125000001128716 0.3125000001128716
357.0 51729449.656198 51729451.276718006 51729452.897238 1.0 1.0 10754.724632645924 3.199999998844195 0.3125000001128716 0.3125000001128716
358.0 51729452.897238 51729454.517758 51729456.138278 1.0 1.0 10754.724632645924 3.199999998844195 0.3125000001128716 0.3125000001128716
359.0 51729456.138278 51729457.758798 51729459.379318 0.0 0.0 10754.724632645924 3.199999998844195 0.0 0.0
360.0 51729459.379318 51729460.999837995 51729462.620358 0.0 0.0 10754.724632645924 3.199999998844195 0.0 0.0
361.0 51729462.620358005 51729464.240878 51729465.861398004 2.0 1.4142135623730951 10754.724632645924 3.199999998844195 0.6250000002257432 0.44194173840121675
362.0 51729465.861398004 51729467.48191801 51729469.102438 1.0 1.0 10754.724632645924 3.199999998844195 0.3125000001128716 0.3125000001128716
363.0 51729469.102438 51729470.722958 51729472.343478 0.0 0.0 10754.724632645924 3.199999998844195 0.0 0.0
364.0 51729472.343478 51729473.963998005 51729475.584518 2.0 1.4142135623730951 10754.724632645924 3.199999998844195 0.6250000002257432 0.44194173840121675
365.0 51729475.584518 51729477.205037996 51729478.825558 0.0 0.0 10754.724632645924 3.199999998844195 0.0 0.0
366.0 51729478.825558 51729480.446078 51729482.066598 0.0 0.0 10754.724632645924 3.199999998844195 0.0 0.0
367.0 51729482.066598006 51729483.68711801 51729485.307638004 0.0 0.0 10754.724632645924 3.199999998844195 0.0 0.0
368.0 51729485.307638004 51729486.928158 51729488.548678 0.0 0.0 10754.724632645924 3.199999998844195 0.0 0.0
369.0 51729488.548678 51729490.16919801 51729491.789718 0.0 0.0 10754.724632645924 3.199999998844195 0.0 0.0
370.0 51729491.789718 51729493.410238 51729495.030758 0.0 0.0 10754.724632645924 3.199999998844195 0.0 0.0
371.0 51729495.030758 51729496.651278004 51729498.271798 3.0 1.7320508075688772 10754.724632645924 3.199999998844195 0.9375000003386148 0.5412658775607735
372.0 51729498.271798 51729499.892317995 51729501.512838 1.0 1.0 10754.724632645924 3.199999998844195 0.3125000001128716 0.3125000001128716
373.0 51729501.512838 51729503.133358 51729504.753878 1.0 1.0 10754.724632645924 3.199999998844195 0.3125000001128716 0.3125000001128716
374.0 51729504.753878005 51729506.37439801 51729507.994918 0.0 0.0 10754.724632645924 3.199999998844195 0.0 0.0
375.0 51729507.994918 51729509.615438 51729511.235958 0.0 0.0 10754.724632645924 3.199999998844195 0.0 0.0
376.0 51729511.235958 51729512.856478006 51729514.476998 2.0 1.4142135623730951 10754.724632645924 3.199999998844195 0.6250000002257432 0.44194173840121675
377.0 51729514.476998 51729516.097518 51729517.718038 0.0 0.0 10754.724632645924 3.199999998844195 0.0 0.0
378.0 51729517.718038 51729519.338558 51729520.959078 0.0 0.0 10754.724632645924 3.199999998844195 0.0 0.0
379.0 51729520.959078 51729522.579597995 51729524.200118 0.0 0.0 10754.724632645924 3.199999998844195 0.0 0.0
380.0 51729524.200118005 51729525.820638 51729527.441158004 1.0 1.0 10754.724632645924 3.199999998844195 0.3125000001128716 0.3125000001128716
381.0 51729527.441158004 51729529.06167801 51729530.682198 0.0 0.0 10754.724632645924 3.199999998844195 0.0 0.0
382.0 51729530.682198 51729532.302718 51729533.923238 0.0 0.0 10754.724632645924 3.199999998844195 0.0 0.0
383.0 51729533.923238 51729535.543758005 51729537.164278 0.0 0.0 10754.724632645924 3.199999998844195 0.0 0.0
384.0 51729537.164278 51729538.784798 51729540.405318 0.0 0.0 10754.724632645924 3.199999998844195 0.0 0.0
385.0 51729540.405318 51729542.025838 51729543.646358 2.0 1.4142135623730951 10754.724632645924 3.199999998844195 0.6250000002257432 0.44194173840121675
386.0 51729543.646358 51729545.266877994 51729546.887398 0.0 0.0 10754.724632645924 3.199999998844195 0.0 0.0
387.0 51729546.887398005 51729548.507918 51729550.128438 2.0 1.4142135623730951 10754.724632645924 3.199999998844195 0.6250000002257432 0.44194173840121675
388.0 51729550.128438 51729551.74895801 51729553.369478 1.0 1.0 10754.724632645924 3.199999998844195 0.3125000001128716 0.3125000001128716
389.0 51729553.369478 51729554.989998 51729556.610518 0.0 0.0 10754.724632645924 3.199999998844195 0.0 0.0
390.0 51729556.610518 51729558.231038004 51729559.851558 1.0 1.0 10754.724632645924 3.199999998844195 0.3125000001128716 0.3125000001128716
391.0 51729559.851558 51729561.472077996 51729563.092598 1.0 1.0 10754.724632645924 3.199999998844195 0.3125000001128716 0.3125000001128716
392.0 51729563.092598 51729564.713118 51729566.333638 1.0 1.0 10754.724632645924 3.199999998844195 0.3125000001128716 0.3125000001128716
393.0 51729566.333638005 51729567.95415801 51729569.574678004 2.0 1.4142135623730951 10754.724632645924 3.199999998844195 0.6250000002257432 0.44194173840121675
394.0 51729569.574678004 51729571.195198 51729572.815718 0.0 0.0 10754.724632645924 3.199999998844195 0.0 0.0
395.0 51729572.815718 51729574.436238006 51729576.056758 0.0 0.0 10754.724632645924 3.199999998844195 0.0 0.0
396.0 51729576.056758 51729577.677278 51729579.297798 0.0 0.0 10754.724632645924 3.199999998844195 0.0 0.0
397.0 51729579.297798 51729580.918318 51729582.538838 0.0 0.0 10754.724632645924 3.199999998844195 0.0 0.0
398.0 51729582.538838 51729584.159357995 51729585.779878 0.0 0.0 10754.724632645924 3.199999998844195 0.0 0.0
399.0 51729585.779878005 51729587.400398 51729589.020918004 1.0 1.0 10754.724632645924 3.199999998844195 0.3125000001128716 0.3125000001128716
400.0 51729589.020918004 51729590.64143801 51729592.261958 1.0 1.0 10754.724632645924 3.199999998844195 0.3125000001128716 0.3125000001128716
401.0 51729592.261958 51729593.882478 51729595.502998 0.0 0.0 10754.724632645924 3.199999998844195 0.0 0.0
402.0 51729595.502998 51729597.123518005 51729598.744038 2.0 1.4142135623730951 10754.724632645924 3.199999998844195 0.6250000002257432 0.44194173840121675
403.0 51729598.744038 51729600.364558 51729601.985078 1.0 1.0 10754.724632645924 3.199999998844195 0.3125000001128716 0.3125000001128716
404.0 51729601.985078 51729603.605598 51729605.226118 0.0 0.0 10754.724632645924 3.199999998844195 0.0 0.0
405.0 51729605.226118 51729606.846637994 51729608.467158 0.0 0.0 10754.724632645924 3.199999998844195 0.0 0.0
406.0 51729608.467158005 51729610.087678 51729611.708198 0.0 0.0 10754.724632645924 3.199999998844195 0.0 0.0
407.0 51729611.708198 51729613.32871801 51729614.949238 0.0 0.0 10754.724632645924 3.199999998844195 0.0 0.0
408.0 51729614.949238 51729616.569758 51729618.190278 1.0 1.0 10754.724632645924 3.199999998844195 0.3125000001128716 0.3125000001128716
409.0 51729618.190278 51729619.810798004 51729621.431318 1.0 1.0 10754.724632645924 3.199999998844195 0.3125000001128716 0.3125000001128716
410.0 51729621.431318 51729623.051837996 51729624.672358 0.0 0.0 10754.724632645924 3.199999998844195 0.0 0.0
411.0 51729624.672358 51729626.292878 51729627.913398 1.0 1.0 10754.724632645924 3.199999998844195 0.3125000001128716 0.3125000001128716
412.0 51729627.913398005 51729629.53391801 51729631.154438004 0.0 0.0 10754.724632645924 3.199999998844195 0.0 0.0
413.0 51729631.154438004 51729632.774958 51729634.395478 0.0 0.0 10754.724632645924 3.199999998844195 0.0 0.0
414.0 51729634.395478 51729636.015998006 51729637.636518 0.0 0.0 10754.724632645924 3.199999998844195 0.0 0.0
415.0 51729637.636518 51729639.257038 51729640.877558 1.0 1.0 10754.724632645924 3.199999998844195 0.3125000001128716 0.3125000001128716
416.0 51729640.877558 51729642.498078 51729644.118598 1.0 1.0 10754.724632645924 3.199999998844195 0.3125000001128716 0.3125000001128716
417.0 51729644.118598 51729645.739117995 51729647.359638 0.0 0.0 10754.724632645924 3.199999998844195 0.0 0.0
418.0 51729647.359638005 51729648.980158 51729650.600678004 0.0 0.0 10754.724632645924 3.199999998844195 0.0 0.0
419.0 51729650.600678004 51729652.22119801 51729653.841718 2.0 1.4142135623730951 10754.724632645924 3.199999998844195 0.6250000002257432 0.44194173840121675
420.0 51729653.841718 51729655.462238 51729657.082758 1.0 1.0 10754.724632645924 3.199999998844195 0.3125000001128716 0.3125000001128716
421.0 51729657.082758 51729658.703278005 51729660.323798 1.0 1.0 10754.724632645924 3.199999998844195 0.3125000001128716 0.3125000001128716
422.0 51729660.323798 51729661.944318 51729663.564838 0.0 0.0 10754.724632645924 3.199999998844195 0.0 0.0
423.0 51729663.564838 51729665.185358 51729666.805878 0.0 0.0 10754.724632645924 3.199999998844195 0.0 0.0
424.0 51729666.805878 51729668.426397994 51729670.046918 1.0 1.0 10754.724632645924 3.199999998844195 0.3125000001128716 0.3125000001128716
425.0 51729670.046918005 51729671.667438 51729673.287958 0.0 0.0 10754.724632645924 3.199999998844195 0.0 0.0
426.0 51729673.287958 51729674.90847801 51729676.528998 1.0 1.0 10754.724632645924 3.199999998844195 0.3125000001128716 0.3125000001128716
427.0 51729676.528998 51729678.149518 51729679.770038 1.0 1.0 10754.724632645924 3.199999998844195 0.3125000001128716 0.3125000001128716
428.0 51729679.770038 51729681.390558004 51729683.011078 0.0 0.0 10754.724632645924 3.199999998844195 0.0 0.0
429.0 51729683.011078 51729684.631597996 51729686.252118 1.0 1.0 10754.724632645924 3.199999998844195 0.3125000001128716 0.3125000001128716
430.0 51729686.252118 51729687.872638 51729689.493158 0.0 0.0 10754.724632645924 3.199999998844195 0.0 0.0
431.0 51729689.493158005 51729691.11367801 51729692.734198004 0.0 0.0 10754.724632645924 3.199999998844195 0.0 0.0
432.0 51729692.734198004 51729694.354718 51729695.975238 0.0 0.0 10754.724632645924 3.199999998844195 0.0 0.0
433.0 51729695.975238 51729697.595758006 51729699.216278 1.0 1.0 10754.724632645924 3.199999998844195 0.3125000001128716 0.3125000001128716
434.0 51729699.216278 51729700.836798 51729702.457318 0.0 0.0 10754.724632645924 3.199999998844195 0.0 0.0
435.0 51729702.457318 51729704.077838 51729705.698358 0.0 0.0 10754.724632645924 3.199999998844195 0.0 0.0
436.0 51729705.698358 51729707.318877995 51729708.939398 0.0 0.0 10754.724632645924 3.199999998844195 0.0 0.0
437.0 51729708.939398006 51729710.559918 51729712.180438004 4.0 2.0 10754.724632645924 3.199999998844195 1.2500000004514864 0.6250000002257432
438.0 51729712.180438004 51729713.80095801 51729715.421478 1.0 1.0 10754.724632645924 3.199999998844195 0.3125000001128716 0.3125000001128716
439.0 51729715.421478 51729717.041998 51729718.662518 0.0 0.0 10754.724632645924 3.199999998844195 0.0 0.0
440.0 51729718.662518 51729720.283038005 51729721.903558 0.0 0.0 10754.724632645924 3.199999998844195 0.0 0.0
441.0 51729721.903558 51729723.524078 51729725.144598 0.0 0.0 10754.724632645924 3.199999998844195 0.0 0.0
442.0 51729725.144598 51729726.765118 51729728.385638 0.0 0.0 10754.724632645924 3.199999998844195 0.0 0.0
443.0 51729728.385638 51729730.006157994 51729731.626678 0.0 0.0 10754.724632645924 3.199999998844195 0.0 0.0
444.0 51729731.626678005 51729733.247198 51729734.867718 0.0 0.0 10754.724632645924 3.199999998844195 0.0 0.0
445.0 51729734.867718 51729736.48823801 51729738.108758 0.0 0.0 10754.724632645924 3.199999998844195 0.0 0.0
446.0 51729738.108758 51729739.729278 51729741.349798 0.0 0.0 10754.724632645924 3.199999998844195 0.0 0.0
447.0 51729741.349798 51729742.970318004 51729744.590838 0.0 0.0 10754.724632645924 3.199999998844195 0.0 0.0
448.0 51729744.590838 51729746.211357996 51729747.831878 1.0 1.0 10754.724632645924 3.199999998844195 0.3125000001128716 0.3125000001128716
449.0 51729747.831878 51729749.452398 51729751.072918 0.0 0.0 10754.724632645924 3.199999998844195 0.0 0.0
450.0 51729751.072918005 51729752.69343801 51729754.313958004 0.0 0.0 10754.724632645924 3.199999998844195 0.0 0.0
451.0 51729754.313958004 51729755.934478 51729757.554998 0.0 0.0 10754.724632645924 3.199999998844195 0.0 0.0
452.0 51729757.554998 51729759.175518006 51729760.796038 0.0 0.0 10754.724632645924 3.199999998844195 0.0 0.0
453.0 51729760.796038 51729762.416558 51729764.037078 0.0 0.0 10754.724632645924 3.199999998844195 0.0 0.0
454.0 51729764.037078 51729765.657598004 51729767.278118 1.0 1.0 10754.724632645924 3.199999998844195 0.3125000001128716 0.3125000001128716
455.0 51729767.278118 51729768.898637995 51729770.519158 0.0 0.0 10754.724632645924 3.199999998844195 0.0 0.0
456.0 51729770.519158 51729772.139678 51729773.760198 0.0 0.0 10754.724632645924 3.199999998844195 0.0 0.0
457.0 51729773.760198005 51729775.38071801 51729777.001238 0.0 0.0 10754.724632645924 3.199999998844195 0.0 0.0
458.0 51729777.001238 51729778.621758 51729780.242278 0.0 0.0 10754.724632645924 3.199999998844195 0.0 0.0
459.0 51729780.242278 51729781.862798005 51729783.483318 2.0 1.4142135623730951 10754.724632645924 3.199999998844195 0.6250000002257432 0.44194173840121675
460.0 51729783.483318 51729785.103838 51729786.724358 0.0 0.0 10754.724632645924 3.199999998844195 0.0 0.0
461.0 51729786.724358 51729788.344878 51729789.965398 0.0 0.0 10754.724632645924 3.199999998844195 0.0 0.0
462.0 51729789.965398 51729791.585917994 51729793.206438 1.0 1.0 10754.724632645924 3.199999998844195 0.3125000001128716 0.3125000001128716
463.0 51729793.206438005 51729794.826958 51729796.447478004 1.0 1.0 10754.724632645924 3.199999998844195 0.3125000001128716 0.3125000001128716
464.0 51729796.447478004 51729798.06799801 51729799.688518 1.0 1.0 10754.724632645924 3.199999998844195 0.3125000001128716 0.3125000001128716
465.0 51729799.688518 51729801.309038 51729802.929558 1.0 1.0 10754.724632645924 3.199999998844195 0.3125000001128716 0.3125000001128716
466.0 51729802.929558 51729804.550078005 51729806.170598 0.0 0.0 10754.724632645924 3.199999998844195 0.0 0.0
467.0 51729806.170598 51729807.791117996 51729809.411638 0.0 0.0 10754.724632645924 3.199999998844195 0.0 0.0
468.0 51729809.411638 51729811.032158 51729812.652678 0.0 0.0 10754.724632645924 3.199999998844195 0.0 0.0
469.0 51729812.652678005 51729814.27319801 51729815.893718004 1.0 1.0 10754.724632645924 3.199999998844195 0.3125000001128716 0.3125000001128716
470.0 51729815.893718004 51729817.514238 51729819.134758 2.0 1.4142135623730951 10754.724632645924 3.199999998844195 0.6250000002257432 0.44194173840121675
471.0 51729819.134758 51729820.755278006 51729822.375798 1.0 1.0 10754.724632645924 3.199999998844195 0.3125000001128716 0.3125000001128716
472.0 51729822.375798 51729823.996318 51729825.616838 0.0 0.0 10754.724632645924 3.199999998844195 0.0 0.0
473.0 51729825.616838 51729827.237358004 51729828.857878 0.0 0.0 10754.724632645924 3.199999998844195 0.0 0.0
474.0 51729828.857878 51729830.478397995 51729832.098918 0.0 0.0 10754.724632645924 3.199999998844195 0.0 0.0
475.0 51729832.098918 51729833.719438 51729835.339958 2.0 1.4142135623730951 10754.724632645924 3.199999998844195 0.6250000002257432 0.44194173840121675
476.0 51729835.339958005 51729836.96047801 51729838.580998 0.0 0.0 10754.724632645924 3.199999998844195 0.0 0.0
477.0 51729838.580998 51729840.201518 51729841.822038 1.0 1.0 10754.724632645924 3.199999998844195 0.3125000001128716 0.3125000001128716
478.0 51729841.822038 51729843.442558005 51729845.063078 0.0 0.0 10754.724632645924 3.199999998844195 0.0 0.0
479.0 51729845.063078 51729846.683598 51729848.304118 1.0 1.0 10754.724632645924 3.199999998844195 0.3125000001128716 0.3125000001128716
480.0 51729848.304118 51729849.924638 51729851.545158 0.0 0.0 10754.724632645924 3.199999998844195 0.0 0.0
481.0 51729851.545158 51729853.165677994 51729854.786198 0.0 0.0 10754.724632645924 3.199999998844195 0.0 0.0
482.0 51729854.786198005 51729856.406718 51729858.027238004 0.0 0.0 10754.724632645924 3.199999998844195 0.0 0.0
483.0 51729858.027238004 51729859.64775801 51729861.268278 0.0 0.0 10754.724632645924 3.199999998844195 0.0 0.0
484.0 51729861.268278 51729862.888798 51729864.509318 0.0 0.0 10754.724632645924 3.199999998844195 0.0 0.0
485.0 51729864.509318 51729866.129838005 51729867.750358 0.0 0.0 10754.724632645924 3.199999998844195 0.0 0.0
486.0 51729867.750358 51729869.370877996 51729870.991398 0.0 0.0 10754.724632645924 3.199999998844195 0.0 0.0
487.0 51729870.991398 51729872.611918 51729874.232438 0.0 0.0 10754.724632645924 3.199999998844195 0.0 0.0
488.0 51729874.232438006 51729875.85295801 51729877.473478004 0.0 0.0 10754.724632645924 3.199999998844195 0.0 0.0
489.0 51729877.473478004 51729879.093998 51729880.714518 0.0 0.0 10754.724632645924 3.199999998844195 0.0 0.0
490.0 51729880.714518 51729882.33503801 51729883.955558 1.0 1.0 10754.724632645924 3.199999998844195 0.3125000001128716 0.3125000001128716
491.0 51729883.955558 51729885.576078 51729887.196598 0.0 0.0 10754.724632645924 3.199999998844195 0.0 0.0
492.0 51729887.196598 51729888.817118004 51729890.437638 0.0 0.0 10754.724632645924 3.199999998844195 0.0 0.0
493.0 51729890.437638 51729892.058157995 51729893.678678 0.0 0.0 10754.724632645924 3.199999998844195 0.0 0.0
494.0 51729893.678678 51729895.299198 51729896.919718 0.0 0.0 10754.724632645924 3.199999998844195 0.0 0.0
495.0 51729896.919718005 51729898.54023801 51729900.160758 0.0 0.0 10754.724632645924 3.199999998844195 0.0 0.0
496.0 51729900.160758 51729901.781278 51729903.401798 1.0 1.0 10754.724632645924 3.199999998844195 0.3125000001128716 0.3125000001128716
497.0 51729903.401798 51729905.022318006 51729906.642838 0.0 0.0 10754.724632645924 3.199999998844195 0.0 0.0
498.0 51729906.642838 51729908.263358 51729909.883878 1.0 1.0 10754.724632645924 3.199999998844195 0.3125000001128716 0.3125000001128716
499.0 51729909.883878 51729911.504398 51729913.124918 0.0 0.0 10754.724632645924 3.199999998844195 0.0 0.0
500.0 51729913.124918 51729914.745437995 51729916.365958 1.0 1.0 10754.724632645924 3.199999998844195 0.3125000001128716 0.3125000001128716
501.0 51729916.365958005 51729917.986478 51729919.606998004 1.0 1.0 10754.724632645924 3.199999998844195 0.3125000001128716 0.3125000001128716
502.0 51729919.606998004 51729921.22751801 51729922.848038 1.0 1.0 10754.724632645924 3.199999998844195 0.3125000001128716 0.3125000001128716
503.0 51729922.848038 51729924.468558 51729926.089078 1.0 1.0 10754.724632645924 3.199999998844195 0.3125000001128716 0.3125000001128716
504.0 51729926.089078 51729927.709598005 51729929.330118 0.0 0.0 10754.724632645924 3.199999998844195 0.0 0.0
505.0 51729929.330118 51729930.950637996 51729932.571158 0.0 0.0 10754.724632645924 3.199999998844195 0.0 0.0
506.0 51729932.571158 51729934.191678 51729935.812198 1.0 1.0 10754.724632645924 3.199999998844195 0.3125000001128716 0.3125000001128716
507.0 51729935.812198006 51729937.43271801 51729939.053238004 0.0 0.0 10754.724632645924 3.199999998844195 0.0 0.0
508.0 51729939.053238004 51729940.673758 51729942.294278 1.0 1.0 10754.724632645924 3.199999998844195 0.3125000001128716 0.3125000001128716
509.0 51729942.294278 51729943.91479801 51729945.535318 0.0 0.0 10754.724632645924 3.199999998844195 0.0 0.0
510.0 51729945.535318 51729947.155838 51729948.776358 1.0 1.0 10754.724632645924 3.199999998844195 0.3125000001128716 0.3125000001128716
511.0 51729948.776358 51729950.396878004 51729952.017398 0.0 0.0 10754.724632645924 3.199999998844195 0.0 0.0
512.0 51729952.017398 51729953.637917995 51729955.258438 0.0 0.0 10754.724632645924 3.199999998844195 0.0 0.0
513.0 51729955.258438 51729956.878958 51729958.499478 0.0 0.0 10754.724632645924 3.199999998844195 0.0 0.0
514.0 51729958.499478005 51729960.11999801 51729961.740518 2.0 1.4142135623730951 10754.724632645924 3.199999998844195 0.6250000002257432 0.44194173840121675
515.0 51729961.740518 51729963.361038 51729964.981558 0.0 0.0 10754.724632645924 3.199999998844195 0.0 0.0
516.0 51729964.981558 51729966.602078006 51729968.222598 0.0 0.0 10754.724632645924 1.340799790046873 0.0 0.0
517.0 51729968.222598 51729969.843118 51729971.463638 0.0 0.0 10754.724632645924 0.0 0.0 0.0
518.0 51729971.463638 51729973.084158 51729974.704678 0.0 0.0 10754.724632645924 0.0 0.0 0.0
519.0 51729974.704678 51729976.325197995 51729977.945718 0.0 0.0 10754.724632645924 0.0 0.0 0.0
520.0 51729977.945718005 51729979.566238 51729981.186758004 0.0 0.0 10754.724632645924 0.0 0.0 0.0
521.0 51729981.186758004 51729982.80727801 51729984.427798 0.0 0.0 10754.724632645924 0.0 0.0 0.0
522.0 51729984.427798 51729986.048318 51729987.668838 0.0 0.0 10754.724632645924 0.0 0.0 0.0
523.0 51729987.668838 51729989.289358005 51729990.909878 0.0 0.0 10754.724632645924 0.0 0.0 0.0
524.0 51729990.909878 51729992.530398 51729994.150918 0.0 0.0 10754.724632645924 0.0 0.0 0.0
525.0 51729994.150918 51729995.771438 51729997.391958 0.0 0.0 10754.724632645924 0.0 0.0 0.0
526.0 51729997.391958 51729999.012477994 51730000.632998 0.0 0.0 10754.724632645924 0.0 0.0 0.0
527.0 51730000.632998005 51730002.253518 51730003.874038 0.0 0.0 10754.724632645924 0.0 0.0 0.0
528.0 51730003.874038 51730005.49455801 51730007.115078 0.0 0.0 10754.724632645924 0.0 0.0 0.0
529.0 51730007.115078 51730008.735598 51730010.356118 0.0 0.0 10754.724632645924 0.0 0.0 0.0
530.0 51730010.356118 51730011.976638004 51730013.597158 0.0 0.0 10754.724632645924 0.0 0.0 0.0
531.0 51730013.597158 51730015.217677996 51730016.838198 0.0 0.0 10754.724632645924 0.0 0.0 0.0
532.0 51730016.838198 51730018.458718 51730020.079238 0.0 0.0 10754.724632645924 0.0 0.0 0.0
533.0 51730020.079238005 51730021.69975801 51730023.320278004 0.0 0.0 10754.724632645924 0.0 0.0 0.0
534.0 51730023.320278004 51730024.940798 51730026.561318 0.0 0.0 10754.724632645924 0.0 0.0 0.0
535.0 51730026.561318 51730028.181838006 51730029.802358 0.0 0.0 10754.724632645924 0.0 0.0 0.0
536.0 51730029.802358 51730031.422878 51730033.043398 0.0 0.0 10754.724632645924 0.0 0.0 0.0
537.0 51730033.043398 51730034.663918 51730036.284438 0.0 0.0 10754.724632645924 0.0 0.0 0.0
538.0 51730036.284438 51730037.904957995 51730039.525478 0.0 0.0 10754.724632645924 0.0 0.0 0.0
539.0 51730039.525478005 51730041.145998 51730042.766518004 0.0 0.0 10754.724632645924 0.0 0.0 0.0
540.0 51730042.766518004 51730044.38703801 51730046.007558 0.0 0.0 10754.724632645924 0.0 0.0 0.0
541.0 51730046.007558 51730047.628078 51730049.248598 0.0 0.0 10754.724632645924 0.0 0.0 0.0
542.0 51730049.248598 51730050.869118005 51730052.489638 0.0 0.0 10754.724632645924 0.0 0.0 0.0
543.0 51730052.489638 51730054.110158 51730055.730678 0.0 0.0 10754.724632645924 0.0 0.0 0.0
544.0 51730055.730678 51730057.351198 51730058.971718 0.0 0.0 10754.724632645924 0.0 0.0 0.0
545.0 51730058.971718 51730060.592237994 51730062.212758 0.0 0.0 10754.724632645924 0.0 0.0 0.0
546.0 51730062.212758005 51730063.833278 51730065.453798 0.0 0.0 10754.724632645924 0.0 0.0 0.0
547.0 51730065.453798 51730067.07431801 51730068.694838 0.0 0.0 10754.724632645924 0.0 0.0 0.0
548.0 51730068.694838 51730070.315358 51730071.935878 0.0 0.0 10754.724632645924 0.0 0.0 0.0
549.0 51730071.935878 51730073.556398004 51730075.176918 0.0 0.0 10754.724632645924 0.0 0.0 0.0
550.0 51730075.176918 51730076.797437996 51730078.417958 0.0 0.0 10754.724632645924 0.0 0.0 0.0
551.0 51730078.417958 51730080.038478 51730081.658998 0.0 0.0 10754.724632645924 0.0 0.0 0.0
552.0 51730081.658998005 51730083.27951801 51730084.900038004 0.0 0.0 10754.724632645924 0.0 0.0 0.0
553.0 51730084.900038004 51730086.520558 51730088.141078 0.0 0.0 10754.724632645924 0.0 0.0 0.0
554.0 51730088.141078 51730089.761598006 51730091.382118 0.0 0.0 10754.724632645924 0.0 0.0 0.0
555.0 51730091.382118 51730093.002638 51730094.623158 0.0 0.0 10754.724632645924 0.0 0.0 0.0
556.0 51730094.623158 51730096.243678 51730097.864198 0.0 0.0 10754.724632645924 0.0 0.0 0.0
