TIME_BIN TIME_MIN TIME TIME_MAX COUNTS STAT_ERR AREA EXPOSURE COUNT_RATE COUNT_RATE_ERR
1.0 51732895.533624 51732897.154144004 51732898.774664 0.0 0.0 12081.393219023337 0.0 0.0 0.0
2.0 51732898.774664 51732900.395183995 51732902.015704 0.0 0.0 12081.393219023337 0.0 0.0 0.0
3.0 51732902.015704 51732903.636224 51732905.256744 0.0 0.0 12081.393219023337 0.0 0.0 0.0
4.0 51732905.256744 51732906.87726399 51732908.497783996 0.0 0.0 12081.393219023337 0.0 0.0 0.0
5.0 51732908.497784 51732910.118304 51732911.738824 0.0 0.0 12081.393219023337 0.0 0.0 0.0
6.0 51732911.738824 51732913.359344006 51732914.979864 0.0 0.0 12081.393219023337 0.0 0.0 0.0
7.0 51732914.979864 51732916.600384 51732918.220904 0.0 0.0 12081.393219023337 0.0 0.0 0.0
8.0 51732918.220904 51732919.841424 51732921.461944 0.0 0.0 12081.393219023337 0.0 0.0 0.0
9.0 51732921.461944 51732923.082463995 51732924.702984 0.0 0.0 12081.393219023337 0.0 0.0 0.0
10.0 51732924.702984 51732926.323504 51732927.944024 0.0 0.0 12081.393219023337 0.0 0.0 0.0
11.0 51732927.944024004 51732929.56454401 51732931.185064 0.0 0.0 12081.393219023337 0.0 0.0 0.0
12.0 51732931.185064 51732932.805584 51732934.426104 0.0 0.0 12081.393219023337 0.0 0.0 0.0
13.0 51732934.426104 51732936.046624005 51732937.667144 0.0 0.0 12081.393219023337 0.0 0.0 0.0
14.0 51732937.667144 51732939.287663996 51732940.908184 0.0 0.0 12081.393219023337 0.0 0.0 0.0
15.0 51732940.908184 51732942.528704 51732944.149224 0.0 0.0 12081.393219023337 0.0 0.0 0.0
16.0 51732944.149224 51732945.769743994 51732947.390264 0.0 0.0 12081.393219023337 0.0 0.0 0.0
17.0 51732947.390264004 51732949.010784 51732950.631304 0.0 0.0 12081.393219023337 0.0 0.0 0.0
18.0 51732950.631304 51732952.25182401 51732953.872344 0.0 0.0 12081.393219023337 0.0 0.0 0.0
19.0 51732953.872344 51732955.492864 51732957.113384 0.0 0.0 12081.393219023337 0.0 0.0 0.0
20.0 51732957.113384 51732958.733904004 51732960.354424 0.0 0.0 12081.393219023337 0.0 0.0 0.0
21.0 51732960.354424 51732961.974943995 51732963.595464 0.0 0.0 12081.393219023337 0.0 0.0 0.0
22.0 51732963.595464 51732965.215984 51732966.836504 0.0 0.0 12081.393219023337 0.0 0.0 0.0
23.0 51732966.836504 51732968.45702399 51732970.077543996 0.0 0.0 12081.393219023337 0.0 0.0 0.0
24.0 51732970.077544 51732971.698064 51732973.318584 0.0 0.0 12081.393219023337 0.0 0.0 0.0
25.0 51732973.318584 51732974.939104006 51732976.559624 0.0 0.0 12081.393219023337 0.0 0.0 0.0
26.0 51732976.559624 51732978.180144 51732979.800664 0.0 0.0 12081.393219023337 0.0 0.0 0.0
27.0 51732979.800664 51732981.421184 51732983.041704 0.0 0.0 12081.393219023337 0.0 0.0 0.0
28.0 51732983.041704 51732984.662223995 51732986.282744 0.0 0.0 12081.393219023337 0.0 0.0 0.0
29.0 51732986.282744 51732987.903264 51732989.523784 0.0 0.0 12081.393219023337 0.0 0.0 0.0
30.0 51732989.523784004 51732991.14430401 51732992.764824 0.0 0.0 12081.393219023337 0.0 0.0 0.0
31.0 51732992.764824 51732994.385344 51732996.005864 0.0 0.0 12081.393219023337 0.0 0.0 0.0
32.0 51732996.005864 51732997.626384005 51732999.246904 0.0 0.0 12081.393219023337 0.0 0.0 0.0
33.0 51732999.246904 51733000.867424 51733002.487944 0.0 0.0 12081.393219023337 0.0 0.0 0.0
34.0 51733002.487944 51733004.108464 51733005.728984 0.0 0.0 12081.393219023337 0.0 0.0 0.0
35.0 51733005.728984 51733007.349503994 51733008.970024 0.0 0.0 12081.393219023337 0.0 0.0 0.0
36.0 51733008.970024 51733010.590544 51733012.211063996 0.0 0.0 12081.393219023337 0.0 0.0 0.0
37.0 51733012.211064 51733013.83158401 51733015.452104 0.0 0.0 12081.393219023337 0.0 0.0 0.0
38.0 51733015.452104 51733017.072624 51733018.693144 0.0 0.0 12081.393219023337 0.0 0.0 0.0
39.0 51733018.693144 51733020.313664004 51733021.934184 0.0 0.0 12081.393219023337 0.0 0.0 0.0
40.0 51733021.934184 51733023.554703996 51733025.175224 0.0 0.0 12081.393219023337 0.0 0.0 0.0
41.0 51733025.175224 51733026.795744 51733028.416264 0.0 0.0 12081.393219023337 0.0 0.0 0.0
42.0 51733028.416264 51733030.03678399 51733031.657304 0.0 0.0 12081.393219023337 0.0 0.0 0.0
43.0 51733031.657304004 51733033.277824 51733034.898344 0.0 0.0 12081.393219023337 0.0 0.0 0.0
44.0 51733034.898344 51733036.518864006 51733038.139384 0.0 0.0 12081.393219023337 0.0 0.0 0.0
45.0 51733038.139384 51733039.759904 51733041.380424 0.0 0.0 12081.393219023337 0.0 0.0 0.0
46.0 51733041.380424 51733043.000944 51733044.621464 0.0 0.0 12081.393219023337 0.0 0.0 0.0
47.0 51733044.621464 51733046.241983995 51733047.862504 0.0 0.0 12081.393219023337 0.0 0.0 0.0
48.0 51733047.862504 51733049.483024 51733051.103544 0.0 0.0 12081.393219023337 0.0 0.0 0.0
49.0 51733051.103544004 51733052.72406401 51733054.344584 0.0 0.0 12081.393219023337 0.0 0.0 0.0
50.0 51733054.344584 51733055.965104 51733057.585624 0.0 0.0 12081.393219023337 0.0 0.0 0.0
51.0 51733057.585624 51733059.206144005 51733060.826664 0.0 0.0 12081.393219023337 0.0 0.0 0.0
52.0 51733060.826664 51733062.447184 51733064.067704 0.0 0.0 12081.393219023337 0.0 0.0 0.0
53.0 51733064.067704 51733065.688224 51733067.308744 0.0 0.0 12081.393219023337 0.0 0.0 0.0
54.0 51733067.308744 51733068.929263994 51733070.549784 0.0 0.0 12081.393219023337 0.0 0.0 0.0
55.0 51733070.549784 51733072.170304 51733073.790823996 0.0 0.0 12081.393219023337 0.0 0.0 0.0
56.0 51733073.790824 51733075.41134401 51733077.031864 0.0 0.0 12081.393219023337 0.0 0.0 0.0
57.0 51733077.031864 51733078.652384 51733080.272904 0.0 0.0 12081.393219023337 0.0 0.0 0.0
58.0 51733080.272904 51733081.893424004 51733083.513944 0.0 0.0 12081.393219023337 0.0 0.0 0.0
59.0 51733083.513944 51733085.134463996 51733086.754984 0.0 0.0 12081.393219023337 0.0 0.0 0.0
60.0 51733086.754984 51733088.375504 51733089.996024 0.0 0.0 12081.393219023337 0.0 0.0 0.0
61.0 51733089.996024 51733091.61654399 51733093.237064 0.0 0.0 12081.393219023337 0.0 0.0 0.0
62.0 51733093.237064004 51733094.857584 51733096.478104 0.0 0.0 12081.393219023337 0.0 0.0 0.0
63.0 51733096.478104 51733098.098624006 51733099.719144 0.0 0.0 12081.393219023337 0.0 0.0 0.0
64.0 51733099.719144 51733101.339664 51733102.960184 0.0 0.0 12081.393219023337 0.0 0.0 0.0
65.0 51733102.960184 51733104.580704 51733106.201224 0.0 0.0 12081.393219023337 0.0 0.0 0.0
66.0 51733106.201224 51733107.821743995 51733109.442264 0.0 0.0 12081.393219023337 0.0 0.0 0.0
67.0 51733109.442264 51733111.062784 51733112.683304 0.0 0.0 12081.393219023337 0.0 0.0 0.0
68.0 51733112.683304004 51733114.30382401 51733115.924344 0.0 0.0 12081.393219023337 0.0 0.0 0.0
69.0 51733115.924344 51733117.544864 51733119.165384 0.0 0.0 12081.393219023337 0.0 0.0 0.0
70.0 51733119.165384 51733120.785904005 51733122.406424 0.0 0.0 12081.393219023337 0.0 0.0 0.0
71.0 51733122.406424 51733124.026944 51733125.647464 0.0 0.0 12081.393219023337 0.0 0.0 0.0
72.0 51733125.647464 51733127.267984 51733128.888504 0.0 0.0 12081.393219023337 0.0 0.0 0.0
73.0 51733128.888504 51733130.509023994 51733132.129544 0.0 0.0 12081.393219023337 0.0 0.0 0.0
74.0 51733132.129544 51733133.750064 51733135.370583996 0.0 0.0 12081.393219023337 0.0 0.0 0.0
75.0 51733135.370584 51733136.99110401 51733138.611624 0.0 0.0 12081.393219023337 0.0 0.0 0.0
76.0 51733138.611624 51733140.232144 51733141.852664 0.0 0.0 12081.393219023337 0.0 0.0 0.0
77.0 51733141.852664 51733143.473184004 51733145.093704 0.0 0.0 12081.393219023337 0.0 0.0 0.0
78.0 51733145.093704 51733146.714223996 51733148.334744 0.0 0.0 12081.393219023337 0.0 0.0 0.0
79.0 51733148.334744 51733149.955264 51733151.575784 0.0 0.0 12081.393219023337 0.0 0.0 0.0
80.0 51733151.575784 51733153.19630399 51733154.816824 0.0 0.0 12081.393219023337 0.0 0.0 0.0
81.0 51733154.816824004 51733156.437344 51733158.057864 0.0 0.0 12081.393219023337 0.0 0.0 0.0
82.0 51733158.057864 51733159.678384006 51733161.298904 0.0 0.0 12081.393219023337 0.0 0.0 0.0
83.0 51733161.298904 51733162.919424 51733164.539944 0.0 0.0 12081.393219023337 0.0 0.0 0.0
84.0 51733164.539944 51733166.160464 51733167.780984 0.0 0.0 12081.393219023337 0.0 0.0 0.0
85.0 51733167.780984 51733169.401503995 51733171.022024 0.0 0.0 12081.393219023337 0.0 0.0 0.0
86.0 51733171.022024 51733172.642544 51733174.263064 0.0 0.0 12081.393219023337 0.0 0.0 0.0
87.0 51733174.263064004 51733175.88358401 51733177.504104 0.0 0.0 12081.393219023337 0.0 0.0 0.0
88.0 51733177.504104 51733179.124624 51733180.745144 0.0 0.0 12081.393219023337 0.0 0.0 0.0
89.0 51733180.745144 51733182.365664005 51733183.986184 0.0 0.0 12081.393219023337 0.0 0.0 0.0
90.0 51733183.986184 51733185.606704 51733187.227224 0.0 0.0 12081.393219023337 0.0 0.0 0.0
91.0 51733187.227224 51733188.847744 51733190.468264 0.0 0.0 12081.393219023337 0.0 0.0 0.0
92.0 51733190.468264 51733192.088783994 51733193.709304 0.0 0.0 12081.393219023337 0.0 0.0 0.0
93.0 51733193.709304 51733195.329824 51733196.950344 0.0 0.0 12081.393219023337 0.0 0.0 0.0
94.0 51733196.950344004 51733198.57086401 51733200.191384 0.0 0.0 12081.393219023337 0.0 0.0 0.0
95.0 51733200.191384 51733201.811904 51733203.432424 0.0 0.0 12081.393219023337 0.0 0.0 0.0
96.0 51733203.432424 51733205.052944005 51733206.673464 0.0 0.0 12081.393219023337 0.0 0.0 0.0
97.0 51733206.673464 51733208.293983996 51733209.914504 0.0 0.0 12081.393219023337 0.0 0.0 0.0
98.0 51733209.914504 51733211.535024 51733213.155544 0.0 0.0 12081.393219023337 0.0 0.0 0.0
99.0 51733213.155544 51733214.77606399 51733216.396584 0.0 0.0 12081.393219023337 0.0 0.0 0.0
100.0 51733216.396584004 51733218.017104 51733219.637624 0.0 0.0 12081.393219023337 0.0 0.0 0.0
101.0 51733219.637624 51733221.258144006 51733222.878664 0.0 0.0 12081.393219023337 0.0 0.0 0.0
102.0 51733222.878664 51733224.499184 51733226.119704 0.0 0.0 12081.393219023337 0.0 0.0 0.0
103.0 51733226.119704 51733227.740224004 51733229.360744 0.0 0.0 12081.393219023337 0.0 0.0 0.0
104.0 51733229.360744 51733230.981263995 51733232.601784 0.0 0.0 12081.393219023337 0.0 0.0 0.0
105.0 51733232.601784 51733234.222304 51733235.842824 0.0 0.0 12081.393219023337 0.0 0.0 0.0
106.0 51733235.842824 51733237.46334399 51733239.083863996 0.0 0.0 12081.393219023337 0.0 0.0 0.0
107.0 51733239.083864 51733240.704384 51733242.324904 0.0 0.0 12081.393219023337 0.0 0.0 0.0
108.0 51733242.324904 51733243.945424005 51733245.565944 0.0 0.0 12081.393219023337 0.0 0.0 0.0
109.0 51733245.565944 51733247.186464 51733248.806984 0.0 0.0 12081.393219023337 0.0 0.0 0.0
110.0 51733248.806984 51733250.427504 51733252.048024 0.0 0.0 12081.393219023337 0.0 0.0 0.0
111.0 51733252.048024 51733253.668543994 51733255.289064 0.0 0.0 12081.393219023337 0.0 0.0 0.0
112.0 51733255.289064 51733256.909584 51733258.530104 0.0 0.0 12081.393219023337 0.0 0.0 0.0
113.0 51733258.530104004 51733260.15062401 51733261.771144 0.0 0.0 12081.393219023337 0.0 0.0 0.0
114.0 51733261.771144 51733263.391664 51733265.012184 0.0 0.0 12081.393219023337 0.0 0.0 0.0
115.0 51733265.012184 51733266.632704005 51733268.253224 0.0 0.0 12081.393219023337 0.0 0.0 0.0
116.0 51733268.253224 51733269.873743996 51733271.494264 0.0 0.0 12081.393219023337 0.0 0.0 0.0
117.0 51733271.494264 51733273.114784 51733274.735304 0.0 0.0 12081.393219023337 0.0 0.0 0.0
118.0 51733274.735304 51733276.35582399 51733277.976344 0.0 0.0 12081.393219023337 0.0 0.0 0.0
119.0 51733277.976344004 51733279.596864 51733281.217384 0.0 0.0 12081.393219023337 0.0 0.0 0.0
120.0 51733281.217384 51733282.837904006 51733284.458424 0.0 0.0 12081.393219023337 0.0 0.0 0.0
121.0 51733284.458424 51733286.078944 51733287.699464 0.0 0.0 12081.393219023337 0.0 0.0 0.0
122.0 51733287.699464 51733289.319984004 51733290.940504 0.0 0.0 12081.393219023337 0.0 0.0 0.0
123.0 51733290.940504 51733292.561023995 51733294.181544 0.0 0.0 12081.393219023337 0.0 0.0 0.0
124.0 51733294.181544 51733295.802064 51733297.422584 0.0 0.0 12081.393219023337 0.0 0.0 0.0
125.0 51733297.422584 51733299.04310399 51733300.663623996 0.0 0.0 12081.393219023337 0.0 0.0 0.0
126.0 51733300.663624 51733302.284144 51733303.904664 0.0 0.0 12081.393219023337 0.0 0.0 0.0
127.0 51733303.904664 51733305.525184005 51733307.145704 0.0 0.0 12081.393219023337 0.0 0.0 0.0
128.0 51733307.145704 51733308.766224 51733310.386744 0.0 0.0 12081.393219023337 0.0 0.0 0.0
129.0 51733310.386744 51733312.007264 51733313.627784 0.0 0.0 12081.393219023337 0.0 0.0 0.0
130.0 51733313.627784 51733315.248303995 51733316.868824 0.0 0.0 12081.393219023337 0.0 0.0 0.0
131.0 51733316.868824 51733318.489344 51733320.109864 0.0 0.0 12081.393219023337 0.0 0.0 0.0
132.0 51733320.109864004 51733321.73038401 51733323.350904 0.0 0.0 12081.393219023337 0.0 0.0 0.0
133.0 51733323.350904 51733324.971424 51733326.591944 0.0 0.0 12081.393219023337 0.0 0.0 0.0
134.0 51733326.591944 51733328.212464005 51733329.832984 0.0 0.0 12081.393219023337 0.0 0.0 0.0
135.0 51733329.832984 51733331.453503996 51733333.074024 0.0 0.0 12081.393219023337 0.0 0.0 0.0
136.0 51733333.074024 51733334.694544 51733336.315064 0.0 0.0 12081.393219023337 0.0 0.0 0.0
137.0 51733336.315064 51733337.935583994 51733339.556104 0.0 0.0 12081.393219023337 0.0 0.0 0.0
138.0 51733339.556104004 51733341.176624 51733342.797144 0.0 0.0 12081.393219023337 0.0 0.0 0.0
139.0 51733342.797144 51733344.41766401 51733346.038184 0.0 0.0 12081.393219023337 0.0 0.0 0.0
140.0 51733346.038184 51733347.658704 51733349.279224 0.0 0.0 12081.393219023337 0.0 0.0 0.0
141.0 51733349.279224 51733350.899744004 51733352.520264 0.0 0.0 12081.393219023337 0.0 0.0 0.0
142.0 51733352.520264 51733354.140783995 51733355.761304 0.0 0.0 12081.393219023337 0.0 0.0 0.0
143.0 51733355.761304 51733357.381824 51733359.002344 0.0 0.0 12081.393219023337 0.0 0.0 0.0
144.0 51733359.002344 51733360.62286399 51733362.243383996 0.0 0.0 12081.393219023337 0.0 0.0 0.0
145.0 51733362.243384 51733363.863904 51733365.484424 0.0 0.0 12081.393219023337 0.0 0.0 0.0
146.0 51733365.484424 51733367.104944006 51733368.725464 0.0 0.0 12081.393219023337 0.0 0.0 0.0
147.0 51733368.725464 51733370.345984 51733371.966504 0.0 0.0 12081.393219023337 0.0 0.0 0.0
148.0 51733371.966504 51733373.587024 51733375.207544 0.0 0.0 12081.393219023337 0.0 0.0 0.0
149.0 51733375.207544 51733376.828063995 51733378.448584 0.0 0.0 12081.393219023337 0.0 0.0 0.0
150.0 51733378.448584 51733380.069104 51733381.689624 0.0 0.0 12081.393219023337 0.0 0.0 0.0
151.0 51733381.689624004 51733383.31014401 51733384.930664 0.0 0.0 12081.393219023337 0.0 0.0 0.0
152.0 51733384.930664 51733386.551184 51733388.171704 0.0 0.0 12081.393219023337 0.0 0.0 0.0
153.0 51733388.171704 51733389.792224005 51733391.412744 0.0 0.0 12081.393219023337 0.0 0.0 0.0
154.0 51733391.412744 51733393.033263996 51733394.653784 0.0 0.0 12081.393219023337 0.0 0.0 0.0
155.0 51733394.653784 51733396.274304 51733397.894824 0.0 0.0 12081.393219023337 0.0 0.0 0.0
156.0 51733397.894824 51733399.515343994 51733401.135864 0.0 0.0 12081.393219023337 0.0 0.0 0.0
157.0 51733401.135864004 51733402.756384 51733404.376904 0.0 0.0 12081.393219023337 0.0 0.0 0.0
158.0 51733404.376904 51733405.99742401 51733407.617944 0.0 0.0 12081.393219023337 0.0 0.0 0.0
159.0 51733407.617944 51733409.238464 51733410.858984 0.0 0.0 12081.393219023337 0.0 0.0 0.0
160.0 51733410.858984 51733412.479504004 51733414.100024 0.0 0.0 12081.393219023337 0.0 0.0 0.0
161.0 51733414.100024 51733415.720543995 51733417.341064 0.0 0.0 12081.393219023337 0.0 0.0 0.0
162.0 51733417.341064 51733418.961584 51733420.582104 0.0 0.0 12081.393219023337 0.0 0.0 0.0
163.0 51733420.582104 51733422.20262399 51733423.823144 0.0 0.0 12081.393219023337 0.0 0.0 0.0
164.0 51733423.823144004 51733425.443664 51733427.064184 0.0 0.0 12081.393219023337 0.0 0.0 0.0
165.0 51733427.064184 51733428.684704006 51733430.305224 0.0 0.0 12081.393219023337 0.0 0.0 0.0
166.0 51733430.305224 51733431.925744 51733433.546264 0.0 0.0 12081.393219023337 0.0 0.0 0.0
167.0 51733433.546264 51733435.166784 51733436.787304 0.0 0.0 12081.393219023337 0.0 0.0 0.0
168.0 51733436.787304 51733438.407823995 51733440.028344 0.0 0.0 12081.393219023337 0.0 0.0 0.0
169.0 51733440.028344 51733441.648864 51733443.269384 0.0 0.0 12081.393219023337 0.0 0.0 0.0
170.0 51733443.269384004 51733444.88990401 51733446.510424 0.0 0.0 12081.393219023337 0.0 0.0 0.0
171.0 51733446.510424 51733448.130944 51733449.751464 0.0 0.0 12081.393219023337 0.0 0.0 0.0
172.0 51733449.751464 51733451.371984005 51733452.992504 0.0 0.0 12081.393219023337 0.0 0.0 0.0
173.0 51733452.992504 51733454.613024 51733456.233544 0.0 0.0 12081.393219023337 0.0 0.0 0.0
174.0 51733456.233544 51733457.854064 51733459.474584 0.0 0.0 12081.393219023337 0.0 0.0 0.0
175.0 51733459.474584 51733461.095103994 51733462.715624 0.0 0.0 12081.393219023337 0.0 0.0 0.0
176.0 51733462.715624 51733464.336144 51733465.956663996 0.0 0.0 12081.393219023337 0.0 0.0 0.0
177.0 51733465.956664 51733467.57718401 51733469.197704 0.0 0.0 12081.393219023337 0.0 0.0 0.0
178.0 51733469.197704 51733470.818224 51733472.438744 0.0 0.0 12081.393219023337 0.0 0.0 0.0
179.0 51733472.438744 51733474.059264004 51733475.679784 0.0 0.0 12081.393219023337 0.0 0.0 0.0
180.0 51733475.679784 51733477.300303996 51733478.920824 0.0 0.0 12081.393219023337 0.0 0.0 0.0
181.0 51733478.920824 51733480.541344 51733482.161864 0.0 0.0 12081.393219023337 0.0 0.0 0.0
182.0 51733482.161864 51733483.78238399 51733485.402904 0.0 0.0 12081.393219023337 0.0 0.0 0.0
183.0 51733485.402904004 51733487.023424 51733488.643944 0.0 0.0 12081.393219023337 0.0 0.0 0.0
184.0 51733488.643944 51733490.264464006 51733491.884984 0.0 0.0 12081.393219023337 0.0 0.0 0.0
185.0 51733491.884984 51733493.505504 51733495.126024 0.0 0.0 12081.393219023337 0.0 0.0 0.0
186.0 51733495.126024 51733496.746544 51733498.367064 0.0 0.0 12081.393219023337 0.0 0.0 0.0
187.0 51733498.367064 51733499.987583995 51733501.608104 0.0 0.0 12081.393219023337 0.0 0.0 0.0
188.0 51733501.608104 51733503.228624 51733504.849144 0.0 0.0 12081.393219023337 0.0 0.0 0.0
189.0 51733504.849144004 51733506.46966401 51733508.090184 0.0 0.0 12081.393219023337 0.0 0.0 0.0
190.0 51733508.090184 51733509.710704 51733511.331224 0.0 0.0 12081.393219023337 0.0 0.0 0.0
191.0 51733511.331224 51733512.951744005 51733514.572264 0.0 0.0 12081.393219023337 0.0 0.0 0.0
192.0 51733514.572264 51733516.192784 51733517.813304 0.0 0.0 12081.393219023337 0.0 0.0 0.0
193.0 51733517.813304 51733519.433824 51733521.054344 0.0 0.0 12081.393219023337 0.0 0.0 0.0
194.0 51733521.054344 51733522.674863994 51733524.295384 0.0 0.0 12081.393219023337 0.0 0.0 0.0
195.0 51733524.295384 51733525.915904 51733527.536423996 0.0 0.0 12081.393219023337 0.0 0.0 0.0
196.0 51733527.536424 51733529.15694401 51733530.777464 0.0 0.0 12081.393219023337 0.0 0.0 0.0
197.0 51733530.777464 51733532.397984 51733534.018504 0.0 0.0 12081.393219023337 0.0 0.0 0.0
198.0 51733534.018504 51733535.639024004 51733537.259544 0.0 0.0 12081.393219023337 0.0 0.0 0.0
199.0 51733537.259544 51733538.880063996 51733540.500584 0.0 0.0 12081.393219023337 0.0 0.0 0.0
200.0 51733540.500584 51733542.121104 51733543.741624 0.0 0.0 12081.393219023337 0.0 0.0 0.0
201.0 51733543.741624 51733545.36214399 51733546.982664 0.0 0.0 12081.393219023337 0.0 0.0 0.0
202.0 51733546.982664004 51733548.603184 51733550.223704 0.0 0.0 12081.393219023337 0.0 0.0 0.0
203.0 51733550.223704 51733551.844224006 51733553.464744 0.0 0.0 12081.393219023337 0.0 0.0 0.0
204.0 51733553.464744 51733555.085264 51733556.705784 0.0 0.0 12081.393219023337 0.0 0.0 0.0
205.0 51733556.705784 51733558.326304 51733559.946824 0.0 0.0 12081.393219023337 0.0 0.0 0.0
206.0 51733559.946824 51733561.567343995 51733563.187864 0.0 0.0 12081.393219023337 0.0 0.0 0.0
207.0 51733563.187864 51733564.808384 51733566.428904 0.0 0.0 12081.393219023337 0.0 0.0 0.0
208.0 51733566.428904004 51733568.04942401 51733569.669944 0.0 0.0 12081.393219023337 0.0 0.0 0.0
209.0 51733569.669944 51733571.290464 51733572.910984 0.0 0.0 12081.393219023337 0.0 0.0 0.0
210.0 51733572.910984 51733574.531504005 51733576.152024 0.0 0.0 12081.393219023337 0.0 0.0 0.0
211.0 51733576.152024 51733577.772544 51733579.393064 0.0 0.0 12081.393219023337 0.0 0.0 0.0
212.0 51733579.393064 51733581.013584 51733582.634104 0.0 0.0 12081.393219023337 0.0 0.0 0.0
213.0 51733582.634104 51733584.254623994 51733585.875144 0.0 0.0 12081.393219023337 0.0 0.0 0.0
214.0 51733585.875144 51733587.495664 51733589.116183996 0.0 0.0 12081.393219023337 0.0 0.0 0.0
215.0 51733589.116184 51733590.73670401 51733592.357224 0.0 0.0 12081.393219023337 0.0 0.0 0.0
216.0 51733592.357224 51733593.977744 51733595.598264 0.0 0.0 12081.393219023337 0.0 0.0 0.0
217.0 51733595.598264 51733597.218784004 51733598.839304 0.0 0.0 12081.393219023337 0.0 0.0 0.0
218.0 51733598.839304 51733600.459823996 51733602.080344 0.0 0.0 12081.393219023337 0.0 0.0 0.0
219.0 51733602.080344 51733603.700864 51733605.321384 0.0 0.0 12081.393219023337 0.0 0.0 0.0
220.0 51733605.321384 51733606.94190399 51733608.562424 0.0 0.0 12081.393219023337 0.0 0.0 0.0
221.0 51733608.562424004 51733610.182944 51733611.803464 0.0 0.0 12081.393219023337 0.0 0.0 0.0
222.0 51733611.803464 51733613.423984006 51733615.044504 0.0 0.0 12081.393219023337 0.0 0.0 0.0
223.0 51733615.044504 51733616.665024 51733618.285544 0.0 0.0 12081.393219023337 0.0 0.0 0.0
224.0 51733618.285544 51733619.906064 51733621.526584 0.0 0.0 12081.393219023337 0.0 0.0 0.0
225.0 51733621.526584 51733623.147103995 51733624.767624 0.0 0.0 12081.393219023337 0.0 0.0 0.0
226.0 51733624.767624 51733626.388144 51733628.008664 0.0 0.0 12081.393219023337 0.0 0.0 0.0
227.0 51733628.008664005 51733629.62918401 51733631.249704 0.0 0.0 12081.393219023337 0.0 0.0 0.0
228.0 51733631.249704 51733632.870224 51733634.490744 0.0 0.0 12081.393219023337 0.0 0.0 0.0
229.0 51733634.490744 51733636.111264005 51733637.731784 0.0 0.0 12081.393219023337 0.0 0.0 0.0
230.0 51733637.731784 51733639.352304 51733640.972824 0.0 0.0 12081.393219023337 0.0 0.0 0.0
231.0 51733640.972824 51733642.593344 51733644.213864 0.0 0.0 12081.393219023337 0.0 0.0 0.0
232.0 51733644.213864 51733645.834383994 51733647.454904 0.0 0.0 12081.393219023337 0.0 0.0 0.0
233.0 51733647.454904 51733649.075424 51733650.695944 0.0 0.0 12081.393219023337 0.0 0.0 0.0
234.0 51733650.695944004 51733652.31646401 51733653.936984 0.0 0.0 12081.393219023337 0.0 0.0 0.0
235.0 51733653.936984 51733655.557504 51733657.178024 0.0 0.0 12081.393219023337 0.0 0.0 0.0
236.0 51733657.178024 51733658.798544005 51733660.419064 0.0 0.0 12081.393219023337 0.0 0.0 0.0
237.0 51733660.419064 51733662.039583996 51733663.660104 0.0 0.0 12081.393219023337 0.0 0.0 0.0
238.0 51733663.660104 51733665.280624 51733666.901144 0.0 0.0 12081.393219023337 0.0 0.0 0.0
239.0 51733666.901144 51733668.52166399 51733670.142184 0.0 0.0 12081.393219023337 0.0 0.0 0.0
240.0 51733670.142184004 51733671.762704 51733673.383224 0.0 0.0 12081.393219023337 0.0 0.0 0.0
241.0 51733673.383224 51733675.003744006 51733676.624264 0.0 0.0 12081.393219023337 0.0 0.0 0.0
242.0 51733676.624264 51733678.244784 51733679.865304 0.0 0.0 12081.393219023337 0.0 0.0 0.0
243.0 51733679.865304 51733681.485824004 51733683.106344 0.0 0.0 12081.393219023337 0.0 0.0 0.0
244.0 51733683.106344 51733684.726863995 51733686.347384 0.0 0.0 12081.393219023337 0.0 0.0 0.0
245.0 51733686.347384 51733687.967904 51733689.588424 0.0 0.0 12081.393219023337 0.0 0.0 0.0
246.0 51733689.588424 51733691.20894399 51733692.829463996 0.0 0.0 12081.393219023337 0.0 0.0 0.0
247.0 51733692.829464 51733694.449984 51733696.070504 0.0 0.0 12081.393219023337 0.0 0.0 0.0
248.0 51733696.070504 51733697.691024005 51733699.311544 0.0 0.0 12081.393219023337 0.0 0.0 0.0
249.0 51733699.311544 51733700.932064 51733702.552584 0.0 0.0 12081.393219023337 0.0 0.0 0.0
250.0 51733702.552584 51733704.173104 51733705.793624 0.0 0.0 12081.393219023337 0.0 0.0 0.0
251.0 51733705.793624 51733707.414143994 51733709.034664 0.0 0.0 12081.393219023337 0.0 0.0 0.0
252.0 51733709.034664 51733710.655184 51733712.275704 0.0 0.0 12081.393219023337 0.0 0.0 0.0
253.0 51733712.275704004 51733713.89622401 51733715.516744 0.0 0.0 12081.393219023337 0.0 0.0 0.0
254.0 51733715.516744 51733717.137264 51733718.757784 0.0 0.0 12081.393219023337 0.0 0.0 0.0
255.0 51733718.757784 51733720.378304005 51733721.998824 0.0 0.0 12081.393219023337 0.0 0.0 0.0
256.0 51733721.998824 51733723.619343996 51733725.239864 0.0 0.0 12081.393219023337 0.0 0.0 0.0
257.0 51733725.239864 51733726.860384 51733728.480904 0.0 0.0 12081.393219023337 0.0 0.0 0.0
258.0 51733728.480904 51733730.10142399 51733731.721944 0.0 0.0 12081.393219023337 0.0 0.0 0.0
259.0 51733731.721944004 51733733.342464 51733734.962984 0.0 0.0 12081.393219023337 0.0 0.0 0.0
260.0 51733734.962984 51733736.583504006 51733738.204024 0.0 0.0 12081.393219023337 0.0 0.0 0.0
261.0 51733738.204024 51733739.824544 51733741.445064 0.0 0.0 12081.393219023337 0.0 0.0 0.0
262.0 51733741.445064 51733743.065584004 51733744.686104 0.0 0.0 12081.393219023337 0.0 0.0 0.0
263.0 51733744.686104 51733746.306623995 51733747.927144 0.0 0.0 12081.393219023337 0.0 0.0 0.0
264.0 51733747.927144 51733749.547664 51733751.168184 0.0 0.0 12081.393219023337 0.0 0.0 0.0
265.0 51733751.168184 51733752.78870399 51733754.409223996 0.0 0.0 12081.393219023337 0.0 0.0 0.0
266.0 51733754.409224 51733756.029744 51733757.650264 0.0 0.0 12081.393219023337 0.0 0.0 0.0
267.0 51733757.650264 51733759.270784006 51733760.891304 0.0 0.0 12081.393219023337 0.0 0.0 0.0
268.0 51733760.891304 51733762.511824 51733764.132344 0.0 0.0 12081.393219023337 0.0 0.0 0.0
269.0 51733764.132344 51733765.752864 51733767.373384 0.0 0.0 12081.393219023337 0.0 0.0 0.0
270.0 51733767.373384 51733768.993903995 51733770.614424 0.0 0.0 12081.393219023337 0.0 0.0 0.0
271.0 51733770.614424 51733772.234944 51733773.855464 0.0 0.0 12081.393219023337 0.0 0.0 0.0
272.0 51733773.855464004 51733775.47598401 51733777.096504 0.0 0.0 12081.393219023337 0.0 0.0 0.0
273.0 51733777.096504 51733778.717024 51733780.337544 0.0 0.0 12081.393219023337 0.0 0.0 0.0
274.0 51733780.337544 51733781.958064005 51733783.578584 0.0 0.0 12081.393219023337 0.0 0.0 0.0
275.0 51733783.578584 51733785.199103996 51733786.819624 0.0 0.0 12081.393219023337 0.0 0.0 0.0
276.0 51733786.819624 51733788.440144 51733790.060664 0.0 0.0 12081.393219023337 0.0 0.0 0.0
277.0 51733790.060664 51733791.681183994 51733793.301704 0.0 0.0 12081.393219023337 0.0 0.0 0.0
278.0 51733793.301704004 51733794.922224 51733796.542744 0.0 0.0 12081.393219023337 0.0 0.0 0.0
279.0 51733796.542744 51733798.16326401 51733799.783784 0.0 0.0 12081.393219023337 0.0 0.0 0.0
280.0 51733799.783784 51733801.404304 51733803.024824 0.0 0.0 12081.393219023337 0.0 0.0 0.0
281.0 51733803.024824 51733804.645344004 51733806.265864 0.0 0.0 12081.393219023337 1.4956308768272455 0.0 0.0
282.0 51733806.265864 51733807.886383995 51733809.506904 0.0 0.0 12081.393219023337 3.199999998844195 0.0 0.0
283.0 51733809.506904 51733811.127424 51733812.747944 0.0 0.0 12081.393219023337 3.199999998844195 0.0 0.0
284.0 51733812.747944 51733814.36846399 51733815.988983996 0.0 0.0 12081.393219023337 3.199999998844195 0.0 0.0
285.0 51733815.988984 51733817.609504 51733819.230024 1.0 1.0 12081.393219023337 3.199999998844195 0.3125000001128716 0.3125000001128716
286.0 51733819.230024 51733820.850544006 51733822.471064 0.0 0.0 12081.393219023337 3.199999998844195 0.0 0.0
287.0 51733822.471064 51733824.091584 51733825.712104 0.0 0.0 12081.393219023337 3.199999998844195 0.0 0.0
288.0 51733825.712104 51733827.332624 51733828.953144 0.0 0.0 12081.393219023337 3.199999998844195 0.0 0.0
289.0 51733828.953144 51733830.573663995 51733832.194184 0.0 0.0 12081.393219023337 3.199999998844195 0.0 0.0
290.0 51733832.194184 51733833.814704 51733835.435224 0.0 0.0 12081.393219023337 3.199999998844195 0.0 0.0
291.0 51733835.435224004 51733837.05574401 51733838.676264 0.0 0.0 12081.393219023337 3.199999998844195 0.0 0.0
292.0 51733838.676264 51733840.296784 51733841.917304 0.0 0.0 12081.393219023337 3.199999998844195 0.0 0.0
293.0 51733841.917304 51733843.537824005 51733845.158344 1.0 1.0 12081.393219023337 3.199999998844195 0.3125000001128716 0.3125000001128716
294.0 51733845.158344 51733846.778863996 51733848.399384 0.0 0.0 12081.393219023337 3.199999998844195 0.0 0.0
295.0 51733848.399384 51733850.019904 51733851.640424 0.0 0.0 12081.393219023337 3.199999998844195 0.0 0.0
296.0 51733851.640424 51733853.260943994 51733854.881464 0.0 0.0 12081.393219023337 3.199999998844195 0.0 0.0
297.0 51733854.881464005 51733856.501984 51733858.122504 0.0 0.0 12081.393219023337 3.199999998844195 0.0 0.0
298.0 51733858.122504 51733859.74302401 51733861.363544 0.0 0.0 12081.393219023337 3.199999998844195 0.0 0.0
299.0 51733861.363544 51733862.984064 51733864.604584 0.0 0.0 12081.393219023337 3.199999998844195 0.0 0.0
300.0 51733864.604584 51733866.225104004 51733867.845624 0.0 0.0 12081.393219023337 3.199999998844195 0.0 0.0
301.0 51733867.845624 51733869.466143996 51733871.086664 0.0 0.0 12081.393219023337 3.199999998844195 0.0 0.0
302.0 51733871.086664 51733872.707184 51733874.327704 0.0 0.0 12081.393219023337 3.199999998844195 0.0 0.0
303.0 51733874.327704 51733875.94822399 51733877.568744 0.0 0.0 12081.393219023337 3.199999998844195 0.0 0.0
304.0 51733877.568744004 51733879.189264 51733880.809784 0.0 0.0 12081.393219023337 3.199999998844195 0.0 0.0
305.0 51733880.809784 51733882.430304006 51733884.050824 1.0 1.0 12081.393219023337 3.199999998844195 0.3125000001128716 0.3125000001128716
306.0 51733884.050824 51733885.671344 51733887.291864 0.0 0.0 12081.393219023337 3.199999998844195 0.0 0.0
307.0 51733887.291864 51733888.912384 51733890.532904 0.0 0.0 12081.393219023337 3.199999998844195 0.0 0.0
308.0 51733890.532904 51733892.153423995 51733893.773944 0.0 0.0 12081.393219023337 3.199999998844195 0.0 0.0
309.0 51733893.773944 51733895.394464 51733897.014984 1.0 1.0 12081.393219023337 3.199999998844195 0.3125000001128716 0.3125000001128716
310.0 51733897.014984004 51733898.63550401 51733900.256024 0.0 0.0 12081.393219023337 3.199999998844195 0.0 0.0
311.0 51733900.256024 51733901.876544 51733903.497064 0.0 0.0 12081.393219023337 3.199999998844195 0.0 0.0
312.0 51733903.497064 51733905.117584005 51733906.738104 0.0 0.0 12081.393219023337 3.199999998844195 0.0 0.0
313.0 51733906.738104 51733908.358624 51733909.979144 0.0 0.0 12081.393219023337 3.199999998844195 0.0 0.0
314.0 51733909.979144 51733911.599664 51733913.220184 1.0 1.0 12081.393219023337 3.199999998844195 0.3125000001128716 0.3125000001128716
315.0 51733913.220184 51733914.840703994 51733916.461224 0.0 0.0 12081.393219023337 3.199999998844195 0.0 0.0
316.0 51733916.461224 51733918.081744 51733919.702263996 0.0 0.0 12081.393219023337 3.199999998844195 0.0 0.0
317.0 51733919.702264 51733921.32278401 51733922.943304 0.0 0.0 12081.393219023337 3.199999998844195 0.0 0.0
318.0 51733922.943304 51733924.563824 51733926.184344 0.0 0.0 12081.393219023337 3.199999998844195 0.0 0.0
319.0 51733926.184344 51733927.804864004 51733929.425384 0.0 0.0 12081.393219023337 3.199999998844195 0.0 0.0
320.0 51733929.425384 51733931.045903996 51733932.666424 0.0 0.0 12081.393219023337 3.199999998844195 0.0 0.0
321.0 51733932.666424 51733934.286944 51733935.907464 0.0 0.0 12081.393219023337 3.199999998844195 0.0 0.0
322.0 51733935.907464 51733937.52798399 51733939.148504 0.0 0.0 12081.393219023337 3.199999998844195 0.0 0.0
323.0 51733939.148504004 51733940.769024 51733942.389544 0.0 0.0 12081.393219023337 3.199999998844195 0.0 0.0
324.0 51733942.389544 51733944.010064006 51733945.630584 0.0 0.0 12081.393219023337 3.199999998844195 0.0 0.0
325.0 51733945.630584 51733947.251104 51733948.871624 0.0 0.0 12081.393219023337 3.199999998844195 0.0 0.0
326.0 51733948.871624 51733950.492144 51733952.112664 0.0 0.0 12081.393219023337 3.199999998844195 0.0 0.0
327.0 51733952.112664 51733953.733183995 51733955.353704 1.0 1.0 12081.393219023337 3.199999998844195 0.3125000001128716 0.3125000001128716
328.0 51733955.353704 51733956.974224 51733958.594744 0.0 0.0 12081.393219023337 3.199999998844195 0.0 0.0
329.0 51733958.594744004 51733960.21526401 51733961.835784 0.0 0.0 12081.393219023337 3.199999998844195 0.0 0.0
330.0 51733961.835784 51733963.456304 51733965.076824 1.0 1.0 12081.393219023337 3.199999998844195 0.3125000001128716 0.3125000001128716
331.0 51733965.076824 51733966.697344005 51733968.317864 0.0 0.0 12081.393219023337 3.199999998844195 0.0 0.0
332.0 51733968.317864 51733969.938384 51733971.558904 1.0 1.0 12081.393219023337 3.199999998844195 0.3125000001128716 0.3125000001128716
333.0 51733971.558904 51733973.179424 51733974.799944 0.0 0.0 12081.393219023337 3.199999998844195 0.0 0.0
334.0 51733974.799944 51733976.420463994 51733978.040984 0.0 0.0 12081.393219023337 3.199999998844195 0.0 0.0
335.0 51733978.040984 51733979.661504 51733981.282023996 0.0 0.0 12081.393219023337 3.199999998844195 0.0 0.0
336.0 51733981.282024 51733982.90254401 51733984.523064 0.0 0.0 12081.393219023337 3.199999998844195 0.0 0.0
337.0 51733984.523064 51733986.143584 51733987.764104 0.0 0.0 12081.393219023337 3.199999998844195 0.0 0.0
338.0 51733987.764104 51733989.384624004 51733991.005144 1.0 1.0 12081.393219023337 3.199999998844195 0.3125000001128716 0.3125000001128716
339.0 51733991.005144 51733992.625663996 51733994.246184 0.0 0.0 12081.393219023337 3.199999998844195 0.0 0.0
340.0 51733994.246184 51733995.866704 51733997.487224 0.0 0.0 12081.393219023337 3.199999998844195 0.0 0.0
341.0 51733997.487224 51733999.10774399 51734000.728264 0.0 0.0 12081.393219023337 3.199999998844195 0.0 0.0
342.0 51734000.728264004 51734002.348784 51734003.969304 0.0 0.0 12081.393219023337 3.199999998844195 0.0 0.0
343.0 51734003.969304 51734005.589824006 51734007.210344 0.0 0.0 12081.393219023337 3.199999998844195 0.0 0.0
344.0 51734007.210344 51734008.830864 51734010.451384 0.0 0.0 12081.393219023337 3.199999998844195 0.0 0.0
345.0 51734010.451384 51734012.071904 51734013.692424 0.0 0.0 12081.393219023337 3.199999998844195 0.0 0.0
346.0 51734013.692424 51734015.312943995 51734016.933464 0.0 0.0 12081.393219023337 3.199999998844195 0.0 0.0
347.0 51734016.933464 51734018.553984 51734020.174504 0.0 0.0 12081.393219023337 3.199999998844195 0.0 0.0
348.0 51734020.174504004 51734021.79502401 51734023.415544 0.0 0.0 12081.393219023337 3.199999998844195 0.0 0.0
349.0 51734023.415544 51734025.036064 51734026.656584 0.0 0.0 12081.393219023337 3.199999998844195 0.0 0.0
350.0 51734026.656584 51734028.277104005 51734029.897624 1.0 1.0 12081.393219023337 3.199999998844195 0.3125000001128716 0.3125000001128716
351.0 51734029.897624 51734031.518144 51734033.138664 0.0 0.0 12081.393219023337 3.199999998844195 0.0 0.0
352.0 51734033.138664 51734034.759184 51734036.379704 0.0 0.0 12081.393219023337 3.199999998844195 0.0 0.0
353.0 51734036.379704 51734038.000223994 51734039.620744 0.0 0.0 12081.393219023337 3.199999998844195 0.0 0.0
354.0 51734039.620744 51734041.241264 51734042.861783996 0.0 0.0 12081.393219023337 3.199999998844195 0.0 0.0
355.0 51734042.861784 51734044.48230401 51734046.102824 1.0 1.0 12081.393219023337 3.199999998844195 0.3125000001128716 0.3125000001128716
356.0 51734046.102824 51734047.723344 51734049.343864 0.0 0.0 12081.393219023337 3.199999998844195 0.0 0.0
357.0 51734049.343864 51734050.964384004 51734052.584904 0.0 0.0 12081.393219023337 3.199999998844195 0.0 0.0
358.0 51734052.584904 51734054.205423996 51734055.825944 0.0 0.0 12081.393219023337 3.199999998844195 0.0 0.0
359.0 51734055.825944 51734057.446464 51734059.066984 0.0 0.0 12081.393219023337 3.199999998844195 0.0 0.0
360.0 51734059.066984 51734060.68750399 51734062.308024 0.0 0.0 12081.393219023337 3.199999998844195 0.0 0.0
361.0 51734062.308024004 51734063.928544 51734065.549064 0.0 0.0 12081.393219023337 3.199999998844195 0.0 0.0
362.0 51734065.549064 51734067.169584006 51734068.790104 0.0 0.0 12081.393219023337 3.199999998844195 0.0 0.0
363.0 51734068.790104 51734070.410624 51734072.031144 0.0 0.0 12081.393219023337 3.199999998844195 0.0 0.0
364.0 51734072.031144 51734073.651664004 51734075.272184 0.0 0.0 12081.393219023337 3.199999998844195 0.0 0.0
365.0 51734075.272184 51734076.892703995 51734078.513224 0.0 0.0 12081.393219023337 3.199999998844195 0.0 0.0
366.0 51734078.513224 51734080.133744 51734081.754264 0.0 0.0 12081.393219023337 3.199999998844195 0.0 0.0
367.0 51734081.754264005 51734083.37478401 51734084.995304 0.0 0.0 12081.393219023337 3.199999998844195 0.0 0.0
368.0 51734084.995304 51734086.615824 51734088.236344 0.0 0.0 12081.393219023337 3.199999998844195 0.0 0.0
369.0 51734088.236344 51734089.856864005 51734091.477384 0.0 0.0 12081.393219023337 3.199999998844195 0.0 0.0
370.0 51734091.477384 51734093.097904 51734094.718424 0.0 0.0 12081.393219023337 3.199999998844195 0.0 0.0
371.0 51734094.718424 51734096.338944 51734097.959464 0.0 0.0 12081.393219023337 3.199999998844195 0.0 0.0
372.0 51734097.959464 51734099.579983994 51734101.200504 0.0 0.0 12081.393219023337 3.199999998844195 0.0 0.0
373.0 51734101.200504 51734102.821024 51734104.441544 0.0 0.0 12081.393219023337 3.199999998844195 0.0 0.0
374.0 51734104.441544004 51734106.06206401 51734107.682584 0.0 0.0 12081.393219023337 3.199999998844195 0.0 0.0
375.0 51734107.682584 51734109.303104 51734110.923624 0.0 0.0 12081.393219023337 3.199999998844195 0.0 0.0
376.0 51734110.923624 51734112.544144005 51734114.164664 0.0 0.0 12081.393219023337 3.199999998844195 0.0 0.0
377.0 51734114.164664 51734115.785183996 51734117.405704 1.0 1.0 12081.393219023337 3.199999998844195 0.3125000001128716 0.3125000001128716
378.0 51734117.405704 51734119.026224 51734120.646744 0.0 0.0 12081.393219023337 3.199999998844195 0.0 0.0
379.0 51734120.646744 51734122.26726399 51734123.887784 0.0 0.0 12081.393219023337 3.199999998844195 0.0 0.0
380.0 51734123.887784004 51734125.508304 51734127.128824 1.0 1.0 12081.393219023337 3.199999998844195 0.3125000001128716 0.3125000001128716
381.0 51734127.128824 51734128.749344006 51734130.369864 0.0 0.0 12081.393219023337 3.199999998844195 0.0 0.0
382.0 51734130.369864 51734131.990384 51734133.610904 0.0 0.0 12081.393219023337 3.199999998844195 0.0 0.0
383.0 51734133.610904 51734135.231424004 51734136.851944 0.0 0.0 12081.393219023337 3.199999998844195 0.0 0.0
384.0 51734136.851944 51734138.472463995 51734140.092984 0.0 0.0 12081.393219023337 3.199999998844195 0.0 0.0
385.0 51734140.092984 51734141.713504 51734143.334024 0.0 0.0 12081.393219023337 3.199999998844195 0.0 0.0
386.0 51734143.334024 51734144.95454399 51734146.575063996 0.0 0.0 12081.393219023337 3.199999998844195 0.0 0.0
387.0 51734146.575064 51734148.195584 51734149.816104 0.0 0.0 12081.393219023337 3.199999998844195 0.0 0.0
388.0 51734149.816104 51734151.436624005 51734153.057144 0.0 0.0 12081.393219023337 3.199999998844195 0.0 0.0
389.0 51734153.057144 51734154.677664 51734156.298184 0.0 0.0 12081.393219023337 3.199999998844195 0.0 0.0
390.0 51734156.298184 51734157.918704 51734159.539224 1.0 1.0 12081.393219023337 3.199999998844195 0.3125000001128716 0.3125000001128716
391.0 51734159.539224 51734161.159743994 51734162.780264 0.0 0.0 12081.393219023337 3.199999998844195 0.0 0.0
392.0 51734162.780264 51734164.400784 51734166.021304 0.0 0.0 12081.393219023337 3.199999998844195 0.0 0.0
393.0 51734166.021304004 51734167.64182401 51734169.262344 0.0 0.0 12081.393219023337 3.199999998844195 0.0 0.0
394.0 51734169.262344 51734170.882864 51734172.503384 0.0 0.0 12081.393219023337 3.199999998844195 0.0 0.0
395.0 51734172.503384 51734174.123904005 51734175.744424 0.0 0.0 12081.393219023337 3.199999998844195 0.0 0.0
396.0 51734175.744424 51734177.364943996 51734178.985464 0.0 0.0 12081.393219023337 3.199999998844195 0.0 0.0
397.0 51734178.985464 51734180.605984 51734182.226504 1.0 1.0 12081.393219023337 3.199999998844195 0.3125000001128716 0.3125000001128716
398.0 51734182.226504 51734183.847023994 51734185.467544 0.0 0.0 12081.393219023337 3.199999998844195 0.0 0.0
399.0 51734185.467544004 51734187.088064 51734188.708584 1.0 1.0 12081.393219023337 3.199999998844195 0.3125000001128716 0.3125000001128716
400.0 51734188.708584 51734190.32910401 51734191.949624 0.0 0.0 12081.393219023337 3.199999998844195 0.0 0.0
401.0 51734191.949624 51734193.570144 51734195.190664 0.0 0.0 12081.393219023337 3.199999998844195 0.0 0.0
402.0 51734195.190664 51734196.811184004 51734198.431704 1.0 1.0 12081.393219023337 3.199999998844195 0.3125000001128716 0.3125000001128716
403.0 51734198.431704 51734200.052223995 51734201.672744 0.0 0.0 12081.393219023337 3.199999998844195 0.0 0.0
404.0 51734201.672744 51734203.293264 51734204.913784 2.0 1.4142135623730951 12081.393219023337 3.199999998844195 0.6250000002257432 0.44194173840121675
405.0 51734204.913784 51734206.53430399 51734208.154823996 0.0 0.0 12081.393219023337 3.199999998844195 0.0 0.0
406.0 51734208.154824 51734209.775344 51734211.395864 0.0 0.0 12081.393219023337 3.199999998844195 0.0 0.0
407.0 51734211.395864 51734213.016384006 51734214.636904 1.0 1.0 12081.393219023337 3.199999998844195 0.3125000001128716 0.3125000001128716
408.0 51734214.636904 51734216.257424 51734217.877944 0.0 0.0 12081.393219023337 3.199999998844195 0.0 0.0
409.0 51734217.877944 51734219.498464 51734221.118984 0.0 0.0 12081.393219023337 3.199999998844195 0.0 0.0
410.0 51734221.118984 51734222.739503995 51734224.360024 0.0 0.0 12081.393219023337 3.199999998844195 0.0 0.0
411.0 51734224.360024 51734225.980544 51734227.601064 0.0 0.0 12081.393219023337 3.199999998844195 0.0 0.0
412.0 51734227.601064004 51734229.22158401 51734230.842104 0.0 0.0 12081.393219023337 3.199999998844195 0.0 0.0
413.0 51734230.842104 51734232.462624 51734234.083144 0.0 0.0 12081.393219023337 3.199999998844195 0.0 0.0
414.0 51734234.083144 51734235.703664005 51734237.324184 0.0 0.0 12081.393219023337 3.199999998844195 0.0 0.0
415.0 51734237.324184 51734238.944703996 51734240.565224 0.0 0.0 12081.393219023337 3.199999998844195 0.0 0.0
416.0 51734240.565224 51734242.185744 51734243.806264 0.0 0.0 12081.393219023337 3.199999998844195 0.0 0.0
417.0 51734243.806264 51734245.426783994 51734247.047304 0.0 0.0 12081.393219023337 3.199999998844195 0.0 0.0
418.0 51734247.047304004 51734248.667824 51734250.288344 1.0 1.0 12081.393219023337 3.199999998844195 0.3125000001128716 0.3125000001128716
419.0 51734250.288344 51734251.90886401 51734253.529384 0.0 0.0 12081.393219023337 3.199999998844195 0.0 0.0
420.0 51734253.529384 51734255.149904 51734256.770424 0.0 0.0 12081.393219023337 3.199999998844195 0.0 0.0
421.0 51734256.770424 51734258.390944004 51734260.011464 0.0 0.0 12081.393219023337 3.199999998844195 0.0 0.0
422.0 51734260.011464 51734261.631983995 51734263.252504 0.0 0.0 12081.393219023337 3.199999998844195 0.0 0.0
423.0 51734263.252504 51734264.873024 51734266.493544 0.0 0.0 12081.393219023337 3.199999998844195 0.0 0.0
424.0 51734266.493544 51734268.11406399 51734269.734583996 0.0 0.0 12081.393219023337 3.199999998844195 0.0 0.0
425.0 51734269.734584 51734271.355104 51734272.975624 0.0 0.0 12081.393219023337 3.199999998844195 0.0 0.0
426.0 51734272.975624 51734274.596144006 51734276.216664 2.0 1.4142135623730951 12081.393219023337 3.199999998844195 0.6250000002257432 0.44194173840121675
427.0 51734276.216664 51734277.837184 51734279.457704 0.0 0.0 12081.393219023337 3.199999998844195 0.0 0.0
428.0 51734279.457704 51734281.078224 51734282.698744 1.0 1.0 12081.393219023337 3.199999998844195 0.3125000001128716 0.3125000001128716
429.0 51734282.698744 51734284.319263995 51734285.939784 0.0 0.0 12081.393219023337 3.199999998844195 0.0 0.0
430.0 51734285.939784 51734287.560304 51734289.180824 0.0 0.0 12081.393219023337 3.199999998844195 0.0 0.0
431.0 51734289.180824004 51734290.80134401 51734292.421864 0.0 0.0 12081.393219023337 3.199999998844195 0.0 0.0
432.0 51734292.421864 51734294.042384 51734295.662904 2.0 1.4142135623730951 12081.393219023337 3.199999998844195 0.6250000002257432 0.44194173840121675
433.0 51734295.662904 51734297.283424005 51734298.903944 1.0 1.0 12081.393219023337 3.199999998844195 0.3125000001128716 0.3125000001128716
434.0 51734298.903944 51734300.524464 51734302.144984 0.0 0.0 12081.393219023337 3.199999998844195 0.0 0.0
435.0 51734302.144984 51734303.765504 51734305.386024 0.0 0.0 12081.393219023337 3.199999998844195 0.0 0.0
436.0 51734305.386024 51734307.006543994 51734308.627064 1.0 1.0 12081.393219023337 3.199999998844195 0.3125000001128716 0.3125000001128716
437.0 51734308.627064005 51734310.247584 51734311.868104 1.0 1.0 12081.393219023337 3.199999998844195 0.3125000001128716 0.3125000001128716
438.0 51734311.868104 51734313.48862401 51734315.109144 1.0 1.0 12081.393219023337 3.199999998844195 0.3125000001128716 0.3125000001128716
439.0 51734315.109144 51734316.729664 51734318.350184 0.0 0.0 12081.393219023337 3.199999998844195 0.0 0.0
440.0 51734318.350184 51734319.970704004 51734321.591224 0.0 0.0 12081.393219023337 3.199999998844195 0.0 0.0
441.0 51734321.591224 51734323.211743996 51734324.832264 0.0 0.0 12081.393219023337 3.199999998844195 0.0 0.0
442.0 51734324.832264 51734326.452784 51734328.073304 0.0 0.0 12081.393219023337 3.199999998844195 0.0 0.0
443.0 51734328.073304 51734329.69382399 51734331.314344 0.0 0.0 12081.393219023337 3.199999998844195 0.0 0.0
444.0 51734331.314344004 51734332.934864 51734334.555384 0.0 0.0 12081.393219023337 3.199999998844195 0.0 0.0
445.0 51734334.555384 51734336.175904006 51734337.796424 0.0 0.0 12081.393219023337 3.199999998844195 0.0 0.0
446.0 51734337.796424 51734339.416944 51734341.037464 0.0 0.0 12081.393219023337 3.199999998844195 0.0 0.0
447.0 51734341.037464 51734342.657984 51734344.278504 0.0 0.0 12081.393219023337 3.199999998844195 0.0 0.0
448.0 51734344.278504 51734345.899023995 51734347.519544 0.0 0.0 12081.393219023337 3.199999998844195 0.0 0.0
449.0 51734347.519544 51734349.140064 51734350.760584 1.0 1.0 12081.393219023337 3.199999998844195 0.3125000001128716 0.3125000001128716
450.0 51734350.760584004 51734352.38110401 51734354.001624 0.0 0.0 12081.393219023337 3.199999998844195 0.0 0.0
451.0 51734354.001624 51734355.622144 51734357.242664 1.0 1.0 12081.393219023337 3.199999998844195 0.3125000001128716 0.3125000001128716
452.0 51734357.242664 51734358.863184005 51734360.483704 0.0 0.0 12081.393219023337 3.199999998844195 0.0 0.0
453.0 51734360.483704 51734362.104224 51734363.724744 0.0 0.0 12081.393219023337 3.199999998844195 0.0 0.0
454.0 51734363.724744 51734365.345264 51734366.965784 0.0 0.0 12081.393219023337 3.199999998844195 0.0 0.0
455.0 51734366.965784 51734368.586303994 51734370.206824 0.0 0.0 12081.393219023337 3.199999998844195 0.0 0.0
456.0 51734370.206824 51734371.827344 51734373.447863996 0.0 0.0 12081.393219023337 3.199999998844195 0.0 0.0
457.0 51734373.447864 51734375.06838401 51734376.688904 0.0 0.0 12081.393219023337 3.199999998844195 0.0 0.0
458.0 51734376.688904 51734378.309424 51734379.929944 0.0 0.0 12081.393219023337 3.199999998844195 0.0 0.0
459.0 51734379.929944 51734381.550464004 51734383.170984 0.0 0.0 12081.393219023337 3.199999998844195 0.0 0.0
460.0 51734383.170984 51734384.791503996 51734386.412024 2.0 1.4142135623730951 12081.393219023337 3.199999998844195 0.6250000002257432 0.44194173840121675
461.0 51734386.412024 51734388.032544 51734389.653064 1.0 1.0 12081.393219023337 3.199999998844195 0.3125000001128716 0.3125000001128716
462.0 51734389.653064 51734391.27358399 51734392.894104 1.0 1.0 12081.393219023337 3.199999998844195 0.3125000001128716 0.3125000001128716
463.0 51734392.894104004 51734394.514624 51734396.135144 0.0 0.0 12081.393219023337 3.199999998844195 0.0 0.0
464.0 51734396.135144 51734397.755664006 51734399.376184 0.0 0.0 12081.393219023337 3.199999998844195 0.0 0.0
465.0 51734399.376184 51734400.996704 51734402.617224 0.0 0.0 12081.393219023337 3.199999998844195 0.0 0.0
466.0 51734402.617224 51734404.237744 51734405.858264 0.0 0.0 12081.393219023337 3.199999998844195 0.0 0.0
467.0 51734405.858264 51734407.478783995 51734409.099304 0.0 0.0 12081.393219023337 3.199999998844195 0.0 0.0
468.0 51734409.099304 51734410.719824 51734412.340344 0.0 0.0 12081.393219023337 3.199999998844195 0.0 0.0
469.0 51734412.340344004 51734413.96086401 51734415.581384 0.0 0.0 12081.393219023337 3.199999998844195 0.0 0.0
470.0 51734415.581384 51734417.201904 51734418.822424 0.0 0.0 12081.393219023337 3.199999998844195 0.0 0.0
471.0 51734418.822424 51734420.442944005 51734422.063464 0.0 0.0 12081.393219023337 3.199999998844195 0.0 0.0
472.0 51734422.063464 51734423.683984 51734425.304504 0.0 0.0 12081.393219023337 3.199999998844195 0.0 0.0
473.0 51734425.304504 51734426.925024 51734428.545544 0.0 0.0 12081.393219023337 3.199999998844195 0.0 0.0
474.0 51734428.545544 51734430.166063994 51734431.786584 0.0 0.0 12081.393219023337 3.199999998844195 0.0 0.0
475.0 51734431.786584 51734433.407104 51734435.027623996 0.0 0.0 12081.393219023337 3.199999998844195 0.0 0.0
476.0 51734435.027624 51734436.64814401 51734438.268664 0.0 0.0 12081.393219023337 3.199999998844195 0.0 0.0
477.0 51734438.268664 51734439.889184 51734441.509704 0.0 0.0 12081.393219023337 3.199999998844195 0.0 0.0
478.0 51734441.509704 51734443.130224004 51734444.750744 0.0 0.0 12081.393219023337 3.199999998844195 0.0 0.0
479.0 51734444.750744 51734446.371263996 51734447.991784 0.0 0.0 12081.393219023337 3.199999998844195 0.0 0.0
480.0 51734447.991784 51734449.612304 51734451.232824 0.0 0.0 12081.393219023337 3.199999998844195 0.0 0.0
481.0 51734451.232824 51734452.85334399 51734454.473864 1.0 1.0 12081.393219023337 3.199999998844195 0.3125000001128716 0.3125000001128716
482.0 51734454.473864004 51734456.094384 51734457.714904 0.0 0.0 12081.393219023337 3.199999998844195 0.0 0.0
483.0 51734457.714904 51734459.335424006 51734460.955944 0.0 0.0 12081.393219023337 3.199999998844195 0.0 0.0
484.0 51734460.955944 51734462.576464 51734464.196984 0.0 0.0 12081.393219023337 3.199999998844195 0.0 0.0
485.0 51734464.196984 51734465.817504 51734467.438024 0.0 0.0 12081.393219023337 3.199999998844195 0.0 0.0
486.0 51734467.438024 51734469.058543995 51734470.679064 0.0 0.0 12081.393219023337 3.199999998844195 0.0 0.0
487.0 51734470.679064 51734472.299584 51734473.920104 0.0 0.0 12081.393219023337 3.199999998844195 0.0 0.0
488.0 51734473.920104004 51734475.54062401 51734477.161144 0.0 0.0 12081.393219023337 3.199999998844195 0.0 0.0
489.0 51734477.161144 51734478.781664 51734480.402184 0.0 0.0 12081.393219023337 3.199999998844195 0.0 0.0
490.0 51734480.402184 51734482.022704005 51734483.643224 1.0 1.0 12081.393219023337 3.199999998844195 0.3125000001128716 0.3125000001128716
491.0 51734483.643224 51734485.263744 51734486.884264 0.0 0.0 12081.393219023337 3.199999998844195 0.0 0.0
492.0 51734486.884264 51734488.504784 51734490.125304 0.0 0.0 12081.393219023337 3.199999998844195 0.0 0.0
493.0 51734490.125304 51734491.745823994 51734493.366344 1.0 1.0 12081.393219023337 3.199999998844195 0.3125000001128716 0.3125000001128716
494.0 51734493.366344 51734494.986864 51734496.607383996 0.0 0.0 12081.393219023337 3.199999998844195 0.0 0.0
495.0 51734496.607384 51734498.22790401 51734499.848424 1.0 1.0 12081.393219023337 3.199999998844195 0.3125000001128716 0.3125000001128716
496.0 51734499.848424 51734501.468944 51734503.089464 1.0 1.0 12081.393219023337 3.199999998844195 0.3125000001128716 0.3125000001128716
497.0 51734503.089464 51734504.709984004 51734506.330504 1.0 1.0 12081.393219023337 3.199999998844195 0.3125000001128716 0.3125000001128716
498.0 51734506.330504 51734507.951023996 51734509.571544 0.0 0.0 12081.393219023337 3.199999998844195 0.0 0.0
499.0 51734509.571544 51734511.192064 51734512.812584 0.0 0.0 12081.393219023337 3.199999998844195 0.0 0.0
500.0 51734512.812584 51734514.43310399 51734516.053624 0.0 0.0 12081.393219023337 3.199999998844195 0.0 0.0
501.0 51734516.053624004 51734517.674144 51734519.294664 0.0 0.0 12081.393219023337 3.199999998844195 0.0 0.0
502.0 51734519.294664 51734520.915184006 51734522.535704 0.0 0.0 12081.393219023337 3.199999998844195 0.0 0.0
503.0 51734522.535704 51734524.156224 51734525.776744 1.0 1.0 12081.393219023337 3.199999998844195 0.3125000001128716 0.3125000001128716
504.0 51734525.776744 51734527.397264004 51734529.017784 0.0 0.0 12081.393219023337 3.199999998844195 0.0 0.0
505.0 51734529.017784 51734530.638303995 51734532.258824 1.0 1.0 12081.393219023337 3.199999998844195 0.3125000001128716 0.3125000001128716
506.0 51734532.258824 51734533.879344 51734535.499864 0.0 0.0 12081.393219023337 3.199999998844195 0.0 0.0
507.0 51734535.499864005 51734537.12038401 51734538.740904 0.0 0.0 12081.393219023337 3.199999998844195 0.0 0.0
508.0 51734538.740904 51734540.361424 51734541.981944 0.0 0.0 12081.393219023337 3.199999998844195 0.0 0.0
509.0 51734541.981944 51734543.602464005 51734545.222984 1.0 1.0 12081.393219023337 3.199999998844195 0.3125000001128716 0.3125000001128716
510.0 51734545.222984 51734546.843504 51734548.464024 0.0 0.0 12081.393219023337 3.199999998844195 0.0 0.0
511.0 51734548.464024 51734550.084544 51734551.705064 0.0 0.0 12081.393219023337 3.199999998844195 0.0 0.0
512.0 51734551.705064 51734553.325583994 51734554.946104 0.0 0.0 12081.393219023337 3.199999998844195 0.0 0.0
513.0 51734554.946104 51734556.566624 51734558.187144 1.0 1.0 12081.393219023337 3.199999998844195 0.3125000001128716 0.3125000001128716
514.0 51734558.187144004 51734559.80766401 51734561.428184 0.0 0.0 12081.393219023337 3.199999998844195 0.0 0.0
515.0 51734561.428184 51734563.048704 51734564.669224 0.0 0.0 12081.393219023337 3.199999998844195 0.0 0.0
516.0 51734564.669224 51734566.289744005 51734567.910264 0.0 0.0 12081.393219023337 3.199999998844195 0.0 0.0
517.0 51734567.910264 51734569.530783996 51734571.151304 0.0 0.0 12081.393219023337 3.199999998844195 0.0 0.0
518.0 51734571.151304 51734572.771824 51734574.392344 1.0 1.0 12081.393219023337 3.199999998844195 0.3125000001128716 0.3125000001128716
519.0 51734574.392344 51734576.01286399 51734577.633384 0.0 0.0 12081.393219023337 3.199999998844195 0.0 0.0
520.0 51734577.633384004 51734579.253904 51734580.874424 0.0 0.0 12081.393219023337 3.199999998844195 0.0 0.0
521.0 51734580.874424 51734582.494944006 51734584.115464 0.0 0.0 12081.393219023337 3.199999998844195 0.0 0.0
522.0 51734584.115464 51734585.735984 51734587.356504 0.0 0.0 12081.393219023337 3.199999998844195 0.0 0.0
523.0 51734587.356504 51734588.977024004 51734590.597544 0.0 0.0 12081.393219023337 3.199999998844195 0.0 0.0
524.0 51734590.597544 51734592.218063995 51734593.838584 0.0 0.0 12081.393219023337 3.199999998844195 0.0 0.0
525.0 51734593.838584 51734595.459104 51734597.079624 0.0 0.0 12081.393219023337 3.199999998844195 0.0 0.0
526.0 51734597.079624 51734598.70014399 51734600.320663996 1.0 1.0 12081.393219023337 3.199999998844195 0.3125000001128716 0.3125000001128716
527.0 51734600.320664 51734601.941184 51734603.561704 0.0 0.0 12081.393219023337 3.199999998844195 0.0 0.0
528.0 51734603.561704 51734605.182224005 51734606.802744 0.0 0.0 12081.393219023337 3.199999998844195 0.0 0.0
529.0 51734606.802744 51734608.423264 51734610.043784 0.0 0.0 12081.393219023337 3.199999998844195 0.0 0.0
530.0 51734610.043784 51734611.664304 51734613.284824 0.0 0.0 12081.393219023337 3.199999998844195 0.0 0.0
531.0 51734613.284824 51734614.905343994 51734616.525864 0.0 0.0 12081.393219023337 3.199999998844195 0.0 0.0
532.0 51734616.525864 51734618.146384 51734619.766904 0.0 0.0 12081.393219023337 3.199999998844195 0.0 0.0
533.0 51734619.766904004 51734621.38742401 51734623.007944 0.0 0.0 12081.393219023337 3.199999998844195 0.0 0.0
534.0 51734623.007944 51734624.628464 51734626.248984 0.0 0.0 12081.393219023337 3.199999998844195 0.0 0.0
535.0 51734626.248984 51734627.869504005 51734629.490024 1.0 1.0 12081.393219023337 3.199999998844195 0.3125000001128716 0.3125000001128716
536.0 51734629.490024 51734631.110543996 51734632.731064 1.0 1.0 12081.393219023337 3.199999998844195 0.3125000001128716 0.3125000001128716
537.0 51734632.731064 51734634.351584 51734635.972104 0.0 0.0 12081.393219023337 3.199999998844195 0.0 0.0
538.0 51734635.972104 51734637.592623994 51734639.213144 0.0 0.0 12081.393219023337 3.199999998844195 0.0 0.0
539.0 51734639.213144004 51734640.833664 51734642.454184 0.0 0.0 12081.393219023337 3.199999998844195 0.0 0.0
540.0 51734642.454184 51734644.07470401 51734645.695224 0.0 0.0 12081.393219023337 3.199999998844195 0.0 0.0
541.0 51734645.695224 51734647.315744 51734648.936264 0.0 0.0 12081.393219023337 3.199999998844195 0.0 0.0
542.0 51734648.936264 51734650.556784004 51734652.177304 1.0 1.0 12081.393219023337 3.199999998844195 0.3125000001128716 0.3125000001128716
543.0 51734652.177304 51734653.797823995 51734655.418344 0.0 0.0 12081.393219023337 3.199999998844195 0.0 0.0
544.0 51734655.418344 51734657.038864 51734658.659384 0.0 0.0 12081.393219023337 3.199999998844195 0.0 0.0
545.0 51734658.659384 51734660.27990399 51734661.900423996 0.0 0.0 12081.393219023337 3.199999998844195 0.0 0.0
546.0 51734661.900424 51734663.520944 51734665.141464 0.0 0.0 12081.393219023337 3.199999998844195 0.0 0.0
547.0 51734665.141464 51734666.761984006 51734668.382504 2.0 1.4142135623730951 12081.393219023337 3.199999998844195 0.6250000002257432 0.44194173840121675
548.0 51734668.382504 51734670.003024 51734671.623544 0.0 0.0 12081.393219023337 3.199999998844195 0.0 0.0
549.0 51734671.623544 51734673.244064 51734674.864584 0.0 0.0 12081.393219023337 3.199999998844195 0.0 0.0
550.0 51734674.864584 51734676.485103995 51734678.105624 1.0 1.0 12081.393219023337 3.199999998844195 0.3125000001128716 0.3125000001128716
551.0 51734678.105624 51734679.726144 51734681.346664 0.0 0.0 12081.393219023337 3.199999998844195 0.0 0.0
552.0 51734681.346664004 51734682.96718401 51734684.587704 1.0 1.0 12081.393219023337 3.199999998844195 0.3125000001128716 0.3125000001128716
553.0 51734684.587704 51734686.208224 51734687.828744 0.0 0.0 12081.393219023337 3.199999998844195 0.0 0.0
554.0 51734687.828744 51734689.449264005 51734691.069784 0.0 0.0 12081.393219023337 3.199999998844195 0.0 0.0
555.0 51734691.069784 51734692.690303996 51734694.310824 0.0 0.0 12081.393219023337 3.199999998844195 0.0 0.0
556.0 51734694.310824 51734695.931344 51734697.551864 0.0 0.0 12081.393219023337 3.199999998844195 0.0 0.0
557.0 51734697.551864 51734699.172383994 51734700.792904 0.0 0.0 12081.393219023337 3.199999998844195 0.0 0.0
558.0 51734700.792904004 51734702.413424 51734704.033944 0.0 0.0 12081.393219023337 3.199999998844195 0.0 0.0
559.0 51734704.033944 51734705.65446401 51734707.274984 1.0 1.0 12081.393219023337 3.199999998844195 0.3125000001128716 0.3125000001128716
560.0 51734707.274984 51734708.895504 51734710.516024 0.0 0.0 12081.393219023337 3.199999998844195 0.0 0.0
561.0 51734710.516024 51734712.136544004 51734713.757064 0.0 0.0 12081.393219023337 3.199999998844195 0.0 0.0
562.0 51734713.757064 51734715.377583995 51734716.998104 0.0 0.0 12081.393219023337 3.199999998844195 0.0 0.0
563.0 51734716.998104 51734718.618624 51734720.239144 0.0 0.0 12081.393219023337 3.199999998844195 0.0 0.0
564.0 51734720.239144 51734721.85966399 51734723.480183996 0.0 0.0 12081.393219023337 3.199999998844195 0.0 0.0
565.0 51734723.480184 51734725.100704 51734726.721224 0.0 0.0 12081.393219023337 3.199999998844195 0.0 0.0
566.0 51734726.721224 51734728.341744006 51734729.962264 0.0 0.0 12081.393219023337 3.199999998844195 0.0 0.0
567.0 51734729.962264 51734731.582784 51734733.203304 0.0 0.0 12081.393219023337 3.199999998844195 0.0 0.0
568.0 51734733.203304 51734734.823824 51734736.444344 1.0 1.0 12081.393219023337 3.199999998844195 0.3125000001128716 0.3125000001128716
569.0 51734736.444344 51734738.064863995 51734739.685384 1.0 1.0 12081.393219023337 3.199999998844195 0.3125000001128716 0.3125000001128716
570.0 51734739.685384 51734741.305904 51734742.926424 0.0 0.0 12081.393219023337 3.199999998844195 0.0 0.0
571.0 51734742.926424004 51734744.54694401 51734746.167464 0.0 0.0 12081.393219023337 3.199999998844195 0.0 0.0
572.0 51734746.167464 51734747.787984 51734749.408504 2.0 1.4142135623730951 12081.393219023337 3.199999998844195 0.6250000002257432 0.44194173840121675
573.0 51734749.408504 51734751.029024005 51734752.649544 0.0 0.0 12081.393219023337 3.199999998844195 0.0 0.0
574.0 51734752.649544 51734754.270064 51734755.890584 0.0 0.0 12081.393219023337 3.199999998844195 0.0 0.0
575.0 51734755.890584 51734757.511104 51734759.131624 0.0 0.0 12081.393219023337 3.199999998844195 0.0 0.0
576.0 51734759.131624 51734760.752143994 51734762.372664 0.0 0.0 12081.393219023337 3.199999998844195 0.0 0.0
577.0 51734762.372664005 51734763.993184 51734765.613704 0.0 0.0 12081.393219023337 3.199999998844195 0.0 0.0
578.0 51734765.613704 51734767.23422401 51734768.854744 0.0 0.0 12081.393219023337 3.199999998844195 0.0 0.0
579.0 51734768.854744 51734770.475264 51734772.095784 0.0 0.0 12081.393219023337 3.199999998844195 0.0 0.0
580.0 51734772.095784 51734773.716304004 51734775.336824 0.0 0.0 12081.393219023337 3.199999998844195 0.0 0.0
581.0 51734775.336824 51734776.957343996 51734778.577864 1.0 1.0 12081.393219023337 3.199999998844195 0.3125000001128716 0.3125000001128716
582.0 51734778.577864 51734780.198384 51734781.818904 0.0 0.0 12081.393219023337 3.199999998844195 0.0 0.0
583.0 51734781.818904 51734783.43942399 51734785.059944 0.0 0.0 12081.393219023337 3.199999998844195 0.0 0.0
584.0 51734785.059944004 51734786.680464 51734788.300984 0.0 0.0 12081.393219023337 3.199999998844195 0.0 0.0
585.0 51734788.300984 51734789.921504006 51734791.542024 0.0 0.0 12081.393219023337 3.199999998844195 0.0 0.0
586.0 51734791.542024 51734793.162544 51734794.783064 0.0 0.0 12081.393219023337 3.199999998844195 0.0 0.0
587.0 51734794.783064 51734796.403584 51734798.024104 1.0 1.0 12081.393219023337 3.199999998844195 0.3125000001128716 0.3125000001128716
588.0 51734798.024104 51734799.644623995 51734801.265144 0.0 0.0 12081.393219023337 3.199999998844195 0.0 0.0
589.0 51734801.265144 51734802.885664 51734804.506184 0.0 0.0 12081.393219023337 3.199999998844195 0.0 0.0
590.0 51734804.506184004 51734806.12670401 51734807.747224 0.0 0.0 12081.393219023337 3.199999998844195 0.0 0.0
591.0 51734807.747224 51734809.367744 51734810.988264 0.0 0.0 12081.393219023337 3.199999998844195 0.0 0.0
592.0 51734810.988264 51734812.608784005 51734814.229304 0.0 0.0 12081.393219023337 3.199999998844195 0.0 0.0
593.0 51734814.229304 51734815.849824 51734817.470344 0.0 0.0 12081.393219023337 3.199999998844195 0.0 0.0
594.0 51734817.470344 51734819.090864 51734820.711384 1.0 1.0 12081.393219023337 3.199999998844195 0.3125000001128716 0.3125000001128716
595.0 51734820.711384 51734822.331903994 51734823.952424 0.0 0.0 12081.393219023337 3.199999998844195 0.0 0.0
596.0 51734823.952424 51734825.572944 51734827.193463996 0.0 0.0 12081.393219023337 3.199999998844195 0.0 0.0
597.0 51734827.193464 51734828.81398401 51734830.434504 0.0 0.0 12081.393219023337 3.199999998844195 0.0 0.0
598.0 51734830.434504 51734832.055024 51734833.675544 0.0 0.0 12081.393219023337 3.199999998844195 0.0 0.0
599.0 51734833.675544 51734835.296064004 51734836.916584 0.0 0.0 12081.393219023337 3.199999998844195 0.0 0.0
600.0 51734836.916584 51734838.537103996 51734840.157624 0.0 0.0 12081.393219023337 3.199999998844195 0.0 0.0
601.0 51734840.157624 51734841.778144 51734843.398664 0.0 0.0 12081.393219023337 3.199999998844195 0.0 0.0
602.0 51734843.398664 51734845.01918399 51734846.639704 0.0 0.0 12081.393219023337 3.199999998844195 0.0 0.0
603.0 51734846.639704004 51734848.260224 51734849.880744 0.0 0.0 12081.393219023337 3.199999998844195 0.0 0.0
604.0 51734849.880744 51734851.501264006 51734853.121784 0.0 0.0 12081.393219023337 3.199999998844195 0.0 0.0
605.0 51734853.121784 51734854.742304 51734856.362824 0.0 0.0 12081.393219023337 3.199999998844195 0.0 0.0
606.0 51734856.362824 51734857.983344 51734859.603864 1.0 1.0 12081.393219023337 3.199999998844195 0.3125000001128716 0.3125000001128716
607.0 51734859.603864 51734861.224383995 51734862.844904 2.0 1.4142135623730951 12081.393219023337 3.199999998844195 0.6250000002257432 0.44194173840121675
608.0 51734862.844904 51734864.465424 51734866.085944 0.0 0.0 12081.393219023337 3.199999998844195 0.0 0.0
609.0 51734866.085944004 51734867.70646401 51734869.326984 0.0 0.0 12081.393219023337 3.199999998844195 0.0 0.0
610.0 51734869.326984 51734870.947504 51734872.568024 0.0 0.0 12081.393219023337 3.199999998844195 0.0 0.0
611.0 51734872.568024 51734874.188544005 51734875.809064 0.0 0.0 12081.393219023337 3.199999998844195 0.0 0.0
612.0 51734875.809064 51734877.429584 51734879.050104 0.0 0.0 12081.393219023337 3.199999998844195 0.0 0.0
613.0 51734879.050104 51734880.670624 51734882.291144 0.0 0.0 12081.393219023337 3.199999998844195 0.0 0.0
614.0 51734882.291144 51734883.911663994 51734885.532184 0.0 0.0 12081.393219023337 3.199999998844195 0.0 0.0
615.0 51734885.532184 51734887.152704 51734888.773223996 0.0 0.0 12081.393219023337 3.199999998844195 0.0 0.0
616.0 51734888.773224 51734890.39374401 51734892.014264 0.0 0.0 12081.393219023337 3.199999998844195 0.0 0.0
617.0 51734892.014264 51734893.634784 51734895.255304 0.0 0.0 12081.393219023337 3.199999998844195 0.0 0.0
618.0 51734895.255304 51734896.875824004 51734898.496344 0.0 0.0 12081.393219023337 3.199999998844195 0.0 0.0
619.0 51734898.496344 51734900.116863996 51734901.737384 2.0 1.4142135623730951 12081.393219023337 3.199999998844195 0.6250000002257432 0.44194173840121675
620.0 51734901.737384 51734903.357904 51734904.978424 0.0 0.0 12081.393219023337 3.199999998844195 0.0 0.0
621.0 51734904.978424 51734906.59894399 51734908.219464 0.0 0.0 12081.393219023337 3.199999998844195 0.0 0.0
622.0 51734908.219464004 51734909.839984 51734911.460504 0.0 0.0 12081.393219023337 3.199999998844195 0.0 0.0
623.0 51734911.460504 51734913.081024006 51734914.701544 1.0 1.0 12081.393219023337 3.199999998844195 0.3125000001128716 0.3125000001128716
624.0 51734914.701544 51734916.322064 51734917.942584 0.0 0.0 12081.393219023337 3.199999998844195 0.0 0.0
625.0 51734917.942584 51734919.563104 51734921.183624 0.0 0.0 12081.393219023337 3.199999998844195 0.0 0.0
626.0 51734921.183624 51734922.804143995 51734924.424664 1.0 1.0 12081.393219023337 3.199999998844195 0.3125000001128716 0.3125000001128716
627.0 51734924.424664 51734926.045184 51734927.665704 0.0 0.0 12081.393219023337 3.199999998844195 0.0 0.0
628.0 51734927.665704004 51734929.28622401 51734930.906744 2.0 1.4142135623730951 12081.393219023337 3.199999998844195 0.6250000002257432 0.44194173840121675
629.0 51734930.906744 51734932.527264 51734934.147784 0.0 0.0 12081.393219023337 3.199999998844195 0.0 0.0
630.0 51734934.147784 51734935.768304005 51734937.388824 0.0 0.0 12081.393219023337 3.199999998844195 0.0 0.0
631.0 51734937.388824 51734939.009344 51734940.629864 0.0 0.0 12081.393219023337 3.199999998844195 0.0 0.0
632.0 51734940.629864 51734942.250384 51734943.870904 0.0 0.0 12081.393219023337 3.199999998844195 0.0 0.0
633.0 51734943.870904 51734945.491423994 51734947.111944 0.0 0.0 12081.393219023337 3.199999998844195 0.0 0.0
634.0 51734947.111944 51734948.732464 51734950.352983996 0.0 0.0 12081.393219023337 3.199999998844195 0.0 0.0
635.0 51734950.352984 51734951.97350401 51734953.594024 0.0 0.0 12081.393219023337 3.199999998844195 0.0 0.0
636.0 51734953.594024 51734955.214544 51734956.835064 0.0 0.0 12081.393219023337 3.199999998844195 0.0 0.0
637.0 51734956.835064 51734958.455584005 51734960.076104 0.0 0.0 12081.393219023337 3.199999998844195 0.0 0.0
638.0 51734960.076104 51734961.696623996 51734963.317144 0.0 0.0 12081.393219023337 3.199999998844195 0.0 0.0
639.0 51734963.317144 51734964.937664 51734966.558184 0.0 0.0 12081.393219023337 3.199999998844195 0.0 0.0
640.0 51734966.558184 51734968.17870399 51734969.799224 0.0 0.0 12081.393219023337 3.199999998844195 0.0 0.0
641.0 51734969.799224004 51734971.419744 51734973.040264 0.0 0.0 12081.393219023337 3.199999998844195 0.0 0.0
642.0 51734973.040264 51734974.660784006 51734976.281304 0.0 0.0 12081.393219023337 3.199999998844195 0.0 0.0
643.0 51734976.281304 51734977.901824 51734979.522344 1.0 1.0 12081.393219023337 3.199999998844195 0.3125000001128716 0.3125000001128716
644.0 51734979.522344 51734981.142864004 51734982.763384 0.0 0.0 12081.393219023337 3.199999998844195 0.0 0.0
645.0 51734982.763384 51734984.383903995 51734986.004424 0.0 0.0 12081.393219023337 3.199999998844195 0.0 0.0
646.0 51734986.004424 51734987.624944 51734989.245464 0.0 0.0 12081.393219023337 3.199999998844195 0.0 0.0
647.0 51734989.245464 51734990.86598399 51734992.486503996 0.0 0.0 12081.393219023337 3.199999998844195 0.0 0.0
648.0 51734992.486504 51734994.107024 51734995.727544 0.0 0.0 12081.393219023337 3.199999998844195 0.0 0.0
649.0 51734995.727544 51734997.348064005 51734998.968584 1.0 1.0 12081.393219023337 3.199999998844195 0.3125000001128716 0.3125000001128716
650.0 51734998.968584 51735000.589104 51735002.209624 0.0 0.0 12081.393219023337 3.199999998844195 0.0 0.0
651.0 51735002.209624 51735003.830144 51735005.450664 0.0 0.0 12081.393219023337 3.199999998844195 0.0 0.0
652.0 51735005.450664 51735007.071183994 51735008.691704 1.0 1.0 12081.393219023337 3.199999998844195 0.3125000001128716 0.3125000001128716
653.0 51735008.691704 51735010.312224 51735011.932744 0.0 0.0 12081.393219023337 3.199999998844195 0.0 0.0
654.0 51735011.932744004 51735013.55326401 51735015.173784 0.0 0.0 12081.393219023337 3.199999998844195 0.0 0.0
655.0 51735015.173784 51735016.794304 51735018.414824 0.0 0.0 12081.393219023337 3.199999998844195 0.0 0.0
656.0 51735018.414824 51735020.035344005 51735021.655864 1.0 1.0 12081.393219023337 3.199999998844195 0.3125000001128716 0.3125000001128716
657.0 51735021.655864 51735023.276383996 51735024.896904 0.0 0.0 12081.393219023337 3.199999998844195 0.0 0.0
658.0 51735024.896904 51735026.517424 51735028.137944 0.0 0.0 12081.393219023337 3.199999998844195 0.0 0.0
659.0 51735028.137944 51735029.75846399 51735031.378984 0.0 0.0 12081.393219023337 3.199999998844195 0.0 0.0
660.0 51735031.378984004 51735032.999504 51735034.620024 0.0 0.0 12081.393219023337 3.199999998844195 0.0 0.0
661.0 51735034.620024 51735036.240544006 51735037.861064 0.0 0.0 12081.393219023337 3.199999998844195 0.0 0.0
662.0 51735037.861064 51735039.481584 51735041.102104 0.0 0.0 12081.393219023337 3.199999998844195 0.0 0.0
663.0 51735041.102104 51735042.722624004 51735044.343144 0.0 0.0 12081.393219023337 3.199999998844195 0.0 0.0
664.0 51735044.343144 51735045.963663995 51735047.584184 0.0 0.0 12081.393219023337 3.199999998844195 0.0 0.0
665.0 51735047.584184 51735049.204704 51735050.825224 0.0 0.0 12081.393219023337 3.199999998844195 0.0 0.0
666.0 51735050.825224 51735052.44574399 51735054.066263996 1.0 1.0 12081.393219023337 3.199999998844195 0.3125000001128716 0.3125000001128716
667.0 51735054.066264 51735055.686784 51735057.307304 0.0 0.0 12081.393219023337 3.199999998844195 0.0 0.0
668.0 51735057.307304 51735058.927824005 51735060.548344 0.0 0.0 12081.393219023337 3.199999998844195 0.0 0.0
669.0 51735060.548344 51735062.168864 51735063.789384 0.0 0.0 12081.393219023337 3.199999998844195 0.0 0.0
670.0 51735063.789384 51735065.409904 51735067.030424 0.0 0.0 12081.393219023337 3.199999998844195 0.0 0.0
671.0 51735067.030424 51735068.650943995 51735070.271464 0.0 0.0 12081.393219023337 3.199999998844195 0.0 0.0
672.0 51735070.271464 51735071.891984 51735073.512504 0.0 0.0 12081.393219023337 3.199999998844195 0.0 0.0
673.0 51735073.512504004 51735075.13302401 51735076.753544 0.0 0.0 12081.393219023337 3.199999998844195 0.0 0.0
674.0 51735076.753544 51735078.374064 51735079.994584 0.0 0.0 12081.393219023337 3.199999998844195 0.0 0.0
675.0 51735079.994584 51735081.615104005 51735083.235624 0.0 0.0 12081.393219023337 3.199999998844195 0.0 0.0
676.0 51735083.235624 51735084.856143996 51735086.476664 0.0 0.0 12081.393219023337 3.199999998844195 0.0 0.0
677.0 51735086.476664 51735088.097184 51735089.717704 0.0 0.0 12081.393219023337 3.199999998844195 0.0 0.0
678.0 51735089.717704 51735091.338223994 51735092.958744 0.0 0.0 12081.393219023337 3.199999998844195 0.0 0.0
679.0 51735092.958744004 51735094.579264 51735096.199784 0.0 0.0 12081.393219023337 3.199999998844195 0.0 0.0
680.0 51735096.199784 51735097.82030401 51735099.440824 0.0 0.0 12081.393219023337 3.199999998844195 0.0 0.0
681.0 51735099.440824 51735101.061344 51735102.681864 0.0 0.0 12081.393219023337 3.199999998844195 0.0 0.0
682.0 51735102.681864 51735104.302384004 51735105.922904 0.0 0.0 12081.393219023337 3.199999998844195 0.0 0.0
683.0 51735105.922904 51735107.543423995 51735109.163944 0.0 0.0 12081.393219023337 3.199999998844195 0.0 0.0
684.0 51735109.163944 51735110.784464 51735112.404984 0.0 0.0 12081.393219023337 3.199999998844195 0.0 0.0
685.0 51735112.404984 51735114.02550399 51735115.646023996 0.0 0.0 12081.393219023337 3.199999998844195 0.0 0.0
686.0 51735115.646024 51735117.266544 51735118.887064 0.0 0.0 12081.393219023337 3.199999998844195 0.0 0.0
687.0 51735118.887064 51735120.507584006 51735122.128104 0.0 0.0 12081.393219023337 3.199999998844195 0.0 0.0
688.0 51735122.128104 51735123.748624 51735125.369144 0.0 0.0 12081.393219023337 3.199999998844195 0.0 0.0
689.0 51735125.369144 51735126.989664 51735128.610184 1.0 1.0 12081.393219023337 3.199999998844195 0.3125000001128716 0.3125000001128716
690.0 51735128.610184 51735130.230703995 51735131.851224 0.0 0.0 12081.393219023337 3.199999998844195 0.0 0.0
691.0 51735131.851224 51735133.471744 51735135.092264 0.0 0.0 12081.393219023337 3.199999998844195 0.0 0.0
692.0 51735135.092264004 51735136.71278401 51735138.333304 0.0 0.0 12081.393219023337 3.199999998844195 0.0 0.0
693.0 51735138.333304 51735139.953824 51735141.574344 0.0 0.0 12081.393219023337 3.199999998844195 0.0 0.0
694.0 51735141.574344 51735143.194864005 51735144.815384 0.0 0.0 12081.393219023337 3.199999998844195 0.0 0.0
695.0 51735144.815384 51735146.435903996 51735148.056424 0.0 0.0 12081.393219023337 3.199999998844195 0.0 0.0
696.0 51735148.056424 51735149.676944 51735151.297464 0.0 0.0 12081.393219023337 3.199999998844195 0.0 0.0
697.0 51735151.297464 51735152.917983994 51735154.538504 0.0 0.0 12081.393219023337 3.199999998844195 0.0 0.0
698.0 51735154.538504004 51735156.159024 51735157.779544 0.0 0.0 12081.393219023337 3.199999998844195 0.0 0.0
699.0 51735157.779544 51735159.40006401 51735161.020584 1.0 1.0 12081.393219023337 3.199999998844195 0.3125000001128716 0.3125000001128716
700.0 51735161.020584 51735162.641104 51735164.261624 2.0 1.4142135623730951 12081.393219023337 3.199999998844195 0.6250000002257432 0.44194173840121675
701.0 51735164.261624 51735165.882144004 51735167.502664 1.0 1.0 12081.393219023337 3.199999998844195 0.3125000001128716 0.3125000001128716
702.0 51735167.502664 51735169.123183995 51735170.743704 0.0 0.0 12081.393219023337 3.199999998844195 0.0 0.0
703.0 51735170.743704 51735172.364224 51735173.984744 0.0 0.0 12081.393219023337 3.199999998844195 0.0 0.0
704.0 51735173.984744 51735175.60526399 51735177.225784 0.0 0.0 12081.393219023337 3.199999998844195 0.0 0.0
705.0 51735177.225784004 51735178.846304 51735180.466824 0.0 0.0 12081.393219023337 3.199999998844195 0.0 0.0
706.0 51735180.466824 51735182.087344006 51735183.707864 0.0 0.0 12081.393219023337 3.199999998844195 0.0 0.0
707.0 51735183.707864 51735185.328384 51735186.948904 0.0 0.0 12081.393219023337 3.199999998844195 0.0 0.0
708.0 51735186.948904 51735188.569424 51735190.189944 1.0 1.0 12081.393219023337 3.199999998844195 0.3125000001128716 0.3125000001128716
709.0 51735190.189944 51735191.810463995 51735193.430984 0.0 0.0 12081.393219023337 3.199999998844195 0.0 0.0
710.0 51735193.430984 51735195.051504 51735196.672024 0.0 0.0 12081.393219023337 3.199999998844195 0.0 0.0
711.0 51735196.672024004 51735198.29254401 51735199.913064 1.0 1.0 12081.393219023337 3.199999998844195 0.3125000001128716 0.3125000001128716
712.0 51735199.913064 51735201.533584 51735203.154104 1.0 1.0 12081.393219023337 3.199999998844195 0.3125000001128716 0.3125000001128716
713.0 51735203.154104 51735204.774624005 51735206.395144 0.0 0.0 12081.393219023337 3.199999998844195 0.0 0.0
714.0 51735206.395144 51735208.015664 51735209.636184 1.0 1.0 12081.393219023337 3.199999998844195 0.3125000001128716 0.3125000001128716
715.0 51735209.636184 51735211.256704 51735212.877224 0.0 0.0 12081.393219023337 3.199999998844195 0.0 0.0
716.0 51735212.877224 51735214.497743994 51735216.118264 0.0 0.0 12081.393219023337 3.199999998844195 0.0 0.0
717.0 51735216.118264 51735217.738784 51735219.359303996 3.0 1.7320508075688772 12081.393219023337 3.199999998844195 0.9375000003386148 0.5412658775607735
718.0 51735219.359304 51735220.97982401 51735222.600344 0.0 0.0 12081.393219023337 3.199999998844195 0.0 0.0
719.0 51735222.600344 51735224.220864 51735225.841384 0.0 0.0 12081.393219023337 3.199999998844195 0.0 0.0
720.0 51735225.841384 51735227.461904004 51735229.082424 1.0 1.0 12081.393219023337 3.199999998844195 0.3125000001128716 0.3125000001128716
721.0 51735229.082424 51735230.702943996 51735232.323464 0.0 0.0 12081.393219023337 3.199999998844195 0.0 0.0
722.0 51735232.323464 51735233.943984 51735235.564504 0.0 0.0 12081.393219023337 3.199999998844195 0.0 0.0
723.0 51735235.564504 51735237.18502399 51735238.805544 1.0 1.0 12081.393219023337 3.199999998844195 0.3125000001128716 0.3125000001128716
724.0 51735238.805544004 51735240.426064 51735242.046584 0.0 0.0 12081.393219023337 3.199999998844195 0.0 0.0
725.0 51735242.046584 51735243.667104006 51735245.287624 1.0 1.0 12081.393219023337 3.199999998844195 0.3125000001128716 0.3125000001128716
726.0 51735245.287624 51735246.908144 51735248.528664 0.0 0.0 12081.393219023337 3.199999998844195 0.0 0.0
727.0 51735248.528664 51735250.149184 51735251.769704 0.0 0.0 12081.393219023337 3.199999998844195 0.0 0.0
728.0 51735251.769704 51735253.390223995 51735255.010744 1.0 1.0 12081.393219023337 3.199999998844195 0.3125000001128716 0.3125000001128716
729.0 51735255.010744 51735256.631264 51735258.251784 0.0 0.0 12081.393219023337 3.199999998844195 0.0 0.0
730.0 51735258.251784004 51735259.87230401 51735261.492824 0.0 0.0 12081.393219023337 3.199999998844195 0.0 0.0
731.0 51735261.492824 51735263.113344 51735264.733864 0.0 0.0 12081.393219023337 3.199999998844195 0.0 0.0
732.0 51735264.733864 51735266.354384005 51735267.974904 0.0 0.0 12081.393219023337 3.199999998844195 0.0 0.0
733.0 51735267.974904 51735269.595424 51735271.215944 0.0 0.0 12081.393219023337 3.199999998844195 0.0 0.0
734.0 51735271.215944 51735272.836464 51735274.456984 0.0 0.0 12081.393219023337 3.199999998844195 0.0 0.0
735.0 51735274.456984 51735276.077503994 51735277.698024 0.0 0.0 12081.393219023337 3.199999998844195 0.0 0.0
736.0 51735277.698024 51735279.318544 51735280.939063996 0.0 0.0 12081.393219023337 3.199999998844195 0.0 0.0
737.0 51735280.939064 51735282.55958401 51735284.180104 1.0 1.0 12081.393219023337 3.199999998844195 0.3125000001128716 0.3125000001128716
738.0 51735284.180104 51735285.800624 51735287.421144 0.0 0.0 12081.393219023337 3.199999998844195 0.0 0.0
739.0 51735287.421144 51735289.041664004 51735290.662184 1.0 1.0 12081.393219023337 3.199999998844195 0.3125000001128716 0.3125000001128716
740.0 51735290.662184 51735292.282703996 51735293.903224 0.0 0.0 12081.393219023337 3.199999998844195 0.0 0.0
741.0 51735293.903224 51735295.523744 51735297.144264 0.0 0.0 12081.393219023337 3.199999998844195 0.0 0.0
742.0 51735297.144264 51735298.76478399 51735300.385304 1.0 1.0 12081.393219023337 3.199999998844195 0.3125000001128716 0.3125000001128716
743.0 51735300.385304004 51735302.005824 51735303.626344 0.0 0.0 12081.393219023337 3.199999998844195 0.0 0.0
744.0 51735303.626344 51735305.246864006 51735306.867384 0.0 0.0 12081.393219023337 3.199999998844195 0.0 0.0
745.0 51735306.867384 51735308.487904 51735310.108424 0.0 0.0 12081.393219023337 3.199999998844195 0.0 0.0
746.0 51735310.108424 51735311.728944 51735313.349464 0.0 0.0 12081.393219023337 3.199999998844195 0.0 0.0
747.0 51735313.349464 51735314.969983995 51735316.590504 0.0 0.0 12081.393219023337 3.199999998844195 0.0 0.0
748.0 51735316.590504 51735318.211024 51735319.831544 0.0 0.0 12081.393219023337 3.199999998844195 0.0 0.0
749.0 51735319.831544004 51735321.45206401 51735323.072584 1.0 1.0 12081.393219023337 3.199999998844195 0.3125000001128716 0.3125000001128716
750.0 51735323.072584 51735324.693104 51735326.313624 0.0 0.0 12081.393219023337 3.199999998844195 0.0 0.0
751.0 51735326.313624 51735327.934144005 51735329.554664 1.0 1.0 12081.393219023337 3.199999998844195 0.3125000001128716 0.3125000001128716
752.0 51735329.554664 51735331.175184 51735332.795704 1.0 1.0 12081.393219023337 3.199999998844195 0.3125000001128716 0.3125000001128716
753.0 51735332.795704 51735334.416224 51735336.036744 1.0 1.0 12081.393219023337 3.199999998844195 0.3125000001128716 0.3125000001128716
754.0 51735336.036744 51735337.657263994 51735339.277784 0.0 0.0 12081.393219023337 3.199999998844195 0.0 0.0
755.0 51735339.277784 51735340.898304 51735342.518823996 1.0 1.0 12081.393219023337 3.199999998844195 0.3125000001128716 0.3125000001128716
756.0 51735342.518824 51735344.13934401 51735345.759864 0.0 0.0 12081.393219023337 3.199999998844195 0.0 0.0
757.0 51735345.759864 51735347.380384 51735349.000904 1.0 1.0 12081.393219023337 3.199999998844195 0.3125000001128716 0.3125000001128716
758.0 51735349.000904 51735350.621424004 51735352.241944 0.0 0.0 12081.393219023337 3.199999998844195 0.0 0.0
759.0 51735352.241944 51735353.862463996 51735355.482984 0.0 0.0 12081.393219023337 3.199999998844195 0.0 0.0
760.0 51735355.482984 51735357.103504 51735358.724024 0.0 0.0 12081.393219023337 3.199999998844195 0.0 0.0
761.0 51735358.724024 51735360.34454399 51735361.965064 0.0 0.0 12081.393219023337 3.199999998844195 0.0 0.0
762.0 51735361.965064004 51735363.585584 51735365.206104 1.0 1.0 12081.393219023337 3.199999998844195 0.3125000001128716 0.3125000001128716
763.0 51735365.206104 51735366.826624006 51735368.447144 0.0 0.0 12081.393219023337 3.199999998844195 0.0 0.0
764.0 51735368.447144 51735370.067664 51735371.688184 0.0 0.0 12081.393219023337 3.199999998844195 0.0 0.0
765.0 51735371.688184 51735373.308704 51735374.929224 1.0 1.0 12081.393219023337 3.199999998844195 0.3125000001128716 0.3125000001128716
766.0 51735374.929224 51735376.549743995 51735378.170264 0.0 0.0 12081.393219023337 3.199999998844195 0.0 0.0
767.0 51735378.170264 51735379.790784 51735381.411304 0.0 0.0 12081.393219023337 3.199999998844195 0.0 0.0
768.0 51735381.411304004 51735383.03182401 51735384.652344 0.0 0.0 12081.393219023337 3.199999998844195 0.0 0.0
769.0 51735384.652344 51735386.272864 51735387.893384 0.0 0.0 12081.393219023337 3.199999998844195 0.0 0.0
770.0 51735387.893384 51735389.513904005 51735391.134424 0.0 0.0 12081.393219023337 3.199999998844195 0.0 0.0
771.0 51735391.134424 51735392.754944 51735394.375464 1.0 1.0 12081.393219023337 3.199999998844195 0.3125000001128716 0.3125000001128716
772.0 51735394.375464 51735395.995984 51735397.616504 0.0 0.0 12081.393219023337 3.199999998844195 0.0 0.0
773.0 51735397.616504 51735399.237023994 51735400.857544 0.0 0.0 12081.393219023337 3.199999998844195 0.0 0.0
774.0 51735400.857544 51735402.478064 51735404.098584 0.0 0.0 12081.393219023337 3.199999998844195 0.0 0.0
775.0 51735404.098584004 51735405.71910401 51735407.339624 0.0 0.0 12081.393219023337 3.199999998844195 0.0 0.0
776.0 51735407.339624 51735408.960144 51735410.580664 0.0 0.0 12081.393219023337 3.199999998844195 0.0 0.0
777.0 51735410.580664 51735412.201184005 51735413.821704 0.0 0.0 12081.393219023337 3.199999998844195 0.0 0.0
778.0 51735413.821704 51735415.442223996 51735417.062744 1.0 1.0 12081.393219023337 3.199999998844195 0.3125000001128716 0.3125000001128716
779.0 51735417.062744 51735418.683264 51735420.303784 0.0 0.0 12081.393219023337 3.199999998844195 0.0 0.0
780.0 51735420.303784 51735421.92430399 51735423.544824 0.0 0.0 12081.393219023337 3.199999998844195 0.0 0.0
781.0 51735423.544824004 51735425.165344 51735426.785864 0.0 0.0 12081.393219023337 3.199999998844195 0.0 0.0
782.0 51735426.785864 51735428.406384006 51735430.026904 1.0 1.0 12081.393219023337 3.199999998844195 0.3125000001128716 0.3125000001128716
783.0 51735430.026904 51735431.647424 51735433.267944 0.0 0.0 12081.393219023337 3.199999998844195 0.0 0.0
784.0 51735433.267944 51735434.888464004 51735436.508984 0.0 0.0 12081.393219023337 3.199999998844195 0.0 0.0
785.0 51735436.508984 51735438.129503995 51735439.750024 0.0 0.0 12081.393219023337 3.199999998844195 0.0 0.0
786.0 51735439.750024 51735441.370544 51735442.991064 1.0 1.0 12081.393219023337 3.199999998844195 0.3125000001128716 0.3125000001128716
787.0 51735442.991064 51735444.61158399 51735446.232103996 0.0 0.0 12081.393219023337 3.199999998844195 0.0 0.0
788.0 51735446.232104 51735447.852624 51735449.473144 0.0 0.0 12081.393219023337 3.199999998844195 0.0 0.0
789.0 51735449.473144 51735451.093664005 51735452.714184 0.0 0.0 12081.393219023337 3.199999998844195 0.0 0.0
790.0 51735452.714184 51735454.334704 51735455.955224 0.0 0.0 12081.393219023337 3.199999998844195 0.0 0.0
791.0 51735455.955224 51735457.575744 51735459.196264 0.0 0.0 12081.393219023337 3.199999998844195 0.0 0.0
792.0 51735459.196264 51735460.816783994 51735462.437304 1.0 1.0 12081.393219023337 3.199999998844195 0.3125000001128716 0.3125000001128716
793.0 51735462.437304 51735464.057824 51735465.678344 0.0 0.0 12081.393219023337 3.199999998844195 0.0 0.0
794.0 51735465.678344004 51735467.29886401 51735468.919384 0.0 0.0 12081.393219023337 3.199999998844195 0.0 0.0
795.0 51735468.919384 51735470.539904 51735472.160424 0.0 0.0 12081.393219023337 3.199999998844195 0.0 0.0
796.0 51735472.160424 51735473.780944005 51735475.401464 0.0 0.0 12081.393219023337 3.199999998844195 0.0 0.0
797.0 51735475.401464 51735477.021983996 51735478.642504 0.0 0.0 12081.393219023337 3.199999998844195 0.0 0.0
798.0 51735478.642504 51735480.263024 51735481.883544 0.0 0.0 12081.393219023337 3.199999998844195 0.0 0.0
799.0 51735481.883544 51735483.50406399 51735485.124584 1.0 1.0 12081.393219023337 3.199999998844195 0.3125000001128716 0.3125000001128716
800.0 51735485.124584004 51735486.745104 51735488.365624 0.0 0.0 12081.393219023337 3.199999998844195 0.0 0.0
801.0 51735488.365624 51735489.986144006 51735491.606664 0.0 0.0 12081.393219023337 3.199999998844195 0.0 0.0
802.0 51735491.606664 51735493.227184 51735494.847704 0.0 0.0 12081.393219023337 3.199999998844195 0.0 0.0
803.0 51735494.847704 51735496.468224004 51735498.088744 1.0 1.0 12081.393219023337 3.199999998844195 0.3125000001128716 0.3125000001128716
804.0 51735498.088744 51735499.709263995 51735501.329784 0.0 0.0 12081.393219023337 3.199999998844195 0.0 0.0
805.0 51735501.329784 51735502.950304 51735504.570824 1.0 1.0 12081.393219023337 3.199999998844195 0.3125000001128716 0.3125000001128716
806.0 51735504.570824 51735506.19134399 51735507.811863996 0.0 0.0 12081.393219023337 3.199999998844195 0.0 0.0
807.0 51735507.811864 51735509.432384 51735511.052904 0.0 0.0 12081.393219023337 3.199999998844195 0.0 0.0
808.0 51735511.052904 51735512.673424006 51735514.293944 1.0 1.0 12081.393219023337 3.199999998844195 0.3125000001128716 0.3125000001128716
809.0 51735514.293944 51735515.914464 51735517.534984 0.0 0.0 12081.393219023337 3.199999998844195 0.0 0.0
810.0 51735517.534984 51735519.155504 51735520.776024 0.0 0.0 12081.393219023337 3.199999998844195 0.0 0.0
811.0 51735520.776024 51735522.396543995 51735524.017064 0.0 0.0 12081.393219023337 3.199999998844195 0.0 0.0
812.0 51735524.017064 51735525.637584 51735527.258104 1.0 1.0 12081.393219023337 3.199999998844195 0.3125000001128716 0.3125000001128716
813.0 51735527.258104004 51735528.87862401 51735530.499144 1.0 1.0 12081.393219023337 3.199999998844195 0.3125000001128716 0.3125000001128716
814.0 51735530.499144 51735532.119664 51735533.740184 0.0 0.0 12081.393219023337 3.199999998844195 0.0 0.0
815.0 51735533.740184 51735535.360704005 51735536.981224 0.0 0.0 12081.393219023337 3.199999998844195 0.0 0.0
816.0 51735536.981224 51735538.601743996 51735540.222264 0.0 0.0 12081.393219023337 3.199999998844195 0.0 0.0
817.0 51735540.222264 51735541.842784 51735543.463304 0.0 0.0 12081.393219023337 3.199999998844195 0.0 0.0
818.0 51735543.463304 51735545.083823994 51735546.704344 0.0 0.0 12081.393219023337 3.199999998844195 0.0 0.0
819.0 51735546.704344004 51735548.324864 51735549.945384 1.0 1.0 12081.393219023337 3.199999998844195 0.3125000001128716 0.3125000001128716
820.0 51735549.945384 51735551.56590401 51735553.186424 0.0 0.0 12081.393219023337 3.199999998844195 0.0 0.0
821.0 51735553.186424 51735554.806944 51735556.427464 0.0 0.0 12081.393219023337 3.199999998844195 0.0 0.0
822.0 51735556.427464 51735558.047984004 51735559.668504 0.0 0.0 12081.393219023337 3.199999998844195 0.0 0.0
823.0 51735559.668504 51735561.289023995 51735562.909544 0.0 0.0 12081.393219023337 3.199999998844195 0.0 0.0
824.0 51735562.909544 51735564.530064 51735566.150584 0.0 0.0 12081.393219023337 1.6810120548282883 0.0 0.0
825.0 51735566.150584 51735567.77110399 51735569.391623996 0.0 0.0 12081.393219023337 0.0 0.0 0.0
826.0 51735569.391624 51735571.012144 51735572.632664 0.0 0.0 12081.393219023337 0.0 0.0 0.0
827.0 51735572.632664 51735574.253184006 51735575.873704 0.0 0.0 12081.393219023337 0.0 0.0 0.0
828.0 51735575.873704 51735577.494224 51735579.114744 0.0 0.0 12081.393219023337 0.0 0.0 0.0
829.0 51735579.114744 51735580.735264 51735582.355784 0.0 0.0 12081.393219023337 0.0 0.0 0.0
830.0 51735582.355784 51735583.976303995 51735585.596824 0.0 0.0 12081.393219023337 0.0 0.0 0.0
831.0 51735585.596824 51735587.217344 51735588.837864 0.0 0.0 12081.393219023337 0.0 0.0 0.0
832.0 51735588.837864004 51735590.45838401 51735592.078904 0.0 0.0 12081.393219023337 0.0 0.0 0.0
833.0 51735592.078904 51735593.699424 51735595.319944 0.0 0.0 12081.393219023337 0.0 0.0 0.0
834.0 51735595.319944 51735596.940464005 51735598.560984 0.0 0.0 12081.393219023337 0.0 0.0 0.0
835.0 51735598.560984 51735600.181503996 51735601.802024 0.0 0.0 12081.393219023337 0.0 0.0 0.0
836.0 51735601.802024 51735603.422544 51735605.043064 0.0 0.0 12081.393219023337 0.0 0.0 0.0
837.0 51735605.043064 51735606.663583994 51735608.284104 0.0 0.0 12081.393219023337 0.0 0.0 0.0
838.0 51735608.284104005 51735609.904624 51735611.525144 0.0 0.0 12081.393219023337 0.0 0.0 0.0
839.0 51735611.525144 51735613.14566401 51735614.766184 0.0 0.0 12081.393219023337 0.0 0.0 0.0
840.0 51735614.766184 51735616.386704 51735618.007224 0.0 0.0 12081.393219023337 0.0 0.0 0.0
841.0 51735618.007224 51735619.627744004 51735621.248264 0.0 0.0 12081.393219023337 0.0 0.0 0.0
842.0 51735621.248264 51735622.868783996 51735624.489304 0.0 0.0 12081.393219023337 0.0 0.0 0.0
843.0 51735624.489304 51735626.109824 51735627.730344 0.0 0.0 12081.393219023337 0.0 0.0 0.0
844.0 51735627.730344 51735629.35086399 51735630.971384 0.0 0.0 12081.393219023337 0.0 0.0 0.0
845.0 51735630.971384004 51735632.591904 51735634.212424 0.0 0.0 12081.393219023337 0.0 0.0 0.0
846.0 51735634.212424 51735635.832944006 51735637.453464 0.0 0.0 12081.393219023337 0.0 0.0 0.0
847.0 51735637.453464 51735639.073984 51735640.694504 0.0 0.0 12081.393219023337 0.0 0.0 0.0
848.0 51735640.694504 51735642.315024 51735643.935544 0.0 0.0 12081.393219023337 0.0 0.0 0.0
849.0 51735643.935544 51735645.556063995 51735647.176584 0.0 0.0 12081.393219023337 0.0 0.0 0.0
850.0 51735647.176584 51735648.797104 51735650.417624 0.0 0.0 12081.393219023337 0.0 0.0 0.0
851.0 51735650.417624004 51735652.03814401 51735653.658664 0.0 0.0 12081.393219023337 0.0 0.0 0.0
852.0 51735653.658664 51735655.279184 51735656.899704 0.0 0.0 12081.393219023337 0.0 0.0 0.0
853.0 51735656.899704 51735658.520224005 51735660.140744 0.0 0.0 12081.393219023337 0.0 0.0 0.0
854.0 51735660.140744 51735661.761264 51735663.381784 0.0 0.0 12081.393219023337 0.0 0.0 0.0
855.0 51735663.381784 51735665.002304 51735666.622824 0.0 0.0 12081.393219023337 0.0 0.0 0.0
856.0 51735666.622824 51735668.243343994 51735669.863864 0.0 0.0 12081.393219023337 0.0 0.0 0.0
857.0 51735669.863864 51735671.484384 51735673.104903996 0.0 0.0 12081.393219023337 0.0 0.0 0.0
858.0 51735673.104904 51735674.72542401 51735676.345944 0.0 0.0 12081.393219023337 0.0 0.0 0.0
859.0 51735676.345944 51735677.966464 51735679.586984 0.0 0.0 12081.393219023337 0.0 0.0 0.0
860.0 51735679.586984 51735681.207504004 51735682.828024 0.0 0.0 12081.393219023337 0.0 0.0 0.0
861.0 51735682.828024 51735684.448543996 51735686.069064 0.0 0.0 12081.393219023337 0.0 0.0 0.0
862.0 51735686.069064 51735687.689584 51735689.310104 0.0 0.0 12081.393219023337 0.0 0.0 0.0
863.0 51735689.310104 51735690.93062399 51735692.551144 0.0 0.0 12081.393219023337 0.0 0.0 0.0
864.0 51735692.551144004 51735694.171664 51735695.792184 0.0 0.0 12081.393219023337 0.0 0.0 0.0
865.0 51735695.792184 51735697.412704006 51735699.033224 0.0 0.0 12081.393219023337 0.0 0.0 0.0
