TIME_BIN TIME_MIN TIME TIME_MAX COUNTS STAT_ERR AREA EXPOSURE COUNT_RATE COUNT_RATE_ERR
1.0 51730096.258523 51730097.879043 51730099.499563 0.0 0.0 20248.017406600833 0.0 0.0 0.0
2.0 51730099.499563 51730101.120083004 51730102.740603 0.0 0.0 20248.017406600833 0.0 0.0 0.0
3.0 51730102.740603 51730104.361122996 51730105.981643 0.0 0.0 20248.017406600833 0.0 0.0 0.0
4.0 51730105.981643 51730107.602163 51730109.222683 0.0 0.0 20248.017406600833 0.0 0.0 0.0
5.0 51730109.222683005 51730110.84320301 51730112.463723004 0.0 0.0 20248.017406600833 0.0 0.0 0.0
6.0 51730112.463723004 51730114.084243 51730115.704763 0.0 0.0 20248.017406600833 0.0 0.0 0.0
7.0 51730115.704763 51730117.325283006 51730118.945803 0.0 0.0 20248.017406600833 0.0 0.0 0.0
8.0 51730118.945803 51730120.566323 51730122.186843 0.0 0.0 20248.017406600833 0.0 0.0 0.0
9.0 51730122.186843 51730123.807363 51730125.427883 0.0 0.0 20248.017406600833 0.0 0.0 0.0
10.0 51730125.427883 51730127.048402995 51730128.668923 0.0 0.0 20248.017406600833 0.0 0.0 0.0
11.0 51730128.668923005 51730130.289443 51730131.909963004 0.0 0.0 20248.017406600833 0.0 0.0 0.0
12.0 51730131.909963004 51730133.53048301 51730135.151003 0.0 0.0 20248.017406600833 0.0 0.0 0.0
13.0 51730135.151003 51730136.771523 51730138.392043 0.0 0.0 20248.017406600833 0.0 0.0 0.0
14.0 51730138.392043 51730140.012563005 51730141.633083 0.0 0.0 20248.017406600833 0.0 0.0 0.0
15.0 51730141.633083 51730143.253603 51730144.874123 0.0 0.0 20248.017406600833 0.0 0.0 0.0
16.0 51730144.874123 51730146.494643 51730148.115163 0.0 0.0 20248.017406600833 0.0 0.0 0.0
17.0 51730148.115163006 51730149.73568301 51730151.356203005 0.0 0.0 20248.017406600833 0.0 0.0 0.0
18.0 51730151.356203005 51730152.976723 51730154.597243 0.0 0.0 20248.017406600833 0.0 0.0 0.0
19.0 51730154.597243 51730156.21776301 51730157.838283 0.0 0.0 20248.017406600833 0.0 0.0 0.0
20.0 51730157.838283 51730159.458803 51730161.079323 0.0 0.0 20248.017406600833 0.0 0.0 0.0
21.0 51730161.079323 51730162.699843004 51730164.320363 0.0 0.0 20248.017406600833 0.0 0.0 0.0
22.0 51730164.320363 51730165.940882996 51730167.561403 0.0 0.0 20248.017406600833 0.0 0.0 0.0
23.0 51730167.561403 51730169.181923 51730170.802443 0.0 0.0 20248.017406600833 0.0 0.0 0.0
24.0 51730170.802443005 51730172.42296301 51730174.043483004 0.0 0.0 20248.017406600833 0.0 0.0 0.0
25.0 51730174.043483004 51730175.664003 51730177.284523 0.0 0.0 20248.017406600833 0.0 0.0 0.0
26.0 51730177.284523 51730178.905043006 51730180.525563 0.0 0.0 20248.017406600833 0.0 0.0 0.0
27.0 51730180.525563 51730182.146083 51730183.766603 0.0 0.0 20248.017406600833 0.0 0.0 0.0
28.0 51730183.766603 51730185.387123 51730187.007643 0.0 0.0 20248.017406600833 0.0 0.0 0.0
29.0 51730187.007643 51730188.628162995 51730190.248683 0.0 0.0 20248.017406600833 0.0 0.0 0.0
30.0 51730190.248683006 51730191.869203 51730193.489723004 0.0 0.0 20248.017406600833 0.0 0.0 0.0
31.0 51730193.489723004 51730195.11024301 51730196.730763 0.0 0.0 20248.017406600833 0.0 0.0 0.0
32.0 51730196.730763 51730198.351283 51730199.971803 0.0 0.0 20248.017406600833 0.0 0.0 0.0
33.0 51730199.971803 51730201.592323005 51730203.212843 0.0 0.0 20248.017406600833 0.0 0.0 0.0
34.0 51730203.212843 51730204.833363 51730206.453883 0.0 0.0 20248.017406600833 0.0 0.0 0.0
35.0 51730206.453883 51730208.074403 51730209.694923 0.0 0.0 20248.017406600833 0.0 0.0 0.0
36.0 51730209.694923 51730211.315442994 51730212.935963 0.0 0.0 20248.017406600833 0.0 0.0 0.0
37.0 51730212.935963005 51730214.556483 51730216.177003 0.0 0.0 20248.017406600833 0.0 0.0 0.0
38.0 51730216.177003 51730217.79752301 51730219.418043 0.0 0.0 20248.017406600833 0.0 0.0 0.0
39.0 51730219.418043 51730221.038563 51730222.659083 0.0 0.0 20248.017406600833 0.0 0.0 0.0
40.0 51730222.659083 51730224.279603004 51730225.900123 0.0 0.0 20248.017406600833 0.0 0.0 0.0
41.0 51730225.900123 51730227.520642996 51730229.141163 0.0 0.0 20248.017406600833 0.0 0.0 0.0
42.0 51730229.141163 51730230.761683 51730232.382203 0.0 0.0 20248.017406600833 0.0 0.0 0.0
43.0 51730232.382203005 51730234.00272301 51730235.623243004 0.0 0.0 20248.017406600833 0.0 0.0 0.0
44.0 51730235.623243004 51730237.243763 51730238.864283 0.0 0.0 20248.017406600833 0.0 0.0 0.0
45.0 51730238.864283 51730240.484803006 51730242.105323 0.0 0.0 20248.017406600833 0.0 0.0 0.0
46.0 51730242.105323 51730243.725843 51730245.346363 0.0 0.0 20248.017406600833 0.0 0.0 0.0
47.0 51730245.346363 51730246.966883 51730248.587403 0.0 0.0 20248.017406600833 0.0 0.0 0.0
48.0 51730248.587403 51730250.207922995 51730251.828443 0.0 0.0 20248.017406600833 0.0 0.0 0.0
49.0 51730251.828443006 51730253.448963 51730255.069483005 0.0 0.0 20248.017406600833 0.0 0.0 0.0
50.0 51730255.069483005 51730256.69000301 51730258.310523 0.0 0.0 20248.017406600833 0.0 0.0 0.0
51.0 51730258.310523 51730259.931043 51730261.551563 0.0 0.0 20248.017406600833 0.0 0.0 0.0
52.0 51730261.551563 51730263.172083005 51730264.792603 0.0 0.0 20248.017406600833 0.0 0.0 0.0
53.0 51730264.792603 51730266.413123 51730268.033643 0.0 0.0 20248.017406600833 0.0 0.0 0.0
54.0 51730268.033643 51730269.654163 51730271.274683 0.0 0.0 20248.017406600833 0.0 0.0 0.0
55.0 51730271.274683 51730272.895202994 51730274.515723 0.0 0.0 20248.017406600833 0.0 0.0 0.0
56.0 51730274.515723005 51730276.136243 51730277.756763004 0.0 0.0 20248.017406600833 0.0 0.0 0.0
57.0 51730277.756763004 51730279.37728301 51730280.997803 0.0 0.0 20248.017406600833 0.0 0.0 0.0
58.0 51730280.997803 51730282.618323 51730284.238843 0.0 0.0 20248.017406600833 0.0 0.0 0.0
59.0 51730284.238843 51730285.859363005 51730287.479883 0.0 0.0 20248.017406600833 0.0 0.0 0.0
60.0 51730287.479883 51730289.100402996 51730290.720923 0.0 0.0 20248.017406600833 0.0 0.0 0.0
61.0 51730290.720923 51730292.341443 51730293.961963 0.0 0.0 20248.017406600833 0.0 0.0 0.0
62.0 51730293.961963005 51730295.58248301 51730297.203003004 0.0 0.0 20248.017406600833 0.0 0.0 0.0
63.0 51730297.203003004 51730298.823523 51730300.444043 0.0 0.0 20248.017406600833 0.0 0.0 0.0
64.0 51730300.444043 51730302.064563006 51730303.685083 0.0 0.0 20248.017406600833 0.0 0.0 0.0
65.0 51730303.685083 51730305.305603 51730306.926123 0.0 0.0 20248.017406600833 0.0 0.0 0.0
66.0 51730306.926123 51730308.546643004 51730310.167163 0.0 0.0 20248.017406600833 0.0 0.0 0.0
67.0 51730310.167163 51730311.787682995 51730313.408203 0.0 0.0 20248.017406600833 0.0 0.0 0.0
68.0 51730313.408203006 51730315.028723 51730316.649243005 0.0 0.0 20248.017406600833 0.0 0.0 0.0
69.0 51730316.649243005 51730318.26976301 51730319.890283 0.0 0.0 20248.017406600833 0.0 0.0 0.0
70.0 51730319.890283 51730321.510803 51730323.131323 0.0 0.0 20248.017406600833 0.0 0.0 0.0
71.0 51730323.131323 51730324.751843005 51730326.372363 0.0 0.0 20248.017406600833 0.0 0.0 0.0
72.0 51730326.372363 51730327.992883 51730329.613403 0.0 0.0 20248.017406600833 0.0 0.0 0.0
73.0 51730329.613403 51730331.233923 51730332.854443 0.0 0.0 20248.017406600833 0.0 0.0 0.0
74.0 51730332.854443 51730334.474962994 51730336.095483 0.0 0.0 20248.017406600833 0.0 0.0 0.0
75.0 51730336.095483005 51730337.716003 51730339.336523004 0.0 0.0 20248.017406600833 0.0 0.0 0.0
76.0 51730339.336523004 51730340.95704301 51730342.577563 0.0 0.0 20248.017406600833 0.0 0.0 0.0
77.0 51730342.577563 51730344.198083 51730345.818603 0.0 0.0 20248.017406600833 0.0 0.0 0.0
78.0 51730345.818603 51730347.439123005 51730349.059643 0.0 0.0 20248.017406600833 0.0 0.0 0.0
79.0 51730349.059643 51730350.680162996 51730352.300683 0.0 0.0 20248.017406600833 0.0 0.0 0.0
80.0 51730352.300683 51730353.921203 51730355.541723 0.0 0.0 20248.017406600833 0.0 0.0 0.0
81.0 51730355.541723005 51730357.16224301 51730358.782763004 0.0 0.0 20248.017406600833 0.0 0.0 0.0
82.0 51730358.782763004 51730360.403283 51730362.023803 0.0 0.0 20248.017406600833 0.0 0.0 0.0
83.0 51730362.023803 51730363.644323006 51730365.264843 0.0 0.0 20248.017406600833 0.0 0.0 0.0
84.0 51730365.264843 51730366.885363 51730368.505883 0.0 0.0 20248.017406600833 0.0 0.0 0.0
85.0 51730368.505883 51730370.126403004 51730371.746923 0.0 0.0 20248.017406600833 0.0 0.0 0.0
86.0 51730371.746923 51730373.367442995 51730374.987963 0.0 0.0 20248.017406600833 0.0 0.0 0.0
87.0 51730374.987963006 51730376.608483 51730378.229003005 0.0 0.0 20248.017406600833 0.0 0.0 0.0
88.0 51730378.229003005 51730379.84952301 51730381.470043 0.0 0.0 20248.017406600833 0.0 0.0 0.0
89.0 51730381.470043 51730383.090563 51730384.711083 0.0 0.0 20248.017406600833 0.0 0.0 0.0
90.0 51730384.711083 51730386.331603006 51730387.952123 0.0 0.0 20248.017406600833 0.0 0.0 0.0
91.0 51730387.952123 51730389.572643 51730391.193163 0.0 0.0 20248.017406600833 0.0 0.0 0.0
92.0 51730391.193163 51730392.813683 51730394.434203 0.0 0.0 20248.017406600833 0.0 0.0 0.0
93.0 51730394.434203 51730396.054722995 51730397.675243 0.0 0.0 20248.017406600833 0.0 0.0 0.0
94.0 51730397.675243005 51730399.295763 51730400.916283004 0.0 0.0 20248.017406600833 0.0 0.0 0.0
95.0 51730400.916283004 51730402.53680301 51730404.157323 0.0 0.0 20248.017406600833 0.0 0.0 0.0
96.0 51730404.157323 51730405.777843 51730407.398363 0.0 0.0 20248.017406600833 0.0 0.0 0.0
97.0 51730407.398363 51730409.018883005 51730410.639403 0.0 0.0 20248.017406600833 0.0 0.0 0.0
98.0 51730410.639403 51730412.259922996 51730413.880443 0.0 0.0 20248.017406600833 0.0 0.0 0.0
99.0 51730413.880443 51730415.500963 51730417.121483 0.0 0.0 20248.017406600833 0.0 0.0 0.0
100.0 51730417.121483006 51730418.74200301 51730420.362523004 0.0 0.0 20248.017406600833 0.0 0.0 0.0
101.0 51730420.362523004 51730421.983043 51730423.603563 0.0 0.0 20248.017406600833 0.0 0.0 0.0
102.0 51730423.603563 51730425.22408301 51730426.844603 0.0 0.0 20248.017406600833 0.0 0.0 0.0
103.0 51730426.844603 51730428.465123 51730430.085643 0.0 0.0 20248.017406600833 0.0 0.0 0.0
104.0 51730430.085643 51730431.706163004 51730433.326683 0.0 0.0 20248.017406600833 0.0 0.0 0.0
105.0 51730433.326683 51730434.947202995 51730436.567723 0.0 0.0 20248.017406600833 0.0 0.0 0.0
106.0 51730436.567723 51730438.188243 51730439.808763 0.0 0.0 20248.017406600833 0.0 0.0 0.0
107.0 51730439.808763005 51730441.42928301 51730443.049803 0.0 0.0 20248.017406600833 0.0 0.0 0.0
108.0 51730443.049803 51730444.670323 51730446.290843 0.0 0.0 20248.017406600833 0.0 0.0 0.0
109.0 51730446.290843 51730447.911363006 51730449.531883 0.0 0.0 20248.017406600833 0.0 0.0 0.0
110.0 51730449.531883 51730451.152403 51730452.772923 0.0 0.0 20248.017406600833 0.0 0.0 0.0
111.0 51730452.772923 51730454.393443 51730456.013963 0.0 0.0 20248.017406600833 0.0 0.0 0.0
112.0 51730456.013963 51730457.634482995 51730459.255003 0.0 0.0 20248.017406600833 0.0 0.0 0.0
113.0 51730459.255003005 51730460.875523 51730462.496043004 0.0 0.0 20248.017406600833 0.0 0.0 0.0
114.0 51730462.496043004 51730464.11656301 51730465.737083 0.0 0.0 20248.017406600833 0.0 0.0 0.0
115.0 51730465.737083 51730467.357603 51730468.978123 0.0 0.0 20248.017406600833 0.0 0.0 0.0
116.0 51730468.978123 51730470.598643005 51730472.219163 0.0 0.0 20248.017406600833 0.0 0.0 0.0
117.0 51730472.219163 51730473.839682996 51730475.460203 0.0 0.0 20248.017406600833 0.0 0.0 0.0
118.0 51730475.460203 51730477.080723 51730478.701243 0.0 0.0 20248.017406600833 0.0 0.0 0.0
119.0 51730478.701243006 51730480.32176301 51730481.942283005 0.0 0.0 20248.017406600833 0.0 0.0 0.0
120.0 51730481.942283005 51730483.562803 51730485.183323 0.0 0.0 20248.017406600833 0.0 0.0 0.0
121.0 51730485.183323 51730486.80384301 51730488.424363 0.0 0.0 20248.017406600833 0.0 0.0 0.0
122.0 51730488.424363 51730490.044883 51730491.665403 0.0 0.0 20248.017406600833 0.0 0.0 0.0
123.0 51730491.665403 51730493.285923004 51730494.906443 0.0 0.0 20248.017406600833 0.0 0.0 0.0
124.0 51730494.906443 51730496.526962996 51730498.147483 0.0 0.0 20248.017406600833 0.0 0.0 0.0
125.0 51730498.147483 51730499.768003 51730501.388523 0.0 0.0 20248.017406600833 0.0 0.0 0.0
126.0 51730501.388523005 51730503.00904301 51730504.629563004 0.0 0.0 20248.017406600833 0.0 0.0 0.0
127.0 51730504.629563004 51730506.250083 51730507.870603 0.0 0.0 20248.017406600833 0.0 0.0 0.0
128.0 51730507.870603 51730509.491123006 51730511.111643 0.0 0.0 20248.017406600833 0.0 0.0 0.0
129.0 51730511.111643 51730512.732163 51730514.352683 0.0 0.0 20248.017406600833 0.0 0.0 0.0
130.0 51730514.352683 51730515.973203 51730517.593723 0.0 0.0 20248.017406600833 0.0 0.0 0.0
131.0 51730517.593723 51730519.214242995 51730520.834763 0.0 0.0 20248.017406600833 0.0 0.0 0.0
132.0 51730520.834763005 51730522.455283 51730524.075803004 0.0 0.0 20248.017406600833 0.0 0.0 0.0
133.0 51730524.075803004 51730525.69632301 51730527.316843 0.0 0.0 20248.017406600833 0.0 0.0 0.0
134.0 51730527.316843 51730528.937363 51730530.557883 0.0 0.0 20248.017406600833 0.0 0.0 0.0
135.0 51730530.557883 51730532.178403005 51730533.798923 0.0 0.0 20248.017406600833 0.0 0.0 0.0
136.0 51730533.798923 51730535.419443 51730537.039963 0.0 0.0 20248.017406600833 0.0 0.0 0.0
137.0 51730537.039963 51730538.660483 51730540.281003 0.0 0.0 20248.017406600833 0.0 0.0 0.0
138.0 51730540.281003006 51730541.90152301 51730543.522043005 0.0 0.0 20248.017406600833 0.0 0.0 0.0
139.0 51730543.522043005 51730545.142563 51730546.763083 0.0 0.0 20248.017406600833 0.0 0.0 0.0
140.0 51730546.763083 51730548.38360301 51730550.004123 0.0 0.0 20248.017406600833 0.0 0.0 0.0
141.0 51730550.004123 51730551.624643 51730553.245163 0.0 0.0 20248.017406600833 0.0 0.0 0.0
142.0 51730553.245163 51730554.865683004 51730556.486203 0.0 0.0 20248.017406600833 0.0 0.0 0.0
143.0 51730556.486203 51730558.106722996 51730559.727243 0.0 0.0 20248.017406600833 0.0 0.0 0.0
144.0 51730559.727243 51730561.347763 51730562.968283 0.0 0.0 20248.017406600833 0.0 0.0 0.0
145.0 51730562.968283005 51730564.58880301 51730566.209323004 0.0 0.0 20248.017406600833 0.0 0.0 0.0
146.0 51730566.209323004 51730567.829843 51730569.450363 0.0 0.0 20248.017406600833 0.0 0.0 0.0
147.0 51730569.450363 51730571.070883006 51730572.691403 0.0 0.0 20248.017406600833 0.0 0.0 0.0
148.0 51730572.691403 51730574.311923 51730575.932443 0.0 0.0 20248.017406600833 0.0 0.0 0.0
149.0 51730575.932443 51730577.552963 51730579.173483 0.0 0.0 20248.017406600833 0.0 0.0 0.0
150.0 51730579.173483 51730580.794002995 51730582.414523 0.0 0.0 20248.017406600833 0.0 0.0 0.0
151.0 51730582.414523005 51730584.035043 51730585.655563004 0.0 0.0 20248.017406600833 0.0 0.0 0.0
152.0 51730585.655563004 51730587.27608301 51730588.896603 0.0 0.0 20248.017406600833 0.0 0.0 0.0
153.0 51730588.896603 51730590.517123 51730592.137643 0.0 0.0 20248.017406600833 0.0 0.0 0.0
154.0 51730592.137643 51730593.758163005 51730595.378683 0.0 0.0 20248.017406600833 0.0 0.0 0.0
155.0 51730595.378683 51730596.999203 51730598.619723 0.0 0.0 20248.017406600833 0.0 0.0 0.0
156.0 51730598.619723 51730600.240243 51730601.860763 0.0 0.0 20248.017406600833 0.0 0.0 0.0
157.0 51730601.860763006 51730603.48128301 51730605.101803005 0.0 0.0 20248.017406600833 0.0 0.0 0.0
158.0 51730605.101803005 51730606.722323 51730608.342843 0.0 0.0 20248.017406600833 0.0 0.0 0.0
159.0 51730608.342843 51730609.96336301 51730611.583883 0.0 0.0 20248.017406600833 0.0 0.0 0.0
160.0 51730611.583883 51730613.204403 51730614.824923 0.0 0.0 20248.017406600833 0.0 0.0 0.0
161.0 51730614.824923 51730616.445443004 51730618.065963 0.0 0.0 20248.017406600833 0.0 0.0 0.0
162.0 51730618.065963 51730619.686482996 51730621.307003 0.0 0.0 20248.017406600833 0.0 0.0 0.0
163.0 51730621.307003 51730622.927523 51730624.548043 0.0 0.0 20248.017406600833 0.0 0.0 0.0
164.0 51730624.548043005 51730626.16856301 51730627.789083004 0.0 0.0 20248.017406600833 0.0 0.0 0.0
165.0 51730627.789083004 51730629.409603 51730631.030123 0.0 0.0 20248.017406600833 0.0 0.0 0.0
166.0 51730631.030123 51730632.650643006 51730634.271163 0.0 0.0 20248.017406600833 0.0 0.0 0.0
167.0 51730634.271163 51730635.891683 51730637.512203 0.0 0.0 20248.017406600833 0.0 0.0 0.0
168.0 51730637.512203 51730639.132723 51730640.753243 0.0 0.0 20248.017406600833 0.0 0.0 0.0
169.0 51730640.753243 51730642.373762995 51730643.994283 0.0 0.0 20248.017406600833 0.0 0.0 0.0
170.0 51730643.994283006 51730645.614803 51730647.235323004 0.0 0.0 20248.017406600833 0.0 0.0 0.0
171.0 51730647.235323004 51730648.85584301 51730650.476363 0.0 0.0 20248.017406600833 0.0 0.0 0.0
172.0 51730650.476363 51730652.096883 51730653.717403 0.0 0.0 20248.017406600833 0.0 0.0 0.0
173.0 51730653.717403 51730655.337923005 51730656.958443 0.0 0.0 20248.017406600833 0.0 0.0 0.0
174.0 51730656.958443 51730658.578963 51730660.199483 0.0 0.0 20248.017406600833 0.0 0.0 0.0
175.0 51730660.199483 51730661.820003 51730663.440523 0.0 0.0 20248.017406600833 0.0 0.0 0.0
176.0 51730663.440523 51730665.061042994 51730666.681563 0.0 0.0 20248.017406600833 0.0 0.0 0.0
177.0 51730666.681563005 51730668.302083 51730669.922603 0.0 0.0 20248.017406600833 0.0 0.0 0.0
178.0 51730669.922603 51730671.54312301 51730673.163643 0.0 0.0 20248.017406600833 0.0 0.0 0.0
179.0 51730673.163643 51730674.784163 51730676.404683 0.0 0.0 20248.017406600833 0.0 0.0 0.0
180.0 51730676.404683 51730678.025203004 51730679.645723 0.0 0.0 20248.017406600833 0.0 0.0 0.0
181.0 51730679.645723 51730681.266242996 51730682.886763 0.0 0.0 20248.017406600833 0.0 0.0 0.0
182.0 51730682.886763 51730684.507283 51730686.127803 0.0 0.0 20248.017406600833 0.0 0.0 0.0
183.0 51730686.127803005 51730687.74832301 51730689.368843004 0.0 0.0 20248.017406600833 0.0 0.0 0.0
184.0 51730689.368843004 51730690.989363 51730692.609883 0.0 0.0 20248.017406600833 0.0 0.0 0.0
185.0 51730692.609883 51730694.230403006 51730695.850923 0.0 0.0 20248.017406600833 0.0 0.0 0.0
186.0 51730695.850923 51730697.471443 51730699.091963 0.0 0.0 20248.017406600833 0.0 0.0 0.0
187.0 51730699.091963 51730700.712483004 51730702.333003 0.0 0.0 20248.017406600833 0.0 0.0 0.0
188.0 51730702.333003 51730703.953522995 51730705.574043 0.0 0.0 20248.017406600833 0.0 0.0 0.0
189.0 51730705.574043006 51730707.194563 51730708.815083005 0.0 0.0 20248.017406600833 0.0 0.0 0.0
190.0 51730708.815083005 51730710.43560301 51730712.056123 0.0 0.0 20248.017406600833 0.0 0.0 0.0
191.0 51730712.056123 51730713.676643 51730715.297163 0.0 0.0 20248.017406600833 0.0 0.0 0.0
192.0 51730715.297163 51730716.917683005 51730718.538203 0.0 0.0 20248.017406600833 0.0 0.0 0.0
193.0 51730718.538203 51730720.158723 51730721.779243 0.0 0.0 20248.017406600833 0.0 0.0 0.0
194.0 51730721.779243 51730723.399763 51730725.020283 0.0 0.0 20248.017406600833 0.0 0.0 0.0
195.0 51730725.020283 51730726.640802994 51730728.261323 0.0 0.0 20248.017406600833 0.0 0.0 0.0
196.0 51730728.261323005 51730729.881843 51730731.502363004 0.0 0.0 20248.017406600833 0.0 0.0 0.0
197.0 51730731.502363004 51730733.12288301 51730734.743403 0.0 0.0 20248.017406600833 0.0 0.0 0.0
198.0 51730734.743403 51730736.363923 51730737.984443 0.0 0.0 20248.017406600833 0.0 0.0 0.0
199.0 51730737.984443 51730739.604963005 51730741.225483 0.0 0.0 20248.017406600833 0.0 0.0 0.0
200.0 51730741.225483 51730742.846002996 51730744.466523 0.0 0.0 20248.017406600833 0.0 0.0 0.0
201.0 51730744.466523 51730746.087043 51730747.707563 0.0 0.0 20248.017406600833 0.0 0.0 0.0
202.0 51730747.707563005 51730749.32808301 51730750.948603004 0.0 0.0 20248.017406600833 0.0 0.0 0.0
203.0 51730750.948603004 51730752.569123 51730754.189643 0.0 0.0 20248.017406600833 0.0 0.0 0.0
204.0 51730754.189643 51730755.810163006 51730757.430683 0.0 0.0 20248.017406600833 0.0 0.0 0.0
205.0 51730757.430683 51730759.051203 51730760.671723 0.0 0.0 20248.017406600833 0.0 0.0 0.0
206.0 51730760.671723 51730762.292243004 51730763.912763 0.0 0.0 20248.017406600833 0.0 0.0 0.0
207.0 51730763.912763 51730765.533282995 51730767.153803 0.0 0.0 20248.017406600833 0.0 0.0 0.0
208.0 51730767.153803006 51730768.774323 51730770.394843005 0.0 0.0 20248.017406600833 0.0 0.0 0.0
209.0 51730770.394843005 51730772.01536301 51730773.635883 0.0 0.0 20248.017406600833 0.0 0.0 0.0
210.0 51730773.635883 51730775.256403 51730776.876923 0.0 0.0 20248.017406600833 0.0 0.0 0.0
211.0 51730776.876923 51730778.497443005 51730780.117963 0.0 0.0 20248.017406600833 0.0 0.0 0.0
212.0 51730780.117963 51730781.738483 51730783.359003 0.0 0.0 20248.017406600833 0.0 0.0 0.0
213.0 51730783.359003 51730784.979523 51730786.600043 0.0 0.0 20248.017406600833 0.0 0.0 0.0
214.0 51730786.600043 51730788.220562994 51730789.841083 0.0 0.0 20248.017406600833 0.0 0.0 0.0
215.0 51730789.841083005 51730791.461603 51730793.082123004 0.0 0.0 20248.017406600833 0.0 0.0 0.0
216.0 51730793.082123004 51730794.70264301 51730796.323163 0.0 0.0 20248.017406600833 0.0 0.0 0.0
217.0 51730796.323163 51730797.943683 51730799.564203 0.0 0.0 20248.017406600833 0.0 0.0 0.0
218.0 51730799.564203 51730801.184723005 51730802.805243 0.0 0.0 20248.017406600833 0.0 0.0 0.0
219.0 51730802.805243 51730804.425762996 51730806.046283 0.0 0.0 20248.017406600833 0.0 0.0 0.0
220.0 51730806.046283 51730807.666803 51730809.287323 0.0 0.0 20248.017406600833 0.0 0.0 0.0
221.0 51730809.287323005 51730810.90784301 51730812.528363004 0.0 0.0 20248.017406600833 0.0 0.0 0.0
222.0 51730812.528363004 51730814.148883 51730815.769403 0.0 0.0 20248.017406600833 0.0 0.0 0.0
223.0 51730815.769403 51730817.38992301 51730819.010443 0.0 0.0 20248.017406600833 0.0 0.0 0.0
224.0 51730819.010443 51730820.630963 51730822.251483 0.0 0.0 20248.017406600833 0.0 0.0 0.0
225.0 51730822.251483 51730823.872003004 51730825.492523 0.0 0.0 20248.017406600833 0.0 0.0 0.0
226.0 51730825.492523 51730827.113042995 51730828.733563 0.0 0.0 20248.017406600833 0.0 0.0 0.0
227.0 51730828.733563006 51730830.354083 51730831.974603005 0.0 0.0 20248.017406600833 0.0 0.0 0.0
228.0 51730831.974603005 51730833.59512301 51730835.215643 0.0 0.0 20248.017406600833 0.0 0.0 0.0
229.0 51730835.215643 51730836.836163 51730838.456683 0.0 0.0 20248.017406600833 0.0 0.0 0.0
230.0 51730838.456683 51730840.077203006 51730841.697723 0.0 0.0 20248.017406600833 0.0 0.0 0.0
231.0 51730841.697723 51730843.318243 51730844.938763 0.0 0.0 20248.017406600833 0.0 0.0 0.0
232.0 51730844.938763 51730846.559283 51730848.179803 0.0 0.0 20248.017406600833 0.0 0.0 0.0
233.0 51730848.179803 51730849.800322995 51730851.420843 0.0 0.0 20248.017406600833 0.0 0.0 0.0
234.0 51730851.420843005 51730853.041363 51730854.661883004 0.0 0.0 20248.017406600833 0.0 0.0 0.0
235.0 51730854.661883004 51730856.28240301 51730857.902923 0.0 0.0 20248.017406600833 0.0 0.0 0.0
236.0 51730857.902923 51730859.523443 51730861.143963 0.0 0.0 20248.017406600833 0.0 0.0 0.0
237.0 51730861.143963 51730862.764483005 51730864.385003 0.0 0.0 20248.017406600833 0.0 0.0 0.0
238.0 51730864.385003 51730866.005522996 51730867.626043 0.0 0.0 20248.017406600833 0.0 0.0 0.0
239.0 51730867.626043 51730869.246563 51730870.867083 0.0 0.0 20248.017406600833 0.0 0.0 0.0
240.0 51730870.867083006 51730872.48760301 51730874.108123004 0.0 0.0 20248.017406600833 0.0 0.0 0.0
241.0 51730874.108123004 51730875.728643 51730877.349163 0.0 0.0 20248.017406600833 0.0 0.0 0.0
242.0 51730877.349163 51730878.96968301 51730880.590203 0.0 0.0 20248.017406600833 0.0 0.0 0.0
243.0 51730880.590203 51730882.210723 51730883.831243 0.0 0.0 20248.017406600833 0.0 0.0 0.0
244.0 51730883.831243 51730885.451763004 51730887.072283 0.0 0.0 20248.017406600833 0.0 0.0 0.0
245.0 51730887.072283 51730888.692802995 51730890.313323 0.0 0.0 20248.017406600833 0.0 0.0 0.0
246.0 51730890.313323 51730891.933843 51730893.554363 0.0 0.0 20248.017406600833 0.0 0.0 0.0
247.0 51730893.554363005 51730895.17488301 51730896.795403 0.0 0.0 20248.017406600833 0.0 0.0 0.0
248.0 51730896.795403 51730898.415923 51730900.036443 0.0 0.0 20248.017406600833 0.0 0.0 0.0
249.0 51730900.036443 51730901.656963006 51730903.277483 0.0 0.0 20248.017406600833 0.0 0.0 0.0
250.0 51730903.277483 51730904.898003 51730906.518523 0.0 0.0 20248.017406600833 0.0 0.0 0.0
251.0 51730906.518523 51730908.139043 51730909.759563 0.0 0.0 20248.017406600833 0.0 0.0 0.0
252.0 51730909.759563 51730911.380082995 51730913.000603 0.0 0.0 20248.017406600833 0.0 0.0 0.0
253.0 51730913.000603005 51730914.621123 51730916.241643004 0.0 0.0 20248.017406600833 0.0 0.0 0.0
254.0 51730916.241643004 51730917.86216301 51730919.482683 0.0 0.0 20248.017406600833 0.0 0.0 0.0
255.0 51730919.482683 51730921.103203 51730922.723723 0.0 0.0 20248.017406600833 0.0 0.0 0.0
256.0 51730922.723723 51730924.344243005 51730925.964763 0.0 0.0 20248.017406600833 0.0 0.0 0.0
257.0 51730925.964763 51730927.585283 51730929.205803 0.0 0.0 20248.017406600833 0.0 0.0 0.0
258.0 51730929.205803 51730930.826323 51730932.446843 0.0 0.0 20248.017406600833 0.0 0.0 0.0
259.0 51730932.446843006 51730934.06736301 51730935.687883005 0.0 0.0 20248.017406600833 0.0 0.0 0.0
260.0 51730935.687883005 51730937.308403 51730938.928923 0.0 0.0 20248.017406600833 0.0 0.0 0.0
261.0 51730938.928923 51730940.54944301 51730942.169963 0.0 0.0 20248.017406600833 0.0 0.0 0.0
262.0 51730942.169963 51730943.790483 51730945.411003 0.0 0.0 20248.017406600833 0.0 0.0 0.0
263.0 51730945.411003 51730947.031523004 51730948.652043 0.0 0.0 20248.017406600833 0.0 0.0 0.0
264.0 51730948.652043 51730950.272562996 51730951.893083 0.0 0.0 20248.017406600833 0.0 0.0 0.0
265.0 51730951.893083 51730953.513603 51730955.134123 0.0 0.0 20248.017406600833 0.0 0.0 0.0
266.0 51730955.134123005 51730956.75464301 51730958.375163004 0.0 0.0 20248.017406600833 0.0 0.0 0.0
267.0 51730958.375163004 51730959.995683 51730961.616203 0.0 0.0 20248.017406600833 0.0 0.0 0.0
268.0 51730961.616203 51730963.236723006 51730964.857243 0.0 0.0 20248.017406600833 0.0 0.0 0.0
269.0 51730964.857243 51730966.477763 51730968.098283 0.0 0.0 20248.017406600833 0.0 0.0 0.0
270.0 51730968.098283 51730969.718803 51730971.339323 0.0 0.0 20248.017406600833 0.0 0.0 0.0
271.0 51730971.339323 51730972.959842995 51730974.580363 0.0 0.0 20248.017406600833 0.0 0.0 0.0
272.0 51730974.580363005 51730976.200883 51730977.821403004 0.0 0.0 20248.017406600833 0.0 0.0 0.0
273.0 51730977.821403004 51730979.44192301 51730981.062443 0.0 0.0 20248.017406600833 0.0 0.0 0.0
274.0 51730981.062443 51730982.682963 51730984.303483 0.0 0.0 20248.017406600833 0.0 0.0 0.0
275.0 51730984.303483 51730985.924003005 51730987.544523 0.0 0.0 20248.017406600833 0.0 0.0 0.0
276.0 51730987.544523 51730989.165043 51730990.785563 0.0 0.0 20248.017406600833 0.0 0.0 0.0
277.0 51730990.785563 51730992.406083 51730994.026603 0.0 0.0 20248.017406600833 0.0 0.0 0.0
278.0 51730994.026603006 51730995.64712301 51730997.267643005 0.0 0.0 20248.017406600833 0.0 0.0 0.0
279.0 51730997.267643005 51730998.888163 51731000.508683 0.0 0.0 20248.017406600833 0.0 0.0 0.0
280.0 51731000.508683 51731002.12920301 51731003.749723 0.0 0.0 20248.017406600833 0.0 0.0 0.0
281.0 51731003.749723 51731005.370243 51731006.990763 2.0 1.4142135623730951 20248.017406600833 1.9151798692419444 1.0442883366310802 0.7384233643458571
282.0 51731006.990763 51731008.611283004 51731010.231803 0.0 0.0 20248.017406600833 3.199999998844195 0.0 0.0
283.0 51731010.231803 51731011.852322996 51731013.472843 1.0 1.0 20248.017406600833 3.199999998844195 0.3125000001128716 0.3125000001128716
284.0 51731013.472843 51731015.093363 51731016.713883 0.0 0.0 20248.017406600833 3.199999998844195 0.0 0.0
285.0 51731016.713883005 51731018.33440301 51731019.954923004 1.0 1.0 20248.017406600833 3.199999998844195 0.3125000001128716 0.3125000001128716
286.0 51731019.954923004 51731021.575443 51731023.195963 1.0 1.0 20248.017406600833 3.199999998844195 0.3125000001128716 0.3125000001128716
287.0 51731023.195963 51731024.816483006 51731026.437003 0.0 0.0 20248.017406600833 3.199999998844195 0.0 0.0
288.0 51731026.437003 51731028.057523 51731029.678043 1.0 1.0 20248.017406600833 3.199999998844195 0.3125000001128716 0.3125000001128716
289.0 51731029.678043 51731031.298563 51731032.919083 0.0 0.0 20248.017406600833 3.199999998844195 0.0 0.0
290.0 51731032.919083 51731034.539602995 51731036.160123 2.0 1.4142135623730951 20248.017406600833 3.199999998844195 0.6250000002257432 0.44194173840121675
291.0 51731036.160123006 51731037.780643 51731039.401163004 1.0 1.0 20248.017406600833 3.199999998844195 0.3125000001128716 0.3125000001128716
292.0 51731039.401163004 51731041.02168301 51731042.642203 0.0 0.0 20248.017406600833 3.199999998844195 0.0 0.0
293.0 51731042.642203 51731044.262723 51731045.883243 0.0 0.0 20248.017406600833 3.199999998844195 0.0 0.0
294.0 51731045.883243 51731047.503763005 51731049.124283 0.0 0.0 20248.017406600833 3.199999998844195 0.0 0.0
295.0 51731049.124283 51731050.744803 51731052.365323 0.0 0.0 20248.017406600833 3.199999998844195 0.0 0.0
296.0 51731052.365323 51731053.985843 51731055.606363 0.0 0.0 20248.017406600833 3.199999998844195 0.0 0.0
297.0 51731055.606363006 51731057.22688301 51731058.847403005 1.0 1.0 20248.017406600833 3.199999998844195 0.3125000001128716 0.3125000001128716
298.0 51731058.847403005 51731060.467923 51731062.088443 0.0 0.0 20248.017406600833 3.199999998844195 0.0 0.0
299.0 51731062.088443 51731063.70896301 51731065.329483 0.0 0.0 20248.017406600833 3.199999998844195 0.0 0.0
300.0 51731065.329483 51731066.950003 51731068.570523 0.0 0.0 20248.017406600833 3.199999998844195 0.0 0.0
301.0 51731068.570523 51731070.191043004 51731071.811563 0.0 0.0 20248.017406600833 3.199999998844195 0.0 0.0
302.0 51731071.811563 51731073.432082996 51731075.052603 0.0 0.0 20248.017406600833 3.199999998844195 0.0 0.0
303.0 51731075.052603 51731076.673123 51731078.293643 0.0 0.0 20248.017406600833 3.199999998844195 0.0 0.0
304.0 51731078.293643005 51731079.91416301 51731081.534683004 0.0 0.0 20248.017406600833 3.199999998844195 0.0 0.0
305.0 51731081.534683004 51731083.155203 51731084.775723 0.0 0.0 20248.017406600833 3.199999998844195 0.0 0.0
306.0 51731084.775723 51731086.396243006 51731088.016763 2.0 1.4142135623730951 20248.017406600833 3.199999998844195 0.6250000002257432 0.44194173840121675
307.0 51731088.016763 51731089.637283 51731091.257803 1.0 1.0 20248.017406600833 3.199999998844195 0.3125000001128716 0.3125000001128716
308.0 51731091.257803 51731092.878323 51731094.498843 0.0 0.0 20248.017406600833 3.199999998844195 0.0 0.0
309.0 51731094.498843 51731096.119362995 51731097.739883 0.0 0.0 20248.017406600833 3.199999998844195 0.0 0.0
310.0 51731097.739883006 51731099.360403 51731100.980923004 0.0 0.0 20248.017406600833 3.199999998844195 0.0 0.0
311.0 51731100.980923004 51731102.60144301 51731104.221963 2.0 1.4142135623730951 20248.017406600833 3.199999998844195 0.6250000002257432 0.44194173840121675
312.0 51731104.221963 51731105.842483 51731107.463003 0.0 0.0 20248.017406600833 3.199999998844195 0.0 0.0
313.0 51731107.463003 51731109.083523005 51731110.704043 1.0 1.0 20248.017406600833 3.199999998844195 0.3125000001128716 0.3125000001128716
314.0 51731110.704043 51731112.324563 51731113.945083 1.0 1.0 20248.017406600833 3.199999998844195 0.3125000001128716 0.3125000001128716
315.0 51731113.945083 51731115.565603 51731117.186123 1.0 1.0 20248.017406600833 3.199999998844195 0.3125000001128716 0.3125000001128716
316.0 51731117.186123 51731118.806642994 51731120.427163 1.0 1.0 20248.017406600833 3.199999998844195 0.3125000001128716 0.3125000001128716
317.0 51731120.427163005 51731122.047683 51731123.668203 1.0 1.0 20248.017406600833 3.199999998844195 0.3125000001128716 0.3125000001128716
318.0 51731123.668203 51731125.28872301 51731126.909243 1.0 1.0 20248.017406600833 3.199999998844195 0.3125000001128716 0.3125000001128716
319.0 51731126.909243 51731128.529763 51731130.150283 1.0 1.0 20248.017406600833 3.199999998844195 0.3125000001128716 0.3125000001128716
320.0 51731130.150283 51731131.770803005 51731133.391323 0.0 0.0 20248.017406600833 3.199999998844195 0.0 0.0
321.0 51731133.391323 51731135.011842996 51731136.632363 0.0 0.0 20248.017406600833 3.199999998844195 0.0 0.0
322.0 51731136.632363 51731138.252883 51731139.873403 0.0 0.0 20248.017406600833 3.199999998844195 0.0 0.0
323.0 51731139.873403005 51731141.49392301 51731143.114443004 0.0 0.0 20248.017406600833 3.199999998844195 0.0 0.0
324.0 51731143.114443004 51731144.734963 51731146.355483 0.0 0.0 20248.017406600833 3.199999998844195 0.0 0.0
325.0 51731146.355483 51731147.976003006 51731149.596523 0.0 0.0 20248.017406600833 3.199999998844195 0.0 0.0
326.0 51731149.596523 51731151.217043 51731152.837563 0.0 0.0 20248.017406600833 3.199999998844195 0.0 0.0
327.0 51731152.837563 51731154.458083004 51731156.078603 0.0 0.0 20248.017406600833 3.199999998844195 0.0 0.0
328.0 51731156.078603 51731157.699122995 51731159.319643 0.0 0.0 20248.017406600833 3.199999998844195 0.0 0.0
329.0 51731159.319643006 51731160.940163 51731162.560683005 0.0 0.0 20248.017406600833 3.199999998844195 0.0 0.0
330.0 51731162.560683005 51731164.18120301 51731165.801723 1.0 1.0 20248.017406600833 3.199999998844195 0.3125000001128716 0.3125000001128716
331.0 51731165.801723 51731167.422243 51731169.042763 0.0 0.0 20248.017406600833 3.199999998844195 0.0 0.0
332.0 51731169.042763 51731170.663283005 51731172.283803 0.0 0.0 20248.017406600833 3.199999998844195 0.0 0.0
333.0 51731172.283803 51731173.904323 51731175.524843 0.0 0.0 20248.017406600833 3.199999998844195 0.0 0.0
334.0 51731175.524843 51731177.145363 51731178.765883 1.0 1.0 20248.017406600833 3.199999998844195 0.3125000001128716 0.3125000001128716
335.0 51731178.765883 51731180.386402994 51731182.006923 0.0 0.0 20248.017406600833 3.199999998844195 0.0 0.0
336.0 51731182.006923005 51731183.627443 51731185.247963004 1.0 1.0 20248.017406600833 3.199999998844195 0.3125000001128716 0.3125000001128716
337.0 51731185.247963004 51731186.86848301 51731188.489003 0.0 0.0 20248.017406600833 3.199999998844195 0.0 0.0
338.0 51731188.489003 51731190.109523 51731191.730043 1.0 1.0 20248.017406600833 3.199999998844195 0.3125000001128716 0.3125000001128716
339.0 51731191.730043 51731193.350563005 51731194.971083 2.0 1.4142135623730951 20248.017406600833 3.199999998844195 0.6250000002257432 0.44194173840121675
340.0 51731194.971083 51731196.591602996 51731198.212123 0.0 0.0 20248.017406600833 3.199999998844195 0.0 0.0
341.0 51731198.212123 51731199.832643 51731201.453163 0.0 0.0 20248.017406600833 3.199999998844195 0.0 0.0
342.0 51731201.453163005 51731203.07368301 51731204.694203004 0.0 0.0 20248.017406600833 3.199999998844195 0.0 0.0
343.0 51731204.694203004 51731206.314723 51731207.935243 0.0 0.0 20248.017406600833 3.199999998844195 0.0 0.0
344.0 51731207.935243 51731209.555763006 51731211.176283 0.0 0.0 20248.017406600833 3.199999998844195 0.0 0.0
345.0 51731211.176283 51731212.796803 51731214.417323 0.0 0.0 20248.017406600833 3.199999998844195 0.0 0.0
346.0 51731214.417323 51731216.037843004 51731217.658363 0.0 0.0 20248.017406600833 3.199999998844195 0.0 0.0
347.0 51731217.658363 51731219.278882995 51731220.899403 1.0 1.0 20248.017406600833 3.199999998844195 0.3125000001128716 0.3125000001128716
348.0 51731220.899403006 51731222.519923 51731224.140443005 0.0 0.0 20248.017406600833 3.199999998844195 0.0 0.0
349.0 51731224.140443005 51731225.76096301 51731227.381483 0.0 0.0 20248.017406600833 3.199999998844195 0.0 0.0
350.0 51731227.381483 51731229.002003 51731230.622523 2.0 1.4142135623730951 20248.017406600833 3.199999998844195 0.6250000002257432 0.44194173840121675
351.0 51731230.622523 51731232.243043005 51731233.863563 0.0 0.0 20248.017406600833 3.199999998844195 0.0 0.0
352.0 51731233.863563 51731235.484083 51731237.104603 1.0 1.0 20248.017406600833 3.199999998844195 0.3125000001128716 0.3125000001128716
353.0 51731237.104603 51731238.725123 51731240.345643 0.0 0.0 20248.017406600833 3.199999998844195 0.0 0.0
354.0 51731240.345643 51731241.966162995 51731243.586683 1.0 1.0 20248.017406600833 3.199999998844195 0.3125000001128716 0.3125000001128716
355.0 51731243.586683005 51731245.207203 51731246.827723004 1.0 1.0 20248.017406600833 3.199999998844195 0.3125000001128716 0.3125000001128716
356.0 51731246.827723004 51731248.44824301 51731250.068763 1.0 1.0 20248.017406600833 3.199999998844195 0.3125000001128716 0.3125000001128716
357.0 51731250.068763 51731251.689283 51731253.309803 0.0 0.0 20248.017406600833 3.199999998844195 0.0 0.0
358.0 51731253.309803 51731254.930323005 51731256.550843 0.0 0.0 20248.017406600833 3.199999998844195 0.0 0.0
359.0 51731256.550843 51731258.171362996 51731259.791883 0.0 0.0 20248.017406600833 3.199999998844195 0.0 0.0
360.0 51731259.791883 51731261.412403 51731263.032923 0.0 0.0 20248.017406600833 3.199999998844195 0.0 0.0
361.0 51731263.032923006 51731264.65344301 51731266.273963004 1.0 1.0 20248.017406600833 3.199999998844195 0.3125000001128716 0.3125000001128716
362.0 51731266.273963004 51731267.894483 51731269.515003 2.0 1.4142135623730951 20248.017406600833 3.199999998844195 0.6250000002257432 0.44194173840121675
363.0 51731269.515003 51731271.13552301 51731272.756043 0.0 0.0 20248.017406600833 3.199999998844195 0.0 0.0
364.0 51731272.756043 51731274.376563 51731275.997083 1.0 1.0 20248.017406600833 3.199999998844195 0.3125000001128716 0.3125000001128716
365.0 51731275.997083 51731277.617603004 51731279.238123 0.0 0.0 20248.017406600833 3.199999998844195 0.0 0.0
366.0 51731279.238123 51731280.858642995 51731282.479163 1.0 1.0 20248.017406600833 3.199999998844195 0.3125000001128716 0.3125000001128716
367.0 51731282.479163006 51731284.099683 51731285.720203005 1.0 1.0 20248.017406600833 3.199999998844195 0.3125000001128716 0.3125000001128716
368.0 51731285.720203005 51731287.34072301 51731288.961243 0.0 0.0 20248.017406600833 3.199999998844195 0.0 0.0
369.0 51731288.961243 51731290.581763 51731292.202283 0.0 0.0 20248.017406600833 3.199999998844195 0.0 0.0
370.0 51731292.202283 51731293.822803006 51731295.443323 1.0 1.0 20248.017406600833 3.199999998844195 0.3125000001128716 0.3125000001128716
371.0 51731295.443323 51731297.063843 51731298.684363 1.0 1.0 20248.017406600833 3.199999998844195 0.3125000001128716 0.3125000001128716
372.0 51731298.684363 51731300.304883 51731301.925403 0.0 0.0 20248.017406600833 3.199999998844195 0.0 0.0
373.0 51731301.925403 51731303.545922995 51731305.166443 1.0 1.0 20248.017406600833 3.199999998844195 0.3125000001128716 0.3125000001128716
374.0 51731305.166443005 51731306.786963 51731308.407483004 1.0 1.0 20248.017406600833 3.199999998844195 0.3125000001128716 0.3125000001128716
375.0 51731308.407483004 51731310.02800301 51731311.648523 2.0 1.4142135623730951 20248.017406600833 3.199999998844195 0.6250000002257432 0.44194173840121675
376.0 51731311.648523 51731313.269043 51731314.889563 0.0 0.0 20248.017406600833 3.199999998844195 0.0 0.0
377.0 51731314.889563 51731316.510083005 51731318.130603 1.0 1.0 20248.017406600833 3.199999998844195 0.3125000001128716 0.3125000001128716
378.0 51731318.130603 51731319.751122996 51731321.371643 2.0 1.4142135623730951 20248.017406600833 3.199999998844195 0.6250000002257432 0.44194173840121675
379.0 51731321.371643 51731322.992163 51731324.612683 0.0 0.0 20248.017406600833 3.199999998844195 0.0 0.0
380.0 51731324.612683006 51731326.23320301 51731327.853723004 0.0 0.0 20248.017406600833 3.199999998844195 0.0 0.0
381.0 51731327.853723004 51731329.474243 51731331.094763 0.0 0.0 20248.017406600833 3.199999998844195 0.0 0.0
382.0 51731331.094763 51731332.71528301 51731334.335803 0.0 0.0 20248.017406600833 3.199999998844195 0.0 0.0
383.0 51731334.335803 51731335.956323 51731337.576843 0.0 0.0 20248.017406600833 3.199999998844195 0.0 0.0
384.0 51731337.576843 51731339.197363004 51731340.817883 1.0 1.0 20248.017406600833 3.199999998844195 0.3125000001128716 0.3125000001128716
385.0 51731340.817883 51731342.438402995 51731344.058923 0.0 0.0 20248.017406600833 3.199999998844195 0.0 0.0
386.0 51731344.058923 51731345.679443 51731347.299963 1.0 1.0 20248.017406600833 3.199999998844195 0.3125000001128716 0.3125000001128716
387.0 51731347.299963005 51731348.92048301 51731350.541003 0.0 0.0 20248.017406600833 3.199999998844195 0.0 0.0
388.0 51731350.541003 51731352.161523 51731353.782043 1.0 1.0 20248.017406600833 3.199999998844195 0.3125000001128716 0.3125000001128716
389.0 51731353.782043 51731355.402563006 51731357.023083 1.0 1.0 20248.017406600833 3.199999998844195 0.3125000001128716 0.3125000001128716
390.0 51731357.023083 51731358.643603 51731360.264123 0.0 0.0 20248.017406600833 3.199999998844195 0.0 0.0
391.0 51731360.264123 51731361.884643 51731363.505163 0.0 0.0 20248.017406600833 3.199999998844195 0.0 0.0
392.0 51731363.505163 51731365.125682995 51731366.746203 1.0 1.0 20248.017406600833 3.199999998844195 0.3125000001128716 0.3125000001128716
393.0 51731366.746203005 51731368.366723 51731369.987243004 1.0 1.0 20248.017406600833 3.199999998844195 0.3125000001128716 0.3125000001128716
394.0 51731369.987243004 51731371.60776301 51731373.228283 0.0 0.0 20248.017406600833 3.199999998844195 0.0 0.0
395.0 51731373.228283 51731374.848803 51731376.469323 1.0 1.0 20248.017406600833 3.199999998844195 0.3125000001128716 0.3125000001128716
396.0 51731376.469323 51731378.089843005 51731379.710363 0.0 0.0 20248.017406600833 3.199999998844195 0.0 0.0
397.0 51731379.710363 51731381.330883 51731382.951403 1.0 1.0 20248.017406600833 3.199999998844195 0.3125000001128716 0.3125000001128716
398.0 51731382.951403 51731384.571923 51731386.192443 1.0 1.0 20248.017406600833 3.199999998844195 0.3125000001128716 0.3125000001128716
399.0 51731386.192443006 51731387.81296301 51731389.433483005 1.0 1.0 20248.017406600833 3.199999998844195 0.3125000001128716 0.3125000001128716
400.0 51731389.433483005 51731391.054003 51731392.674523 3.0 1.7320508075688772 20248.017406600833 3.199999998844195 0.9375000003386148 0.5412658775607735
401.0 51731392.674523 51731394.29504301 51731395.915563 4.0 2.0 20248.017406600833 3.199999998844195 1.2500000004514864 0.6250000002257432
402.0 51731395.915563 51731397.536083 51731399.156603 0.0 0.0 20248.017406600833 3.199999998844195 0.0 0.0
403.0 51731399.156603 51731400.777123004 51731402.397643 0.0 0.0 20248.017406600833 3.199999998844195 0.0 0.0
404.0 51731402.397643 51731404.018162996 51731405.638683 0.0 0.0 20248.017406600833 3.199999998844195 0.0 0.0
405.0 51731405.638683 51731407.259203 51731408.879723 0.0 0.0 20248.017406600833 3.199999998844195 0.0 0.0
406.0 51731408.879723005 51731410.50024301 51731412.120763004 0.0 0.0 20248.017406600833 3.199999998844195 0.0 0.0
407.0 51731412.120763004 51731413.741283 51731415.361803 0.0 0.0 20248.017406600833 3.199999998844195 0.0 0.0
408.0 51731415.361803 51731416.982323006 51731418.602843 0.0 0.0 20248.017406600833 3.199999998844195 0.0 0.0
409.0 51731418.602843 51731420.223363 51731421.843883 0.0 0.0 20248.017406600833 3.199999998844195 0.0 0.0
410.0 51731421.843883 51731423.464403 51731425.084923 0.0 0.0 20248.017406600833 3.199999998844195 0.0 0.0
411.0 51731425.084923 51731426.705442995 51731428.325963 0.0 0.0 20248.017406600833 3.199999998844195 0.0 0.0
412.0 51731428.325963005 51731429.946483 51731431.567003004 0.0 0.0 20248.017406600833 3.199999998844195 0.0 0.0
413.0 51731431.567003004 51731433.18752301 51731434.808043 1.0 1.0 20248.017406600833 3.199999998844195 0.3125000001128716 0.3125000001128716
414.0 51731434.808043 51731436.428563 51731438.049083 0.0 0.0 20248.017406600833 3.199999998844195 0.0 0.0
415.0 51731438.049083 51731439.669603005 51731441.290123 0.0 0.0 20248.017406600833 3.199999998844195 0.0 0.0
416.0 51731441.290123 51731442.910643 51731444.531163 1.0 1.0 20248.017406600833 3.199999998844195 0.3125000001128716 0.3125000001128716
417.0 51731444.531163 51731446.151683 51731447.772203 2.0 1.4142135623730951 20248.017406600833 3.199999998844195 0.6250000002257432 0.44194173840121675
418.0 51731447.772203006 51731449.39272301 51731451.013243005 2.0 1.4142135623730951 20248.017406600833 3.199999998844195 0.6250000002257432 0.44194173840121675
419.0 51731451.013243005 51731452.633763 51731454.254283 1.0 1.0 20248.017406600833 3.199999998844195 0.3125000001128716 0.3125000001128716
420.0 51731454.254283 51731455.87480301 51731457.495323 1.0 1.0 20248.017406600833 3.199999998844195 0.3125000001128716 0.3125000001128716
421.0 51731457.495323 51731459.115843 51731460.736363 0.0 0.0 20248.017406600833 3.199999998844195 0.0 0.0
422.0 51731460.736363 51731462.356883004 51731463.977403 0.0 0.0 20248.017406600833 3.199999998844195 0.0 0.0
423.0 51731463.977403 51731465.597922996 51731467.218443 1.0 1.0 20248.017406600833 3.199999998844195 0.3125000001128716 0.3125000001128716
424.0 51731467.218443 51731468.838963 51731470.459483 1.0 1.0 20248.017406600833 3.199999998844195 0.3125000001128716 0.3125000001128716
425.0 51731470.459483005 51731472.08000301 51731473.700523004 0.0 0.0 20248.017406600833 3.199999998844195 0.0 0.0
426.0 51731473.700523004 51731475.321043 51731476.941563 1.0 1.0 20248.017406600833 3.199999998844195 0.3125000001128716 0.3125000001128716
427.0 51731476.941563 51731478.562083006 51731480.182603 0.0 0.0 20248.017406600833 3.199999998844195 0.0 0.0
428.0 51731480.182603 51731481.803123 51731483.423643 0.0 0.0 20248.017406600833 3.199999998844195 0.0 0.0
429.0 51731483.423643 51731485.044163 51731486.664683 1.0 1.0 20248.017406600833 3.199999998844195 0.3125000001128716 0.3125000001128716
430.0 51731486.664683 51731488.285202995 51731489.905723 1.0 1.0 20248.017406600833 3.199999998844195 0.3125000001128716 0.3125000001128716
431.0 51731489.905723006 51731491.526243 51731493.146763004 1.0 1.0 20248.017406600833 3.199999998844195 0.3125000001128716 0.3125000001128716
432.0 51731493.146763004 51731494.76728301 51731496.387803 2.0 1.4142135623730951 20248.017406600833 3.199999998844195 0.6250000002257432 0.44194173840121675
433.0 51731496.387803 51731498.008323 51731499.628843 1.0 1.0 20248.017406600833 3.199999998844195 0.3125000001128716 0.3125000001128716
434.0 51731499.628843 51731501.249363005 51731502.869883 0.0 0.0 20248.017406600833 3.199999998844195 0.0 0.0
435.0 51731502.869883 51731504.490403 51731506.110923 1.0 1.0 20248.017406600833 3.199999998844195 0.3125000001128716 0.3125000001128716
436.0 51731506.110923 51731507.731443 51731509.351963 1.0 1.0 20248.017406600833 3.199999998844195 0.3125000001128716 0.3125000001128716
437.0 51731509.351963006 51731510.97248301 51731512.593003005 0.0 0.0 20248.017406600833 3.199999998844195 0.0 0.0
438.0 51731512.593003005 51731514.213523 51731515.834043 1.0 1.0 20248.017406600833 3.199999998844195 0.3125000001128716 0.3125000001128716
439.0 51731515.834043 51731517.45456301 51731519.075083 0.0 0.0 20248.017406600833 3.199999998844195 0.0 0.0
440.0 51731519.075083 51731520.695603 51731522.316123 0.0 0.0 20248.017406600833 3.199999998844195 0.0 0.0
441.0 51731522.316123 51731523.936643004 51731525.557163 4.0 2.0 20248.017406600833 3.199999998844195 1.2500000004514864 0.6250000002257432
442.0 51731525.557163 51731527.177682996 51731528.798203 1.0 1.0 20248.017406600833 3.199999998844195 0.3125000001128716 0.3125000001128716
443.0 51731528.798203 51731530.418723 51731532.039243 2.0 1.4142135623730951 20248.017406600833 3.199999998844195 0.6250000002257432 0.44194173840121675
444.0 51731532.039243005 51731533.65976301 51731535.280283004 1.0 1.0 20248.017406600833 3.199999998844195 0.3125000001128716 0.3125000001128716
445.0 51731535.280283004 51731536.900803 51731538.521323 1.0 1.0 20248.017406600833 3.199999998844195 0.3125000001128716 0.3125000001128716
446.0 51731538.521323 51731540.141843006 51731541.762363 0.0 0.0 20248.017406600833 3.199999998844195 0.0 0.0
447.0 51731541.762363 51731543.382883 51731545.003403 0.0 0.0 20248.017406600833 3.199999998844195 0.0 0.0
448.0 51731545.003403 51731546.623923 51731548.244443 0.0 0.0 20248.017406600833 3.199999998844195 0.0 0.0
449.0 51731548.244443 51731549.864962995 51731551.485483 0.0 0.0 20248.017406600833 3.199999998844195 0.0 0.0
450.0 51731551.485483006 51731553.106003 51731554.726523004 1.0 1.0 20248.017406600833 3.199999998844195 0.3125000001128716 0.3125000001128716
451.0 51731554.726523004 51731556.34704301 51731557.967563 1.0 1.0 20248.017406600833 3.199999998844195 0.3125000001128716 0.3125000001128716
452.0 51731557.967563 51731559.588083 51731561.208603 2.0 1.4142135623730951 20248.017406600833 3.199999998844195 0.6250000002257432 0.44194173840121675
453.0 51731561.208603 51731562.829123005 51731564.449643 1.0 1.0 20248.017406600833 3.199999998844195 0.3125000001128716 0.3125000001128716
454.0 51731564.449643 51731566.070163 51731567.690683 0.0 0.0 20248.017406600833 3.199999998844195 0.0 0.0
455.0 51731567.690683 51731569.311203 51731570.931723 0.0 0.0 20248.017406600833 3.199999998844195 0.0 0.0
456.0 51731570.931723 51731572.552242994 51731574.172763 0.0 0.0 20248.017406600833 3.199999998844195 0.0 0.0
457.0 51731574.172763005 51731575.793283 51731577.413803004 1.0 1.0 20248.017406600833 3.199999998844195 0.3125000001128716 0.3125000001128716
458.0 51731577.413803004 51731579.03432301 51731580.654843 0.0 0.0 20248.017406600833 3.199999998844195 0.0 0.0
459.0 51731580.654843 51731582.275363 51731583.895883 1.0 1.0 20248.017406600833 3.199999998844195 0.3125000001128716 0.3125000001128716
460.0 51731583.895883 51731585.516403005 51731587.136923 0.0 0.0 20248.017406600833 3.199999998844195 0.0 0.0
461.0 51731587.136923 51731588.757442996 51731590.377963 0.0 0.0 20248.017406600833 3.199999998844195 0.0 0.0
462.0 51731590.377963 51731591.998483 51731593.619003 1.0 1.0 20248.017406600833 3.199999998844195 0.3125000001128716 0.3125000001128716
463.0 51731593.619003005 51731595.23952301 51731596.860043004 1.0 1.0 20248.017406600833 3.199999998844195 0.3125000001128716 0.3125000001128716
464.0 51731596.860043004 51731598.480563 51731600.101083 1.0 1.0 20248.017406600833 3.199999998844195 0.3125000001128716 0.3125000001128716
465.0 51731600.101083 51731601.721603006 51731603.342123 0.0 0.0 20248.017406600833 3.199999998844195 0.0 0.0
466.0 51731603.342123 51731604.962643 51731606.583163 1.0 1.0 20248.017406600833 3.199999998844195 0.3125000001128716 0.3125000001128716
467.0 51731606.583163 51731608.203683004 51731609.824203 0.0 0.0 20248.017406600833 3.199999998844195 0.0 0.0
468.0 51731609.824203 51731611.444722995 51731613.065243 1.0 1.0 20248.017406600833 3.199999998844195 0.3125000001128716 0.3125000001128716
469.0 51731613.065243006 51731614.685763 51731616.306283005 0.0 0.0 20248.017406600833 3.199999998844195 0.0 0.0
470.0 51731616.306283005 51731617.92680301 51731619.547323 0.0 0.0 20248.017406600833 3.199999998844195 0.0 0.0
471.0 51731619.547323 51731621.167843 51731622.788363 1.0 1.0 20248.017406600833 3.199999998844195 0.3125000001128716 0.3125000001128716
472.0 51731622.788363 51731624.408883005 51731626.029403 1.0 1.0 20248.017406600833 3.199999998844195 0.3125000001128716 0.3125000001128716
473.0 51731626.029403 51731627.649923 51731629.270443 0.0 0.0 20248.017406600833 3.199999998844195 0.0 0.0
474.0 51731629.270443 51731630.890963 51731632.511483 1.0 1.0 20248.017406600833 3.199999998844195 0.3125000001128716 0.3125000001128716
475.0 51731632.511483 51731634.132002994 51731635.752523 0.0 0.0 20248.017406600833 3.199999998844195 0.0 0.0
476.0 51731635.752523005 51731637.373043 51731638.993563004 1.0 1.0 20248.017406600833 3.199999998844195 0.3125000001128716 0.3125000001128716
477.0 51731638.993563004 51731640.61408301 51731642.234603 1.0 1.0 20248.017406600833 3.199999998844195 0.3125000001128716 0.3125000001128716
478.0 51731642.234603 51731643.855123 51731645.475643 1.0 1.0 20248.017406600833 3.199999998844195 0.3125000001128716 0.3125000001128716
479.0 51731645.475643 51731647.096163005 51731648.716683 0.0 0.0 20248.017406600833 3.199999998844195 0.0 0.0
480.0 51731648.716683 51731650.337202996 51731651.957723 1.0 1.0 20248.017406600833 3.199999998844195 0.3125000001128716 0.3125000001128716
481.0 51731651.957723 51731653.578243 51731655.198763 0.0 0.0 20248.017406600833 3.199999998844195 0.0 0.0
482.0 51731655.198763005 51731656.81928301 51731658.439803004 0.0 0.0 20248.017406600833 3.199999998844195 0.0 0.0
483.0 51731658.439803004 51731660.060323 51731661.680843 1.0 1.0 20248.017406600833 3.199999998844195 0.3125000001128716 0.3125000001128716
484.0 51731661.680843 51731663.301363006 51731664.921883 0.0 0.0 20248.017406600833 3.199999998844195 0.0 0.0
485.0 51731664.921883 51731666.542403 51731668.162923 2.0 1.4142135623730951 20248.017406600833 3.199999998844195 0.6250000002257432 0.44194173840121675
486.0 51731668.162923 51731669.783443004 51731671.403963 0.0 0.0 20248.017406600833 3.199999998844195 0.0 0.0
487.0 51731671.403963 51731673.024482995 51731674.645003 1.0 1.0 20248.017406600833 3.199999998844195 0.3125000001128716 0.3125000001128716
488.0 51731674.645003006 51731676.265523 51731677.886043005 2.0 1.4142135623730951 20248.017406600833 3.199999998844195 0.6250000002257432 0.44194173840121675
489.0 51731677.886043005 51731679.50656301 51731681.127083 0.0 0.0 20248.017406600833 3.199999998844195 0.0 0.0
490.0 51731681.127083 51731682.747603 51731684.368123 0.0 0.0 20248.017406600833 3.199999998844195 0.0 0.0
491.0 51731684.368123 51731685.988643005 51731687.609163 1.0 1.0 20248.017406600833 3.199999998844195 0.3125000001128716 0.3125000001128716
492.0 51731687.609163 51731689.229683 51731690.850203 1.0 1.0 20248.017406600833 3.199999998844195 0.3125000001128716 0.3125000001128716
493.0 51731690.850203 51731692.470723 51731694.091243 0.0 0.0 20248.017406600833 3.199999998844195 0.0 0.0
494.0 51731694.091243 51731695.711762995 51731697.332283 2.0 1.4142135623730951 20248.017406600833 3.199999998844195 0.6250000002257432 0.44194173840121675
495.0 51731697.332283005 51731698.952803 51731700.573323004 0.0 0.0 20248.017406600833 3.199999998844195 0.0 0.0
496.0 51731700.573323004 51731702.19384301 51731703.814363 0.0 0.0 20248.017406600833 3.199999998844195 0.0 0.0
497.0 51731703.814363 51731705.434883 51731707.055403 1.0 1.0 20248.017406600833 3.199999998844195 0.3125000001128716 0.3125000001128716
498.0 51731707.055403 51731708.675923005 51731710.296443 0.0 0.0 20248.017406600833 3.199999998844195 0.0 0.0
499.0 51731710.296443 51731711.916962996 51731713.537483 0.0 0.0 20248.017406600833 3.199999998844195 0.0 0.0
500.0 51731713.537483 51731715.158003 51731716.778523 0.0 0.0 20248.017406600833 3.199999998844195 0.0 0.0
501.0 51731716.778523006 51731718.39904301 51731720.019563004 1.0 1.0 20248.017406600833 3.199999998844195 0.3125000001128716 0.3125000001128716
502.0 51731720.019563004 51731721.640083 51731723.260603 0.0 0.0 20248.017406600833 3.199999998844195 0.0 0.0
503.0 51731723.260603 51731724.88112301 51731726.501643 2.0 1.4142135623730951 20248.017406600833 3.199999998844195 0.6250000002257432 0.44194173840121675
504.0 51731726.501643 51731728.122163 51731729.742683 0.0 0.0 20248.017406600833 3.199999998844195 0.0 0.0
505.0 51731729.742683 51731731.363203004 51731732.983723 1.0 1.0 20248.017406600833 3.199999998844195 0.3125000001128716 0.3125000001128716
506.0 51731732.983723 51731734.604242995 51731736.224763 0.0 0.0 20248.017406600833 3.199999998844195 0.0 0.0
507.0 51731736.224763006 51731737.845283 51731739.465803005 1.0 1.0 20248.017406600833 3.199999998844195 0.3125000001128716 0.3125000001128716
508.0 51731739.465803005 51731741.08632301 51731742.706843 0.0 0.0 20248.017406600833 3.199999998844195 0.0 0.0
509.0 51731742.706843 51731744.327363 51731745.947883 0.0 0.0 20248.017406600833 3.199999998844195 0.0 0.0
510.0 51731745.947883 51731747.568403006 51731749.188923 0.0 0.0 20248.017406600833 3.199999998844195 0.0 0.0
511.0 51731749.188923 51731750.809443 51731752.429963 1.0 1.0 20248.017406600833 3.199999998844195 0.3125000001128716 0.3125000001128716
512.0 51731752.429963 51731754.050483 51731755.671003 1.0 1.0 20248.017406600833 3.199999998844195 0.3125000001128716 0.3125000001128716
513.0 51731755.671003 51731757.291522995 51731758.912043 0.0 0.0 20248.017406600833 3.199999998844195 0.0 0.0
514.0 51731758.912043005 51731760.532563 51731762.153083004 1.0 1.0 20248.017406600833 3.199999998844195 0.3125000001128716 0.3125000001128716
515.0 51731762.153083004 51731763.77360301 51731765.394123 0.0 0.0 20248.017406600833 3.199999998844195 0.0 0.0
516.0 51731765.394123 51731767.014643 51731768.635163 0.0 0.0 20248.017406600833 3.199999998844195 0.0 0.0
517.0 51731768.635163 51731770.255683005 51731771.876203 0.0 0.0 20248.017406600833 3.199999998844195 0.0 0.0
518.0 51731771.876203 51731773.496722996 51731775.117243 1.0 1.0 20248.017406600833 3.199999998844195 0.3125000001128716 0.3125000001128716
519.0 51731775.117243 51731776.737763 51731778.358283 1.0 1.0 20248.017406600833 3.199999998844195 0.3125000001128716 0.3125000001128716
520.0 51731778.358283006 51731779.97880301 51731781.599323004 0.0 0.0 20248.017406600833 3.199999998844195 0.0 0.0
521.0 51731781.599323004 51731783.219843 51731784.840363 0.0 0.0 20248.017406600833 3.199999998844195 0.0 0.0
522.0 51731784.840363 51731786.46088301 51731788.081403 0.0 0.0 20248.017406600833 3.199999998844195 0.0 0.0
523.0 51731788.081403 51731789.701923 51731791.322443 0.0 0.0 20248.017406600833 3.199999998844195 0.0 0.0
524.0 51731791.322443 51731792.942963004 51731794.563483 0.0 0.0 20248.017406600833 3.199999998844195 0.0 0.0
525.0 51731794.563483 51731796.184002995 51731797.804523 0.0 0.0 20248.017406600833 3.199999998844195 0.0 0.0
526.0 51731797.804523 51731799.425043 51731801.045563 1.0 1.0 20248.017406600833 3.199999998844195 0.3125000001128716 0.3125000001128716
527.0 51731801.045563005 51731802.66608301 51731804.286603004 0.0 0.0 20248.017406600833 3.199999998844195 0.0 0.0
528.0 51731804.286603004 51731805.907123 51731807.527643 0.0 0.0 20248.017406600833 3.199999998844195 0.0 0.0
529.0 51731807.527643 51731809.148163006 51731810.768683 0.0 0.0 20248.017406600833 3.199999998844195 0.0 0.0
530.0 51731810.768683 51731812.389203 51731814.009723 0.0 0.0 20248.017406600833 3.199999998844195 0.0 0.0
531.0 51731814.009723 51731815.630243 51731817.250763 0.0 0.0 20248.017406600833 3.199999998844195 0.0 0.0
532.0 51731817.250763 51731818.871282995 51731820.491803 1.0 1.0 20248.017406600833 3.199999998844195 0.3125000001128716 0.3125000001128716
533.0 51731820.491803005 51731822.112323 51731823.732843004 0.0 0.0 20248.017406600833 3.199999998844195 0.0 0.0
534.0 51731823.732843004 51731825.35336301 51731826.973883 1.0 1.0 20248.017406600833 3.199999998844195 0.3125000001128716 0.3125000001128716
535.0 51731826.973883 51731828.594403 51731830.214923 1.0 1.0 20248.017406600833 3.199999998844195 0.3125000001128716 0.3125000001128716
536.0 51731830.214923 51731831.835443005 51731833.455963 1.0 1.0 20248.017406600833 3.199999998844195 0.3125000001128716 0.3125000001128716
537.0 51731833.455963 51731835.076483 51731836.697003 0.0 0.0 20248.017406600833 3.199999998844195 0.0 0.0
538.0 51731836.697003 51731838.317523 51731839.938043 0.0 0.0 20248.017406600833 3.199999998844195 0.0 0.0
539.0 51731839.938043006 51731841.55856301 51731843.179083005 1.0 1.0 20248.017406600833 3.199999998844195 0.3125000001128716 0.3125000001128716
540.0 51731843.179083005 51731844.799603 51731846.420123 0.0 0.0 20248.017406600833 3.199999998844195 0.0 0.0
541.0 51731846.420123 51731848.04064301 51731849.661163 1.0 1.0 20248.017406600833 3.199999998844195 0.3125000001128716 0.3125000001128716
542.0 51731849.661163 51731851.281683 51731852.902203 1.0 1.0 20248.017406600833 3.199999998844195 0.3125000001128716 0.3125000001128716
543.0 51731852.902203 51731854.522723004 51731856.143243 1.0 1.0 20248.017406600833 3.199999998844195 0.3125000001128716 0.3125000001128716
544.0 51731856.143243 51731857.763762996 51731859.384283 3.0 1.7320508075688772 20248.017406600833 3.199999998844195 0.9375000003386148 0.5412658775607735
545.0 51731859.384283 51731861.004803 51731862.625323 0.0 0.0 20248.017406600833 3.199999998844195 0.0 0.0
546.0 51731862.625323005 51731864.24584301 51731865.866363004 1.0 1.0 20248.017406600833 3.199999998844195 0.3125000001128716 0.3125000001128716
547.0 51731865.866363004 51731867.486883 51731869.107403 0.0 0.0 20248.017406600833 3.199999998844195 0.0 0.0
548.0 51731869.107403 51731870.727923006 51731872.348443 1.0 1.0 20248.017406600833 3.199999998844195 0.3125000001128716 0.3125000001128716
549.0 51731872.348443 51731873.968963 51731875.589483 1.0 1.0 20248.017406600833 3.199999998844195 0.3125000001128716 0.3125000001128716
550.0 51731875.589483 51731877.210003 51731878.830523 2.0 1.4142135623730951 20248.017406600833 3.199999998844195 0.6250000002257432 0.44194173840121675
551.0 51731878.830523 51731880.451042995 51731882.071563 0.0 0.0 20248.017406600833 3.199999998844195 0.0 0.0
552.0 51731882.071563005 51731883.692083 51731885.312603004 0.0 0.0 20248.017406600833 3.199999998844195 0.0 0.0
553.0 51731885.312603004 51731886.93312301 51731888.553643 1.0 1.0 20248.017406600833 3.199999998844195 0.3125000001128716 0.3125000001128716
554.0 51731888.553643 51731890.174163 51731891.794683 1.0 1.0 20248.017406600833 3.199999998844195 0.3125000001128716 0.3125000001128716
555.0 51731891.794683 51731893.415203005 51731895.035723 0.0 0.0 20248.017406600833 3.199999998844195 0.0 0.0
556.0 51731895.035723 51731896.656243 51731898.276763 0.0 0.0 20248.017406600833 3.199999998844195 0.0 0.0
557.0 51731898.276763 51731899.897283 51731901.517803 0.0 0.0 20248.017406600833 3.199999998844195 0.0 0.0
558.0 51731901.517803006 51731903.13832301 51731904.758843005 2.0 1.4142135623730951 20248.017406600833 3.199999998844195 0.6250000002257432 0.44194173840121675
559.0 51731904.758843005 51731906.379363 51731907.999883 1.0 1.0 20248.017406600833 3.199999998844195 0.3125000001128716 0.3125000001128716
560.0 51731907.999883 51731909.62040301 51731911.240923 0.0 0.0 20248.017406600833 3.199999998844195 0.0 0.0
561.0 51731911.240923 51731912.861443 51731914.481963 0.0 0.0 20248.017406600833 3.199999998844195 0.0 0.0
562.0 51731914.481963 51731916.102483004 51731917.723003 0.0 0.0 20248.017406600833 3.199999998844195 0.0 0.0
563.0 51731917.723003 51731919.343522996 51731920.964043 0.0 0.0 20248.017406600833 3.199999998844195 0.0 0.0
564.0 51731920.964043 51731922.584563 51731924.205083 1.0 1.0 20248.017406600833 3.199999998844195 0.3125000001128716 0.3125000001128716
565.0 51731924.205083005 51731925.82560301 51731927.446123004 0.0 0.0 20248.017406600833 3.199999998844195 0.0 0.0
566.0 51731927.446123004 51731929.066643 51731930.687163 1.0 1.0 20248.017406600833 3.199999998844195 0.3125000001128716 0.3125000001128716
567.0 51731930.687163 51731932.307683006 51731933.928203 0.0 0.0 20248.017406600833 3.199999998844195 0.0 0.0
568.0 51731933.928203 51731935.548723 51731937.169243 0.0 0.0 20248.017406600833 3.199999998844195 0.0 0.0
569.0 51731937.169243 51731938.789763 51731940.410283 0.0 0.0 20248.017406600833 3.199999998844195 0.0 0.0
570.0 51731940.410283 51731942.030802995 51731943.651323 0.0 0.0 20248.017406600833 3.199999998844195 0.0 0.0
571.0 51731943.651323006 51731945.271843 51731946.892363004 1.0 1.0 20248.017406600833 3.199999998844195 0.3125000001128716 0.3125000001128716
572.0 51731946.892363004 51731948.51288301 51731950.133403 1.0 1.0 20248.017406600833 3.199999998844195 0.3125000001128716 0.3125000001128716
573.0 51731950.133403 51731951.753923 51731953.374443 0.0 0.0 20248.017406600833 3.199999998844195 0.0 0.0
574.0 51731953.374443 51731954.994963005 51731956.615483 1.0 1.0 20248.017406600833 3.199999998844195 0.3125000001128716 0.3125000001128716
575.0 51731956.615483 51731958.236003 51731959.856523 0.0 0.0 20248.017406600833 3.199999998844195 0.0 0.0
576.0 51731959.856523 51731961.477043 51731963.097563 1.0 1.0 20248.017406600833 3.199999998844195 0.3125000001128716 0.3125000001128716
577.0 51731963.097563006 51731964.71808301 51731966.338603005 1.0 1.0 20248.017406600833 3.199999998844195 0.3125000001128716 0.3125000001128716
578.0 51731966.338603005 51731967.959123 51731969.579643 1.0 1.0 20248.017406600833 3.199999998844195 0.3125000001128716 0.3125000001128716
579.0 51731969.579643 51731971.20016301 51731972.820683 0.0 0.0 20248.017406600833 3.199999998844195 0.0 0.0
580.0 51731972.820683 51731974.441203 51731976.061723 1.0 1.0 20248.017406600833 3.199999998844195 0.3125000001128716 0.3125000001128716
581.0 51731976.061723 51731977.682243004 51731979.302763 1.0 1.0 20248.017406600833 3.199999998844195 0.3125000001128716 0.3125000001128716
582.0 51731979.302763 51731980.923282996 51731982.543803 0.0 0.0 20248.017406600833 3.199999998844195 0.0 0.0
583.0 51731982.543803 51731984.164323 51731985.784843 0.0 0.0 20248.017406600833 3.199999998844195 0.0 0.0
584.0 51731985.784843005 51731987.40536301 51731989.025883004 1.0 1.0 20248.017406600833 3.199999998844195 0.3125000001128716 0.3125000001128716
585.0 51731989.025883004 51731990.646403 51731992.266923 0.0 0.0 20248.017406600833 3.199999998844195 0.0 0.0
586.0 51731992.266923 51731993.887443006 51731995.507963 0.0 0.0 20248.017406600833 3.199999998844195 0.0 0.0
587.0 51731995.507963 51731997.128483 51731998.749003 0.0 0.0 20248.017406600833 3.199999998844195 0.0 0.0
588.0 51731998.749003 51732000.369523 51732001.990043 1.0 1.0 20248.017406600833 3.199999998844195 0.3125000001128716 0.3125000001128716
589.0 51732001.990043 51732003.610562995 51732005.231083 0.0 0.0 20248.017406600833 3.199999998844195 0.0 0.0
590.0 51732005.231083006 51732006.851603 51732008.472123004 0.0 0.0 20248.017406600833 3.199999998844195 0.0 0.0
591.0 51732008.472123004 51732010.09264301 51732011.713163 0.0 0.0 20248.017406600833 3.199999998844195 0.0 0.0
592.0 51732011.713163 51732013.333683 51732014.954203 2.0 1.4142135623730951 20248.017406600833 3.199999998844195 0.6250000002257432 0.44194173840121675
593.0 51732014.954203 51732016.574723005 51732018.195243 0.0 0.0 20248.017406600833 3.199999998844195 0.0 0.0
594.0 51732018.195243 51732019.815763 51732021.436283 1.0 1.0 20248.017406600833 3.199999998844195 0.3125000001128716 0.3125000001128716
595.0 51732021.436283 51732023.056803 51732024.677323 0.0 0.0 20248.017406600833 3.199999998844195 0.0 0.0
596.0 51732024.677323 51732026.297842994 51732027.918363 1.0 1.0 20248.017406600833 3.199999998844195 0.3125000001128716 0.3125000001128716
597.0 51732027.918363005 51732029.538883 51732031.159403004 0.0 0.0 20248.017406600833 3.199999998844195 0.0 0.0
598.0 51732031.159403004 51732032.77992301 51732034.400443 0.0 0.0 20248.017406600833 3.199999998844195 0.0 0.0
599.0 51732034.400443 51732036.020963 51732037.641483 0.0 0.0 20248.017406600833 3.199999998844195 0.0 0.0
600.0 51732037.641483 51732039.262003005 51732040.882523 0.0 0.0 20248.017406600833 3.199999998844195 0.0 0.0
601.0 51732040.882523 51732042.503042996 51732044.123563 1.0 1.0 20248.017406600833 3.199999998844195 0.3125000001128716 0.3125000001128716
602.0 51732044.123563 51732045.744083 51732047.364603 0.0 0.0 20248.017406600833 3.199999998844195 0.0 0.0
603.0 51732047.364603005 51732048.98512301 51732050.605643004 1.0 1.0 20248.017406600833 3.199999998844195 0.3125000001128716 0.3125000001128716
604.0 51732050.605643004 51732052.226163 51732053.846683 1.0 1.0 20248.017406600833 3.199999998844195 0.3125000001128716 0.3125000001128716
605.0 51732053.846683 51732055.467203006 51732057.087723 0.0 0.0 20248.017406600833 3.199999998844195 0.0 0.0
606.0 51732057.087723 51732058.708243 51732060.328763 2.0 1.4142135623730951 20248.017406600833 3.199999998844195 0.6250000002257432 0.44194173840121675
607.0 51732060.328763 51732061.949283004 51732063.569803 0.0 0.0 20248.017406600833 3.199999998844195 0.0 0.0
608.0 51732063.569803 51732065.190322995 51732066.810843 0.0 0.0 20248.017406600833 3.199999998844195 0.0 0.0
609.0 51732066.810843006 51732068.431363 51732070.051883005 0.0 0.0 20248.017406600833 3.199999998844195 0.0 0.0
610.0 51732070.051883005 51732071.67240301 51732073.292923 1.0 1.0 20248.017406600833 3.199999998844195 0.3125000001128716 0.3125000001128716
611.0 51732073.292923 51732074.913443 51732076.533963 0.0 0.0 20248.017406600833 3.199999998844195 0.0 0.0
612.0 51732076.533963 51732078.154483005 51732079.775003 0.0 0.0 20248.017406600833 3.199999998844195 0.0 0.0
613.0 51732079.775003 51732081.395523 51732083.016043 0.0 0.0 20248.017406600833 3.199999998844195 0.0 0.0
614.0 51732083.016043 51732084.636563 51732086.257083 1.0 1.0 20248.017406600833 3.199999998844195 0.3125000001128716 0.3125000001128716
615.0 51732086.257083 51732087.877602994 51732089.498123 0.0 0.0 20248.017406600833 3.199999998844195 0.0 0.0
616.0 51732089.498123005 51732091.118643 51732092.739163004 0.0 0.0 20248.017406600833 3.199999998844195 0.0 0.0
617.0 51732092.739163004 51732094.35968301 51732095.980203 2.0 1.4142135623730951 20248.017406600833 3.199999998844195 0.6250000002257432 0.44194173840121675
618.0 51732095.980203 51732097.600723 51732099.221243 0.0 0.0 20248.017406600833 3.199999998844195 0.0 0.0
619.0 51732099.221243 51732100.841763005 51732102.462283 0.0 0.0 20248.017406600833 3.199999998844195 0.0 0.0
620.0 51732102.462283 51732104.082802996 51732105.703323 0.0 0.0 20248.017406600833 3.199999998844195 0.0 0.0
621.0 51732105.703323 51732107.323843 51732108.944363 0.0 0.0 20248.017406600833 3.199999998844195 0.0 0.0
622.0 51732108.944363005 51732110.56488301 51732112.185403004 0.0 0.0 20248.017406600833 3.199999998844195 0.0 0.0
623.0 51732112.185403004 51732113.805923 51732115.426443 0.0 0.0 20248.017406600833 3.199999998844195 0.0 0.0
624.0 51732115.426443 51732117.046963006 51732118.667483 0.0 0.0 20248.017406600833 3.199999998844195 0.0 0.0
625.0 51732118.667483 51732120.288003 51732121.908523 0.0 0.0 20248.017406600833 3.199999998844195 0.0 0.0
626.0 51732121.908523 51732123.529043004 51732125.149563 0.0 0.0 20248.017406600833 3.199999998844195 0.0 0.0
627.0 51732125.149563 51732126.770082995 51732128.390603 0.0 0.0 20248.017406600833 3.199999998844195 0.0 0.0
628.0 51732128.390603006 51732130.011123 51732131.631643005 1.0 1.0 20248.017406600833 3.199999998844195 0.3125000001128716 0.3125000001128716
629.0 51732131.631643005 51732133.25216301 51732134.872683 0.0 0.0 20248.017406600833 3.199999998844195 0.0 0.0
630.0 51732134.872683 51732136.493203 51732138.113723 2.0 1.4142135623730951 20248.017406600833 3.199999998844195 0.6250000002257432 0.44194173840121675
631.0 51732138.113723 51732139.734243006 51732141.354763 0.0 0.0 20248.017406600833 3.199999998844195 0.0 0.0
632.0 51732141.354763 51732142.975283 51732144.595803 1.0 1.0 20248.017406600833 3.199999998844195 0.3125000001128716 0.3125000001128716
633.0 51732144.595803 51732146.216323 51732147.836843 1.0 1.0 20248.017406600833 3.199999998844195 0.3125000001128716 0.3125000001128716
634.0 51732147.836843 51732149.457362995 51732151.077883 1.0 1.0 20248.017406600833 3.199999998844195 0.3125000001128716 0.3125000001128716
635.0 51732151.077883005 51732152.698403 51732154.318923004 1.0 1.0 20248.017406600833 3.199999998844195 0.3125000001128716 0.3125000001128716
636.0 51732154.318923004 51732155.93944301 51732157.559963 1.0 1.0 20248.017406600833 3.199999998844195 0.3125000001128716 0.3125000001128716
637.0 51732157.559963 51732159.180483 51732160.801003 2.0 1.4142135623730951 20248.017406600833 3.199999998844195 0.6250000002257432 0.44194173840121675
638.0 51732160.801003 51732162.421523005 51732164.042043 1.0 1.0 20248.017406600833 3.199999998844195 0.3125000001128716 0.3125000001128716
639.0 51732164.042043 51732165.662562996 51732167.283083 2.0 1.4142135623730951 20248.017406600833 3.199999998844195 0.6250000002257432 0.44194173840121675
640.0 51732167.283083 51732168.903603 51732170.524123 1.0 1.0 20248.017406600833 3.199999998844195 0.3125000001128716 0.3125000001128716
641.0 51732170.524123006 51732172.14464301 51732173.765163004 0.0 0.0 20248.017406600833 3.199999998844195 0.0 0.0
642.0 51732173.765163004 51732175.385683 51732177.006203 0.0 0.0 20248.017406600833 3.199999998844195 0.0 0.0
643.0 51732177.006203 51732178.62672301 51732180.247243 2.0 1.4142135623730951 20248.017406600833 3.199999998844195 0.6250000002257432 0.44194173840121675
644.0 51732180.247243 51732181.867763 51732183.488283 1.0 1.0 20248.017406600833 3.199999998844195 0.3125000001128716 0.3125000001128716
645.0 51732183.488283 51732185.108803004 51732186.729323 1.0 1.0 20248.017406600833 3.199999998844195 0.3125000001128716 0.3125000001128716
646.0 51732186.729323 51732188.349842995 51732189.970363 1.0 1.0 20248.017406600833 3.199999998844195 0.3125000001128716 0.3125000001128716
647.0 51732189.970363 51732191.590883 51732193.211403 2.0 1.4142135623730951 20248.017406600833 3.199999998844195 0.6250000002257432 0.44194173840121675
648.0 51732193.211403005 51732194.83192301 51732196.452443 0.0 0.0 20248.017406600833 3.199999998844195 0.0 0.0
649.0 51732196.452443 51732198.072963 51732199.693483 0.0 0.0 20248.017406600833 3.199999998844195 0.0 0.0
650.0 51732199.693483 51732201.314003006 51732202.934523 0.0 0.0 20248.017406600833 3.199999998844195 0.0 0.0
651.0 51732202.934523 51732204.555043 51732206.175563 2.0 1.4142135623730951 20248.017406600833 3.199999998844195 0.6250000002257432 0.44194173840121675
652.0 51732206.175563 51732207.796083 51732209.416603 0.0 0.0 20248.017406600833 3.199999998844195 0.0 0.0
653.0 51732209.416603 51732211.037122995 51732212.657643 0.0 0.0 20248.017406600833 3.199999998844195 0.0 0.0
654.0 51732212.657643005 51732214.278163 51732215.898683004 1.0 1.0 20248.017406600833 3.199999998844195 0.3125000001128716 0.3125000001128716
655.0 51732215.898683004 51732217.51920301 51732219.139723 0.0 0.0 20248.017406600833 3.199999998844195 0.0 0.0
656.0 51732219.139723 51732220.760243 51732222.380763 1.0 1.0 20248.017406600833 3.199999998844195 0.3125000001128716 0.3125000001128716
657.0 51732222.380763 51732224.001283005 51732225.621803 0.0 0.0 20248.017406600833 3.199999998844195 0.0 0.0
658.0 51732225.621803 51732227.242322996 51732228.862843 0.0 0.0 20248.017406600833 3.199999998844195 0.0 0.0
659.0 51732228.862843 51732230.483363 51732232.103883 1.0 1.0 20248.017406600833 3.199999998844195 0.3125000001128716 0.3125000001128716
660.0 51732232.103883006 51732233.72440301 51732235.344923005 0.0 0.0 20248.017406600833 3.199999998844195 0.0 0.0
661.0 51732235.344923005 51732236.965443 51732238.585963 0.0 0.0 20248.017406600833 3.199999998844195 0.0 0.0
662.0 51732238.585963 51732240.20648301 51732241.827003 3.0 1.7320508075688772 20248.017406600833 3.199999998844195 0.9375000003386148 0.5412658775607735
663.0 51732241.827003 51732243.447523 51732245.068043 0.0 0.0 20248.017406600833 3.199999998844195 0.0 0.0
664.0 51732245.068043 51732246.688563004 51732248.309083 0.0 0.0 20248.017406600833 3.199999998844195 0.0 0.0
665.0 51732248.309083 51732249.929602996 51732251.550123 0.0 0.0 20248.017406600833 3.199999998844195 0.0 0.0
666.0 51732251.550123 51732253.170643 51732254.791163 0.0 0.0 20248.017406600833 3.199999998844195 0.0 0.0
667.0 51732254.791163005 51732256.41168301 51732258.032203004 0.0 0.0 20248.017406600833 3.199999998844195 0.0 0.0
668.0 51732258.032203004 51732259.652723 51732261.273243 0.0 0.0 20248.017406600833 3.199999998844195 0.0 0.0
669.0 51732261.273243 51732262.893763006 51732264.514283 1.0 1.0 20248.017406600833 3.199999998844195 0.3125000001128716 0.3125000001128716
670.0 51732264.514283 51732266.134803 51732267.755323 0.0 0.0 20248.017406600833 3.199999998844195 0.0 0.0
671.0 51732267.755323 51732269.375843 51732270.996363 1.0 1.0 20248.017406600833 3.199999998844195 0.3125000001128716 0.3125000001128716
672.0 51732270.996363 51732272.616882995 51732274.237403 1.0 1.0 20248.017406600833 3.199999998844195 0.3125000001128716 0.3125000001128716
673.0 51732274.237403005 51732275.857923 51732277.478443004 0.0 0.0 20248.017406600833 3.199999998844195 0.0 0.0
674.0 51732277.478443004 51732279.09896301 51732280.719483 0.0 0.0 20248.017406600833 3.199999998844195 0.0 0.0
675.0 51732280.719483 51732282.340003 51732283.960523 0.0 0.0 20248.017406600833 3.199999998844195 0.0 0.0
676.0 51732283.960523 51732285.581043005 51732287.201563 0.0 0.0 20248.017406600833 3.199999998844195 0.0 0.0
677.0 51732287.201563 51732288.822083 51732290.442603 0.0 0.0 20248.017406600833 3.199999998844195 0.0 0.0
678.0 51732290.442603 51732292.063123 51732293.683643 2.0 1.4142135623730951 20248.017406600833 3.199999998844195 0.6250000002257432 0.44194173840121675
679.0 51732293.683643006 51732295.30416301 51732296.924683005 2.0 1.4142135623730951 20248.017406600833 3.199999998844195 0.6250000002257432 0.44194173840121675
680.0 51732296.924683005 51732298.545203 51732300.165723 1.0 1.0 20248.017406600833 3.199999998844195 0.3125000001128716 0.3125000001128716
681.0 51732300.165723 51732301.78624301 51732303.406763 1.0 1.0 20248.017406600833 3.199999998844195 0.3125000001128716 0.3125000001128716
682.0 51732303.406763 51732305.027283 51732306.647803 1.0 1.0 20248.017406600833 3.199999998844195 0.3125000001128716 0.3125000001128716
683.0 51732306.647803 51732308.268323004 51732309.888843 1.0 1.0 20248.017406600833 3.199999998844195 0.3125000001128716 0.3125000001128716
684.0 51732309.888843 51732311.509362996 51732313.129883 0.0 0.0 20248.017406600833 3.199999998844195 0.0 0.0
685.0 51732313.129883 51732314.750403 51732316.370923 1.0 1.0 20248.017406600833 3.199999998844195 0.3125000001128716 0.3125000001128716
686.0 51732316.370923005 51732317.99144301 51732319.611963004 2.0 1.4142135623730951 20248.017406600833 3.199999998844195 0.6250000002257432 0.44194173840121675
687.0 51732319.611963004 51732321.232483 51732322.853003 0.0 0.0 20248.017406600833 3.199999998844195 0.0 0.0
688.0 51732322.853003 51732324.473523006 51732326.094043 0.0 0.0 20248.017406600833 3.199999998844195 0.0 0.0
689.0 51732326.094043 51732327.714563 51732329.335083 0.0 0.0 20248.017406600833 3.199999998844195 0.0 0.0
690.0 51732329.335083 51732330.955603 51732332.576123 1.0 1.0 20248.017406600833 3.199999998844195 0.3125000001128716 0.3125000001128716
691.0 51732332.576123 51732334.196642995 51732335.817163 0.0 0.0 20248.017406600833 3.199999998844195 0.0 0.0
692.0 51732335.817163005 51732337.437683 51732339.058203004 0.0 0.0 20248.017406600833 3.199999998844195 0.0 0.0
693.0 51732339.058203004 51732340.67872301 51732342.299243 0.0 0.0 20248.017406600833 3.199999998844195 0.0 0.0
694.0 51732342.299243 51732343.919763 51732345.540283 1.0 1.0 20248.017406600833 3.199999998844195 0.3125000001128716 0.3125000001128716
695.0 51732345.540283 51732347.160803005 51732348.781323 0.0 0.0 20248.017406600833 3.199999998844195 0.0 0.0
696.0 51732348.781323 51732350.401843 51732352.022363 0.0 0.0 20248.017406600833 3.199999998844195 0.0 0.0
697.0 51732352.022363 51732353.642883 51732355.263403 1.0 1.0 20248.017406600833 3.199999998844195 0.3125000001128716 0.3125000001128716
698.0 51732355.263403006 51732356.88392301 51732358.504443005 0.0 0.0 20248.017406600833 3.199999998844195 0.0 0.0
699.0 51732358.504443005 51732360.124963 51732361.745483 1.0 1.0 20248.017406600833 3.199999998844195 0.3125000001128716 0.3125000001128716
700.0 51732361.745483 51732363.36600301 51732364.986523 0.0 0.0 20248.017406600833 3.199999998844195 0.0 0.0
701.0 51732364.986523 51732366.607043 51732368.227563 0.0 0.0 20248.017406600833 3.199999998844195 0.0 0.0
702.0 51732368.227563 51732369.848083004 51732371.468603 2.0 1.4142135623730951 20248.017406600833 3.199999998844195 0.6250000002257432 0.44194173840121675
703.0 51732371.468603 51732373.089122996 51732374.709643 1.0 1.0 20248.017406600833 3.199999998844195 0.3125000001128716 0.3125000001128716
704.0 51732374.709643 51732376.330163 51732377.950683 1.0 1.0 20248.017406600833 3.199999998844195 0.3125000001128716 0.3125000001128716
705.0 51732377.950683005 51732379.57120301 51732381.191723004 0.0 0.0 20248.017406600833 3.199999998844195 0.0 0.0
706.0 51732381.191723004 51732382.812243 51732384.432763 1.0 1.0 20248.017406600833 3.199999998844195 0.3125000001128716 0.3125000001128716
707.0 51732384.432763 51732386.053283006 51732387.673803 0.0 0.0 20248.017406600833 3.199999998844195 0.0 0.0
708.0 51732387.673803 51732389.294323 51732390.914843 2.0 1.4142135623730951 20248.017406600833 3.199999998844195 0.6250000002257432 0.44194173840121675
709.0 51732390.914843 51732392.535363 51732394.155883 0.0 0.0 20248.017406600833 3.199999998844195 0.0 0.0
710.0 51732394.155883 51732395.776402995 51732397.396923 0.0 0.0 20248.017406600833 3.199999998844195 0.0 0.0
711.0 51732397.396923006 51732399.017443 51732400.637963004 0.0 0.0 20248.017406600833 3.199999998844195 0.0 0.0
712.0 51732400.637963004 51732402.25848301 51732403.879003 3.0 1.7320508075688772 20248.017406600833 3.199999998844195 0.9375000003386148 0.5412658775607735
713.0 51732403.879003 51732405.499523 51732407.120043 0.0 0.0 20248.017406600833 3.199999998844195 0.0 0.0
714.0 51732407.120043 51732408.740563005 51732410.361083 1.0 1.0 20248.017406600833 3.199999998844195 0.3125000001128716 0.3125000001128716
715.0 51732410.361083 51732411.981603 51732413.602123 0.0 0.0 20248.017406600833 3.199999998844195 0.0 0.0
716.0 51732413.602123 51732415.222643 51732416.843163 0.0 0.0 20248.017406600833 3.199999998844195 0.0 0.0
717.0 51732416.843163 51732418.463682994 51732420.084203 1.0 1.0 20248.017406600833 3.199999998844195 0.3125000001128716 0.3125000001128716
718.0 51732420.084203005 51732421.704723 51732423.325243 0.0 0.0 20248.017406600833 3.199999998844195 0.0 0.0
719.0 51732423.325243 51732424.94576301 51732426.566283 0.0 0.0 20248.017406600833 3.199999998844195 0.0 0.0
720.0 51732426.566283 51732428.186803 51732429.807323 2.0 1.4142135623730951 20248.017406600833 3.199999998844195 0.6250000002257432 0.44194173840121675
721.0 51732429.807323 51732431.427843004 51732433.048363 0.0 0.0 20248.017406600833 3.199999998844195 0.0 0.0
722.0 51732433.048363 51732434.668882996 51732436.289403 1.0 1.0 20248.017406600833 3.199999998844195 0.3125000001128716 0.3125000001128716
723.0 51732436.289403 51732437.909923 51732439.530443 0.0 0.0 20248.017406600833 3.199999998844195 0.0 0.0
724.0 51732439.530443005 51732441.15096301 51732442.771483004 1.0 1.0 20248.017406600833 3.199999998844195 0.3125000001128716 0.3125000001128716
725.0 51732442.771483004 51732444.392003 51732446.012523 0.0 0.0 20248.017406600833 3.199999998844195 0.0 0.0
726.0 51732446.012523 51732447.633043006 51732449.253563 0.0 0.0 20248.017406600833 3.199999998844195 0.0 0.0
727.0 51732449.253563 51732450.874083 51732452.494603 0.0 0.0 20248.017406600833 3.199999998844195 0.0 0.0
728.0 51732452.494603 51732454.115123 51732455.735643 1.0 1.0 20248.017406600833 3.199999998844195 0.3125000001128716 0.3125000001128716
729.0 51732455.735643 51732457.356162995 51732458.976683 0.0 0.0 20248.017406600833 3.199999998844195 0.0 0.0
730.0 51732458.976683006 51732460.597203 51732462.217723005 0.0 0.0 20248.017406600833 3.199999998844195 0.0 0.0
731.0 51732462.217723005 51732463.83824301 51732465.458763 0.0 0.0 20248.017406600833 3.199999998844195 0.0 0.0
732.0 51732465.458763 51732467.079283 51732468.699803 0.0 0.0 20248.017406600833 3.199999998844195 0.0 0.0
733.0 51732468.699803 51732470.320323005 51732471.940843 0.0 0.0 20248.017406600833 3.199999998844195 0.0 0.0
734.0 51732471.940843 51732473.561363 51732475.181883 0.0 0.0 20248.017406600833 3.199999998844195 0.0 0.0
735.0 51732475.181883 51732476.802403 51732478.422923 0.0 0.0 20248.017406600833 3.199999998844195 0.0 0.0
736.0 51732478.422923 51732480.043442994 51732481.663963 0.0 0.0 20248.017406600833 3.199999998844195 0.0 0.0
737.0 51732481.663963005 51732483.284483 51732484.905003004 0.0 0.0 20248.017406600833 3.199999998844195 0.0 0.0
738.0 51732484.905003004 51732486.52552301 51732488.146043 1.0 1.0 20248.017406600833 3.199999998844195 0.3125000001128716 0.3125000001128716
739.0 51732488.146043 51732489.766563 51732491.387083 2.0 1.4142135623730951 20248.017406600833 3.199999998844195 0.6250000002257432 0.44194173840121675
740.0 51732491.387083 51732493.007603005 51732494.628123 0.0 0.0 20248.017406600833 3.199999998844195 0.0 0.0
741.0 51732494.628123 51732496.248642996 51732497.869163 0.0 0.0 20248.017406600833 3.199999998844195 0.0 0.0
742.0 51732497.869163 51732499.489683 51732501.110203 0.0 0.0 20248.017406600833 3.199999998844195 0.0 0.0
743.0 51732501.110203005 51732502.73072301 51732504.351243004 0.0 0.0 20248.017406600833 3.199999998844195 0.0 0.0
744.0 51732504.351243004 51732505.971763 51732507.592283 3.0 1.7320508075688772 20248.017406600833 3.199999998844195 0.9375000003386148 0.5412658775607735
745.0 51732507.592283 51732509.212803006 51732510.833323 0.0 0.0 20248.017406600833 3.199999998844195 0.0 0.0
746.0 51732510.833323 51732512.453843 51732514.074363 2.0 1.4142135623730951 20248.017406600833 3.199999998844195 0.6250000002257432 0.44194173840121675
747.0 51732514.074363 51732515.694883004 51732517.315403 1.0 1.0 20248.017406600833 3.199999998844195 0.3125000001128716 0.3125000001128716
748.0 51732517.315403 51732518.935922995 51732520.556443 0.0 0.0 20248.017406600833 3.199999998844195 0.0 0.0
749.0 51732520.556443006 51732522.176963 51732523.797483005 0.0 0.0 20248.017406600833 3.199999998844195 0.0 0.0
750.0 51732523.797483005 51732525.41800301 51732527.038523 0.0 0.0 20248.017406600833 3.199999998844195 0.0 0.0
751.0 51732527.038523 51732528.659043 51732530.279563 0.0 0.0 20248.017406600833 3.199999998844195 0.0 0.0
752.0 51732530.279563 51732531.900083005 51732533.520603 0.0 0.0 20248.017406600833 3.199999998844195 0.0 0.0
753.0 51732533.520603 51732535.141123 51732536.761643 0.0 0.0 20248.017406600833 3.199999998844195 0.0 0.0
754.0 51732536.761643 51732538.382163 51732540.002683 0.0 0.0 20248.017406600833 3.199999998844195 0.0 0.0
755.0 51732540.002683 51732541.623202994 51732543.243723 0.0 0.0 20248.017406600833 3.199999998844195 0.0 0.0
756.0 51732543.243723005 51732544.864243 51732546.484763004 0.0 0.0 20248.017406600833 3.199999998844195 0.0 0.0
757.0 51732546.484763004 51732548.10528301 51732549.725803 2.0 1.4142135623730951 20248.017406600833 3.199999998844195 0.6250000002257432 0.44194173840121675
758.0 51732549.725803 51732551.346323 51732552.966843 1.0 1.0 20248.017406600833 3.199999998844195 0.3125000001128716 0.3125000001128716
759.0 51732552.966843 51732554.587363005 51732556.207883 0.0 0.0 20248.017406600833 3.199999998844195 0.0 0.0
760.0 51732556.207883 51732557.828402996 51732559.448923 0.0 0.0 20248.017406600833 3.199999998844195 0.0 0.0
761.0 51732559.448923 51732561.069443 51732562.689963 0.0 0.0 20248.017406600833 3.199999998844195 0.0 0.0
762.0 51732562.689963005 51732564.31048301 51732565.931003004 0.0 0.0 20248.017406600833 3.199999998844195 0.0 0.0
763.0 51732565.931003004 51732567.551523 51732569.172043 1.0 1.0 20248.017406600833 3.199999998844195 0.3125000001128716 0.3125000001128716
764.0 51732569.172043 51732570.79256301 51732572.413083 0.0 0.0 20248.017406600833 3.199999998844195 0.0 0.0
765.0 51732572.413083 51732574.033603 51732575.654123 0.0 0.0 20248.017406600833 3.199999998844195 0.0 0.0
766.0 51732575.654123 51732577.274643004 51732578.895163 1.0 1.0 20248.017406600833 3.199999998844195 0.3125000001128716 0.3125000001128716
767.0 51732578.895163 51732580.515682995 51732582.136203 0.0 0.0 20248.017406600833 3.199999998844195 0.0 0.0
768.0 51732582.136203006 51732583.756723 51732585.377243005 0.0 0.0 20248.017406600833 3.199999998844195 0.0 0.0
769.0 51732585.377243005 51732586.99776301 51732588.618283 1.0 1.0 20248.017406600833 3.199999998844195 0.3125000001128716 0.3125000001128716
770.0 51732588.618283 51732590.238803 51732591.859323 1.0 1.0 20248.017406600833 3.199999998844195 0.3125000001128716 0.3125000001128716
771.0 51732591.859323 51732593.479843006 51732595.100363 2.0 1.4142135623730951 20248.017406600833 3.199999998844195 0.6250000002257432 0.44194173840121675
772.0 51732595.100363 51732596.720883 51732598.341403 2.0 1.4142135623730951 20248.017406600833 3.199999998844195 0.6250000002257432 0.44194173840121675
773.0 51732598.341403 51732599.961923 51732601.582443 0.0 0.0 20248.017406600833 3.199999998844195 0.0 0.0
774.0 51732601.582443 51732603.202962995 51732604.823483 1.0 1.0 20248.017406600833 3.199999998844195 0.3125000001128716 0.3125000001128716
775.0 51732604.823483005 51732606.444003 51732608.064523004 2.0 1.4142135623730951 20248.017406600833 3.199999998844195 0.6250000002257432 0.44194173840121675
776.0 51732608.064523004 51732609.68504301 51732611.305563 1.0 1.0 20248.017406600833 3.199999998844195 0.3125000001128716 0.3125000001128716
777.0 51732611.305563 51732612.926083 51732614.546603 0.0 0.0 20248.017406600833 3.199999998844195 0.0 0.0
778.0 51732614.546603 51732616.167123005 51732617.787643 0.0 0.0 20248.017406600833 3.199999998844195 0.0 0.0
779.0 51732617.787643 51732619.408162996 51732621.028683 0.0 0.0 20248.017406600833 3.199999998844195 0.0 0.0
780.0 51732621.028683 51732622.649203 51732624.269723 0.0 0.0 20248.017406600833 3.199999998844195 0.0 0.0
781.0 51732624.269723006 51732625.89024301 51732627.510763004 0.0 0.0 20248.017406600833 3.199999998844195 0.0 0.0
782.0 51732627.510763004 51732629.131283 51732630.751803 0.0 0.0 20248.017406600833 3.199999998844195 0.0 0.0
783.0 51732630.751803 51732632.37232301 51732633.992843 0.0 0.0 20248.017406600833 3.199999998844195 0.0 0.0
784.0 51732633.992843 51732635.613363 51732637.233883 1.0 1.0 20248.017406600833 3.199999998844195 0.3125000001128716 0.3125000001128716
785.0 51732637.233883 51732638.854403004 51732640.474923 0.0 0.0 20248.017406600833 3.199999998844195 0.0 0.0
786.0 51732640.474923 51732642.095442995 51732643.715963 0.0 0.0 20248.017406600833 3.199999998844195 0.0 0.0
787.0 51732643.715963 51732645.336483 51732646.957003 0.0 0.0 20248.017406600833 3.199999998844195 0.0 0.0
788.0 51732646.957003005 51732648.57752301 51732650.198043 0.0 0.0 20248.017406600833 3.199999998844195 0.0 0.0
789.0 51732650.198043 51732651.818563 51732653.439083 0.0 0.0 20248.017406600833 3.199999998844195 0.0 0.0
790.0 51732653.439083 51732655.059603006 51732656.680123 0.0 0.0 20248.017406600833 3.199999998844195 0.0 0.0
791.0 51732656.680123 51732658.300643 51732659.921163 0.0 0.0 20248.017406600833 3.199999998844195 0.0 0.0
792.0 51732659.921163 51732661.541683 51732663.162203 0.0 0.0 20248.017406600833 3.199999998844195 0.0 0.0
793.0 51732663.162203 51732664.782722995 51732666.403243 0.0 0.0 20248.017406600833 3.199999998844195 0.0 0.0
794.0 51732666.403243005 51732668.023763 51732669.644283004 0.0 0.0 20248.017406600833 3.199999998844195 0.0 0.0
795.0 51732669.644283004 51732671.26480301 51732672.885323 1.0 1.0 20248.017406600833 3.199999998844195 0.3125000001128716 0.3125000001128716
796.0 51732672.885323 51732674.505843 51732676.126363 0.0 0.0 20248.017406600833 3.199999998844195 0.0 0.0
797.0 51732676.126363 51732677.746883005 51732679.367403 0.0 0.0 20248.017406600833 3.199999998844195 0.0 0.0
798.0 51732679.367403 51732680.987923 51732682.608443 1.0 1.0 20248.017406600833 3.199999998844195 0.3125000001128716 0.3125000001128716
799.0 51732682.608443 51732684.228963 51732685.849483 0.0 0.0 20248.017406600833 3.199999998844195 0.0 0.0
800.0 51732685.849483006 51732687.47000301 51732689.090523005 0.0 0.0 20248.017406600833 3.199999998844195 0.0 0.0
801.0 51732689.090523005 51732690.711043 51732692.331563 3.0 1.7320508075688772 20248.017406600833 3.199999998844195 0.9375000003386148 0.5412658775607735
802.0 51732692.331563 51732693.95208301 51732695.572603 1.0 1.0 20248.017406600833 3.199999998844195 0.3125000001128716 0.3125000001128716
803.0 51732695.572603 51732697.193123 51732698.813643 2.0 1.4142135623730951 20248.017406600833 3.199999998844195 0.6250000002257432 0.44194173840121675
804.0 51732698.813643 51732700.434163004 51732702.054683 1.0 1.0 20248.017406600833 3.199999998844195 0.3125000001128716 0.3125000001128716
805.0 51732702.054683 51732703.675202996 51732705.295723 0.0 0.0 20248.017406600833 3.199999998844195 0.0 0.0
806.0 51732705.295723 51732706.916243 51732708.536763 2.0 1.4142135623730951 20248.017406600833 3.199999998844195 0.6250000002257432 0.44194173840121675
807.0 51732708.536763005 51732710.15728301 51732711.777803004 0.0 0.0 20248.017406600833 3.199999998844195 0.0 0.0
808.0 51732711.777803004 51732713.398323 51732715.018843 1.0 1.0 20248.017406600833 3.199999998844195 0.3125000001128716 0.3125000001128716
809.0 51732715.018843 51732716.639363006 51732718.259883 1.0 1.0 20248.017406600833 3.199999998844195 0.3125000001128716 0.3125000001128716
810.0 51732718.259883 51732719.880403 51732721.500923 0.0 0.0 20248.017406600833 3.199999998844195 0.0 0.0
811.0 51732721.500923 51732723.121443 51732724.741963 0.0 0.0 20248.017406600833 3.199999998844195 0.0 0.0
812.0 51732724.741963 51732726.362482995 51732727.983003 0.0 0.0 20248.017406600833 3.199999998844195 0.0 0.0
813.0 51732727.983003005 51732729.603523 51732731.224043004 0.0 0.0 20248.017406600833 3.199999998844195 0.0 0.0
814.0 51732731.224043004 51732732.84456301 51732734.465083 2.0 1.4142135623730951 20248.017406600833 3.199999998844195 0.6250000002257432 0.44194173840121675
815.0 51732734.465083 51732736.085603 51732737.706123 1.0 1.0 20248.017406600833 3.199999998844195 0.3125000001128716 0.3125000001128716
816.0 51732737.706123 51732739.326643005 51732740.947163 1.0 1.0 20248.017406600833 3.199999998844195 0.3125000001128716 0.3125000001128716
817.0 51732740.947163 51732742.567683 51732744.188203 1.0 1.0 20248.017406600833 3.199999998844195 0.3125000001128716 0.3125000001128716
818.0 51732744.188203 51732745.808723 51732747.429243 2.0 1.4142135623730951 20248.017406600833 3.199999998844195 0.6250000002257432 0.44194173840121675
819.0 51732747.429243006 51732749.04976301 51732750.670283005 1.0 1.0 20248.017406600833 3.199999998844195 0.3125000001128716 0.3125000001128716
820.0 51732750.670283005 51732752.290803 51732753.911323 1.0 1.0 20248.017406600833 3.199999998844195 0.3125000001128716 0.3125000001128716
821.0 51732753.911323 51732755.53184301 51732757.152363 0.0 0.0 20248.017406600833 3.199999998844195 0.0 0.0
822.0 51732757.152363 51732758.772883 51732760.393403 0.0 0.0 20248.017406600833 3.199999998844195 0.0 0.0
823.0 51732760.393403 51732762.013923004 51732763.634443 0.0 0.0 20248.017406600833 3.199999998844195 0.0 0.0
824.0 51732763.634443 51732765.254962996 51732766.875483 0.0 0.0 20248.017406600833 1.2614235299967083 0.0 0.0
825.0 51732766.875483 51732768.496003 51732770.116523 0.0 0.0 20248.017406600833 0.0 0.0 0.0
826.0 51732770.116523005 51732771.73704301 51732773.357563004 0.0 0.0 20248.017406600833 0.0 0.0 0.0
827.0 51732773.357563004 51732774.978083 51732776.598603 0.0 0.0 20248.017406600833 0.0 0.0 0.0
828.0 51732776.598603 51732778.219123006 51732779.839643 0.0 0.0 20248.017406600833 0.0 0.0 0.0
829.0 51732779.839643 51732781.460163 51732783.080683 0.0 0.0 20248.017406600833 0.0 0.0 0.0
830.0 51732783.080683 51732784.701203 51732786.321723 0.0 0.0 20248.017406600833 0.0 0.0 0.0
831.0 51732786.321723 51732787.942242995 51732789.562763 0.0 0.0 20248.017406600833 0.0 0.0 0.0
832.0 51732789.562763005 51732791.183283 51732792.803803004 0.0 0.0 20248.017406600833 0.0 0.0 0.0
833.0 51732792.803803004 51732794.42432301 51732796.044843 0.0 0.0 20248.017406600833 0.0 0.0 0.0
834.0 51732796.044843 51732797.665363 51732799.285883 0.0 0.0 20248.017406600833 0.0 0.0 0.0
835.0 51732799.285883 51732800.906403005 51732802.526923 0.0 0.0 20248.017406600833 0.0 0.0 0.0
836.0 51732802.526923 51732804.147443 51732805.767963 0.0 0.0 20248.017406600833 0.0 0.0 0.0
837.0 51732805.767963 51732807.388483 51732809.009003 0.0 0.0 20248.017406600833 0.0 0.0 0.0
838.0 51732809.009003006 51732810.62952301 51732812.250043005 0.0 0.0 20248.017406600833 0.0 0.0 0.0
839.0 51732812.250043005 51732813.870563 51732815.491083 0.0 0.0 20248.017406600833 0.0 0.0 0.0
840.0 51732815.491083 51732817.11160301 51732818.732123 0.0 0.0 20248.017406600833 0.0 0.0 0.0
841.0 51732818.732123 51732820.352643 51732821.973163 0.0 0.0 20248.017406600833 0.0 0.0 0.0
842.0 51732821.973163 51732823.593683004 51732825.214203 0.0 0.0 20248.017406600833 0.0 0.0 0.0
843.0 51732825.214203 51732826.834722996 51732828.455243 0.0 0.0 20248.017406600833 0.0 0.0 0.0
844.0 51732828.455243 51732830.075763 51732831.696283 0.0 0.0 20248.017406600833 0.0 0.0 0.0
845.0 51732831.696283005 51732833.31680301 51732834.937323004 0.0 0.0 20248.017406600833 0.0 0.0 0.0
846.0 51732834.937323004 51732836.557843 51732838.178363 0.0 0.0 20248.017406600833 0.0 0.0 0.0
847.0 51732838.178363 51732839.798883006 51732841.419403 0.0 0.0 20248.017406600833 0.0 0.0 0.0
848.0 51732841.419403 51732843.039923 51732844.660443 0.0 0.0 20248.017406600833 0.0 0.0 0.0
849.0 51732844.660443 51732846.280963 51732847.901483 0.0 0.0 20248.017406600833 0.0 0.0 0.0
850.0 51732847.901483 51732849.522002995 51732851.142523 0.0 0.0 20248.017406600833 0.0 0.0 0.0
851.0 51732851.142523006 51732852.763043 51732854.383563004 0.0 0.0 20248.017406600833 0.0 0.0 0.0
852.0 51732854.383563004 51732856.00408301 51732857.624603 0.0 0.0 20248.017406600833 0.0 0.0 0.0
853.0 51732857.624603 51732859.245123 51732860.865643 0.0 0.0 20248.017406600833 0.0 0.0 0.0
854.0 51732860.865643 51732862.486163005 51732864.106683 0.0 0.0 20248.017406600833 0.0 0.0 0.0
855.0 51732864.106683 51732865.727203 51732867.347723 0.0 0.0 20248.017406600833 0.0 0.0 0.0
856.0 51732867.347723 51732868.968243 51732870.588763 0.0 0.0 20248.017406600833 0.0 0.0 0.0
857.0 51732870.588763 51732872.209282994 51732873.829803 0.0 0.0 20248.017406600833 0.0 0.0 0.0
858.0 51732873.829803005 51732875.450323 51732877.070843 0.0 0.0 20248.017406600833 0.0 0.0 0.0
859.0 51732877.070843 51732878.69136301 51732880.311883 0.0 0.0 20248.017406600833 0.0 0.0 0.0
860.0 51732880.311883 51732881.932403 51732883.552923 0.0 0.0 20248.017406600833 0.0 0.0 0.0
861.0 51732883.552923 51732885.173443004 51732886.793963 0.0 0.0 20248.017406600833 0.0 0.0 0.0
862.0 51732886.793963 51732888.414482996 51732890.035003 0.0 0.0 20248.017406600833 0.0 0.0 0.0
863.0 51732890.035003 51732891.655523 51732893.276043 0.0 0.0 20248.017406600833 0.0 0.0 0.0
864.0 51732893.276043005 51732894.89656301 51732896.517083004 0.0 0.0 20248.017406600833 0.0 0.0 0.0
