TIME_BIN TIME_MIN TIME TIME_MAX COUNTS STAT_ERR AREA EXPOSURE COUNT_RATE COUNT_RATE_ERR
1.0 51744095.709027 51744097.329547 51744098.950067 0.0 0.0 1173.3096138269862 0.0 0.0 0.0
2.0 51744098.950067 51744100.570586994 51744102.191107 0.0 0.0 1173.3096138269862 0.0 0.0 0.0
3.0 51744102.191107 51744103.811627 51744105.432146996 0.0 0.0 1173.3096138269862 0.0 0.0 0.0
4.0 51744105.432146996 51744107.05266699 51744108.673186995 0.0 0.0 1173.3096138269862 0.0 0.0 0.0
5.0 51744108.673187 51744110.293707 51744111.914227 0.0 0.0 1173.3096138269862 0.0 0.0 0.0
6.0 51744111.914227 51744113.534747005 51744115.155267 0.0 0.0 1173.3096138269862 0.0 0.0 0.0
7.0 51744115.155267 51744116.775786996 51744118.396307 0.0 0.0 1173.3096138269862 0.0 0.0 0.0
8.0 51744118.396307 51744120.016827 51744121.637347 0.0 0.0 1173.3096138269862 0.0 0.0 0.0
9.0 51744121.637347 51744123.25786699 51744124.878387 0.0 0.0 1173.3096138269862 0.0 0.0 0.0
10.0 51744124.878387 51744126.498907 51744128.119426996 0.0 0.0 1173.3096138269862 0.0 0.0 0.0
11.0 51744128.119427 51744129.739947006 51744131.360467 0.0 0.0 1173.3096138269862 0.0 0.0 0.0
12.0 51744131.360467 51744132.980987 51744134.601507 0.0 0.0 1173.3096138269862 0.0 0.0 0.0
13.0 51744134.601507 51744136.222027004 51744137.842547 0.0 0.0 1173.3096138269862 0.0 0.0 0.0
14.0 51744137.842547 51744139.463066995 51744141.083587 0.0 0.0 1173.3096138269862 0.0 0.0 0.0
15.0 51744141.083587 51744142.704107 51744144.324627 0.0 0.0 1173.3096138269862 0.0 0.0 0.0
16.0 51744144.324627 51744145.94514699 51744147.565666996 0.0 0.0 1173.3096138269862 0.0 0.0 0.0
17.0 51744147.565667 51744149.186187 51744150.806707 0.0 0.0 1173.3096138269862 0.0 0.0 0.0
18.0 51744150.806707 51744152.427227005 51744154.047747 0.0 0.0 1173.3096138269862 0.0 0.0 0.0
19.0 51744154.047747 51744155.668267 51744157.288787 0.0 0.0 1173.3096138269862 0.0 0.0 0.0
20.0 51744157.288787 51744158.909307 51744160.529827 0.0 0.0 1173.3096138269862 0.0 0.0 0.0
21.0 51744160.529827 51744162.150346994 51744163.770867 0.0 0.0 1173.3096138269862 0.0 0.0 0.0
22.0 51744163.770867 51744165.391387 51744167.011907 0.0 0.0 1173.3096138269862 0.0 0.0 0.0
23.0 51744167.011907 51744168.63242699 51744170.252946995 0.0 0.0 1173.3096138269862 0.0 0.0 0.0
24.0 51744170.252947 51744171.873467 51744173.493987 0.0 0.0 1173.3096138269862 0.0 0.0 0.0
25.0 51744173.493987 51744175.114507005 51744176.735027 0.0 0.0 1173.3096138269862 0.0 0.0 0.0
26.0 51744176.735027 51744178.355546996 51744179.976067 0.0 0.0 1173.3096138269862 0.0 0.0 0.0
27.0 51744179.976067 51744181.596587 51744183.217107 0.0 0.0 1173.3096138269862 0.0 0.0 0.0
28.0 51744183.217107 51744184.83762699 51744186.458147 0.0 0.0 1173.3096138269862 0.0 0.0 0.0
29.0 51744186.458147 51744188.078667 51744189.699186996 0.0 0.0 1173.3096138269862 0.0 0.0 0.0
30.0 51744189.699187 51744191.319707006 51744192.940227 0.0 0.0 1173.3096138269862 0.0 0.0 0.0
31.0 51744192.940227 51744194.560747 51744196.181267 0.0 0.0 1173.3096138269862 0.0 0.0 0.0
32.0 51744196.181267 51744197.801787004 51744199.422307 0.0 0.0 1173.3096138269862 0.0 0.0 0.0
33.0 51744199.422307 51744201.042826995 51744202.663347 0.0 0.0 1173.3096138269862 0.0 0.0 0.0
34.0 51744202.663347 51744204.283867 51744205.904387 0.0 0.0 1173.3096138269862 0.0 0.0 0.0
35.0 51744205.904387 51744207.52490699 51744209.145426996 0.0 0.0 1173.3096138269862 0.0 0.0 0.0
36.0 51744209.145426996 51744210.765947 51744212.386466995 0.0 0.0 1173.3096138269862 0.0 0.0 0.0
37.0 51744212.386467 51744214.006987005 51744215.627507 0.0 0.0 1173.3096138269862 0.0 0.0 0.0
38.0 51744215.627507 51744217.248027 51744218.868547 0.0 0.0 1173.3096138269862 0.0 0.0 0.0
39.0 51744218.868547 51744220.489067 51744222.109587 0.0 0.0 1173.3096138269862 0.0 0.0 0.0
40.0 51744222.109587 51744223.730106995 51744225.350627 0.0 0.0 1173.3096138269862 0.0 0.0 0.0
41.0 51744225.350627 51744226.971147 51744228.591667 0.0 0.0 1173.3096138269862 0.0 0.0 0.0
42.0 51744228.591667 51744230.21218699 51744231.832706995 0.0 0.0 1173.3096138269862 0.0 0.0 0.0
43.0 51744231.832707 51744233.453227 51744235.073747 0.0 0.0 1173.3096138269862 0.0 0.0 0.0
44.0 51744235.073747 51744236.694267005 51744238.314787 0.0 0.0 1173.3096138269862 0.0 0.0 0.0
45.0 51744238.314787 51744239.935306996 51744241.555827 0.0 0.0 1173.3096138269862 0.0 0.0 0.0
46.0 51744241.555827 51744243.176347 51744244.796867 0.0 0.0 1173.3096138269862 0.0 0.0 0.0
47.0 51744244.796867 51744246.417386994 51744248.037907 0.0 0.0 1173.3096138269862 0.0 0.0 0.0
48.0 51744248.037907 51744249.658427 51744251.278946996 0.0 0.0 1173.3096138269862 0.0 0.0 0.0
49.0 51744251.278947 51744252.89946701 51744254.519987 0.0 0.0 1173.3096138269862 0.0 0.0 0.0
50.0 51744254.519987 51744256.140507 51744257.761027 0.0 0.0 1173.3096138269862 0.0 0.0 0.0
51.0 51744257.761027 51744259.381547004 51744261.002067 0.0 0.0 1173.3096138269862 0.0 0.0 0.0
52.0 51744261.002067 51744262.622586995 51744264.243107 0.0 0.0 1173.3096138269862 0.0 0.0 0.0
53.0 51744264.243107 51744265.863627 51744267.484147 0.0 0.0 1173.3096138269862 0.0 0.0 0.0
54.0 51744267.484147 51744269.10466699 51744270.725186996 0.0 0.0 1173.3096138269862 0.0 0.0 0.0
55.0 51744270.725186996 51744272.345707 51744273.966226995 0.0 0.0 1173.3096138269862 0.0 0.0 0.0
56.0 51744273.966227 51744275.586747006 51744277.207267 0.0 0.0 1173.3096138269862 0.0 0.0 0.0
57.0 51744277.207267 51744278.827787 51744280.448307 0.0 0.0 1173.3096138269862 0.0 0.0 0.0
58.0 51744280.448307 51744282.068827 51744283.689347 0.0 0.0 1173.3096138269862 0.0 0.0 0.0
59.0 51744283.689347 51744285.309866995 51744286.930387 0.0 0.0 1173.3096138269862 0.0 0.0 0.0
60.0 51744286.930387 51744288.550907 51744290.171427 0.0 0.0 1173.3096138269862 0.0 0.0 0.0
61.0 51744290.171427 51744291.79194699 51744293.412466995 0.0 0.0 1173.3096138269862 0.0 0.0 0.0
62.0 51744293.412467 51744295.032987 51744296.653507 0.0 0.0 1173.3096138269862 0.0 0.0 0.0
63.0 51744296.653507 51744298.274027005 51744299.894547 0.0 0.0 1173.3096138269862 0.0 0.0 0.0
64.0 51744299.894547 51744301.515066996 51744303.135587 0.0 0.0 1173.3096138269862 0.0 0.0 0.0
65.0 51744303.135587 51744304.756107 51744306.376627 0.0 0.0 1173.3096138269862 0.0 0.0 0.0
66.0 51744306.376627 51744307.997146994 51744309.617667 0.0 0.0 1173.3096138269862 0.0 0.0 0.0
67.0 51744309.617667 51744311.238187 51744312.858706996 0.0 0.0 1173.3096138269862 0.0 0.0 0.0
68.0 51744312.858707 51744314.47922701 51744316.099747 0.0 0.0 1173.3096138269862 0.0 0.0 0.0
69.0 51744316.099747 51744317.720267 51744319.340787 0.0 0.0 1173.3096138269862 0.0 0.0 0.0
70.0 51744319.340787 51744320.961307004 51744322.581827 0.0 0.0 1173.3096138269862 0.0 0.0 0.0
71.0 51744322.581827 51744324.202346995 51744325.822867 0.0 0.0 1173.3096138269862 0.0 0.0 0.0
72.0 51744325.822867 51744327.443387 51744329.063907 0.0 0.0 1173.3096138269862 0.0 0.0 0.0
73.0 51744329.063907 51744330.68442699 51744332.304946996 0.0 0.0 1173.3096138269862 0.0 0.0 0.0
74.0 51744332.304946996 51744333.925467 51744335.545986995 0.0 0.0 1173.3096138269862 0.0 0.0 0.0
75.0 51744335.545987 51744337.166507006 51744338.787027 0.0 0.0 1173.3096138269862 0.0 0.0 0.0
76.0 51744338.787027 51744340.407547 51744342.028067 0.0 0.0 1173.3096138269862 0.0 0.0 0.0
77.0 51744342.028067 51744343.648587 51744345.269107 0.0 0.0 1173.3096138269862 0.0 0.0 0.0
78.0 51744345.269107 51744346.889626995 51744348.510147 0.0 0.0 1173.3096138269862 0.0 0.0 0.0
79.0 51744348.510147 51744350.130667 51744351.751187 0.0 0.0 1173.3096138269862 0.0 0.0 0.0
80.0 51744351.751187 51744353.37170699 51744354.992226996 0.0 0.0 1173.3096138269862 0.0 0.0 0.0
81.0 51744354.992227 51744356.612747 51744358.233267 0.0 0.0 1173.3096138269862 0.0 0.0 0.0
82.0 51744358.233267 51744359.853787005 51744361.474307 0.0 0.0 1173.3096138269862 0.0 0.0 0.0
83.0 51744361.474307 51744363.094827 51744364.715347 0.0 0.0 1173.3096138269862 0.0 0.0 0.0
84.0 51744364.715347 51744366.335867 51744367.956387 0.0 0.0 1173.3096138269862 0.0 0.0 0.0
85.0 51744367.956387 51744369.576906994 51744371.197427 0.0 0.0 1173.3096138269862 0.0 0.0 0.0
86.0 51744371.197427 51744372.817947 51744374.438466996 0.0 0.0 1173.3096138269862 0.0 0.0 0.0
87.0 51744374.438467 51744376.05898701 51744377.679507 0.0 0.0 1173.3096138269862 0.0 0.0 0.0
88.0 51744377.679507 51744379.300027 51744380.920547 0.0 0.0 1173.3096138269862 0.0 0.0 0.0
89.0 51744380.920547 51744382.541067004 51744384.161587 0.0 0.0 1173.3096138269862 0.0 0.0 0.0
90.0 51744384.161587 51744385.782106996 51744387.402627 0.0 0.0 1173.3096138269862 0.0 0.0 0.0
91.0 51744387.402627 51744389.023147 51744390.643667 0.0 0.0 1173.3096138269862 0.0 0.0 0.0
92.0 51744390.643667 51744392.26418699 51744393.884707 0.0 0.0 1173.3096138269862 0.0 0.0 0.0
93.0 51744393.884707 51744395.505227 51744397.125746995 0.0 0.0 1173.3096138269862 0.0 0.0 0.0
94.0 51744397.125747 51744398.746267006 51744400.366787 0.0 0.0 1173.3096138269862 0.0 0.0 0.0
95.0 51744400.366787 51744401.987307 51744403.607827 0.0 0.0 1173.3096138269862 0.0 0.0 0.0
96.0 51744403.607827 51744405.228347 51744406.848867 0.0 0.0 1173.3096138269862 0.0 0.0 0.0
97.0 51744406.848867 51744408.469386995 51744410.089907 0.0 0.0 1173.3096138269862 0.0 0.0 0.0
98.0 51744410.089907 51744411.710427 51744413.330947 0.0 0.0 1173.3096138269862 0.0 0.0 0.0
99.0 51744413.330947 51744414.95146699 51744416.571986996 0.0 0.0 1173.3096138269862 0.0 0.0 0.0
100.0 51744416.571987 51744418.192507 51744419.813027 0.0 0.0 1173.3096138269862 0.0 0.0 0.0
101.0 51744419.813027 51744421.433547005 51744423.054067 0.0 0.0 1173.3096138269862 0.0 0.0 0.0
102.0 51744423.054067 51744424.674587 51744426.295107 0.0 0.0 1173.3096138269862 0.0 0.0 0.0
103.0 51744426.295107 51744427.915627 51744429.536147 0.0 0.0 1173.3096138269862 0.0 0.0 0.0
104.0 51744429.536147 51744431.156666994 51744432.777187 0.0 0.0 1173.3096138269862 0.0 0.0 0.0
105.0 51744432.777187 51744434.397707 51744436.018226996 0.0 0.0 1173.3096138269862 0.0 0.0 0.0
106.0 51744436.018226996 51744437.63874699 51744439.259266995 0.0 0.0 1173.3096138269862 0.0 0.0 0.0
107.0 51744439.259267 51744440.879787 51744442.500307 0.0 0.0 1173.3096138269862 0.0 0.0 0.0
108.0 51744442.500307 51744444.120827004 51744445.741347 0.0 0.0 1173.3096138269862 0.0 0.0 0.0
109.0 51744445.741347 51744447.361866996 51744448.982387 0.0 0.0 1173.3096138269862 0.0 0.0 0.0
110.0 51744448.982387 51744450.602907 51744452.223427 0.0 0.0 1173.3096138269862 0.0 0.0 0.0
111.0 51744452.223427 51744453.84394699 51744455.464467 0.0 0.0 1173.3096138269862 0.0 0.0 0.0
112.0 51744455.464467 51744457.084987 51744458.705506995 0.0 0.0 1173.3096138269862 0.0 0.0 0.0
113.0 51744458.705507 51744460.326027006 51744461.946547 0.0 0.0 1173.3096138269862 0.0 0.0 0.0
114.0 51744461.946547 51744463.567067 51744465.187587 0.0 0.0 1173.3096138269862 0.0 0.0 0.0
115.0 51744465.187587 51744466.808107 51744468.428627 0.0 0.0 1173.3096138269862 0.0 0.0 0.0
116.0 51744468.428627 51744470.049146995 51744471.669667 0.0 0.0 1173.3096138269862 0.0 0.0 0.0
117.0 51744471.669667 51744473.290187 51744474.910707 0.0 0.0 1173.3096138269862 0.0 0.0 0.0
118.0 51744474.910707 51744476.53122699 51744478.151746996 0.0 0.0 1173.3096138269862 0.0 0.0 0.0
119.0 51744478.151747 51744479.772267 51744481.392787 0.0 0.0 1173.3096138269862 0.0 0.0 0.0
120.0 51744481.392787 51744483.013307005 51744484.633827 0.0 0.0 1173.3096138269862 0.0 0.0 0.0
121.0 51744484.633827 51744486.254347 51744487.874867 0.0 0.0 1173.3096138269862 0.0 0.0 0.0
122.0 51744487.874867 51744489.495387 51744491.115907 0.0 0.0 1173.3096138269862 0.0 0.0 0.0
123.0 51744491.115907 51744492.736426994 51744494.356947 0.0 0.0 1173.3096138269862 0.0 0.0 0.0
124.0 51744494.356947 51744495.977467 51744497.597986996 0.0 0.0 1173.3096138269862 0.0 0.0 0.0
125.0 51744497.597986996 51744499.21850699 51744500.839026995 0.0 0.0 1173.3096138269862 0.0 0.0 0.0
126.0 51744500.839027 51744502.459547 51744504.080067 0.0 0.0 1173.3096138269862 0.0 0.0 0.0
127.0 51744504.080067 51744505.700587004 51744507.321107 0.0 0.0 1173.3096138269862 0.0 0.0 0.0
128.0 51744507.321107 51744508.941626996 51744510.562147 0.0 0.0 1173.3096138269862 0.0 0.0 0.0
129.0 51744510.562147 51744512.182667 51744513.803187 0.0 0.0 1173.3096138269862 0.0 0.0 0.0
130.0 51744513.803187 51744515.42370699 51744517.044227 0.0 0.0 1173.3096138269862 0.0 0.0 0.0
131.0 51744517.044227 51744518.664747 51744520.285266995 0.0 0.0 1173.3096138269862 0.0 0.0 0.0
132.0 51744520.285267 51744521.905787006 51744523.526307 0.0 0.0 1173.3096138269862 0.0 0.0 0.0
133.0 51744523.526307 51744525.146827 51744526.767347 0.0 0.0 1173.3096138269862 0.0 0.0 0.0
134.0 51744526.767347 51744528.387867 51744530.008387 0.0 0.0 1173.3096138269862 0.0 0.0 0.0
135.0 51744530.008387 51744531.628906995 51744533.249427 0.0 0.0 1173.3096138269862 0.0 0.0 0.0
136.0 51744533.249427 51744534.869947 51744536.490467 0.0 0.0 1173.3096138269862 0.0 0.0 0.0
137.0 51744536.490467 51744538.11098699 51744539.731506996 0.0 0.0 1173.3096138269862 0.0 0.0 0.0
138.0 51744539.731507 51744541.352027 51744542.972547 0.0 0.0 1173.3096138269862 0.0 0.0 0.0
139.0 51744542.972547 51744544.593067005 51744546.213587 0.0 0.0 1173.3096138269862 0.0 0.0 0.0
140.0 51744546.213587 51744547.834107 51744549.454627 0.0 0.0 1173.3096138269862 0.0 0.0 0.0
141.0 51744549.454627 51744551.075147 51744552.695667 0.0 0.0 1173.3096138269862 0.0 0.0 0.0
142.0 51744552.695667 51744554.316186994 51744555.936707 0.0 0.0 1173.3096138269862 0.0 0.0 0.0
143.0 51744555.936707 51744557.557227 51744559.177747 0.0 0.0 1173.3096138269862 0.0 0.0 0.0
144.0 51744559.177747 51744560.79826699 51744562.418786995 0.0 0.0 1173.3096138269862 0.0 0.0 0.0
145.0 51744562.418787 51744564.039307 51744565.659827 0.0 0.0 1173.3096138269862 0.0 0.0 0.0
146.0 51744565.659827 51744567.280347005 51744568.900867 0.0 0.0 1173.3096138269862 0.0 0.0 0.0
147.0 51744568.900867 51744570.521386996 51744572.141907 0.0 0.0 1173.3096138269862 0.0 0.0 0.0
148.0 51744572.141907 51744573.762427 51744575.382947 0.0 0.0 1173.3096138269862 0.0 0.0 0.0
149.0 51744575.382947 51744577.00346699 51744578.623987 0.0 0.0 1173.3096138269862 0.0 0.0 0.0
150.0 51744578.623987 51744580.244507 51744581.865026996 0.0 0.0 1173.3096138269862 0.0 0.0 0.0
151.0 51744581.865027 51744583.485547006 51744585.106067 0.0 0.0 1173.3096138269862 0.0 0.0 0.0
152.0 51744585.106067 51744586.726587 51744588.347107 0.0 0.0 1173.3096138269862 0.0 0.0 0.0
153.0 51744588.347107 51744589.967627004 51744591.588147 0.0 0.0 1173.3096138269862 0.0 0.0 0.0
154.0 51744591.588147 51744593.208666995 51744594.829187 0.0 0.0 1173.3096138269862 0.0 0.0 0.0
155.0 51744594.829187 51744596.449707 51744598.070227 0.0 0.0 1173.3096138269862 0.0 0.0 0.0
156.0 51744598.070227 51744599.69074699 51744601.311266996 0.0 0.0 1173.3096138269862 0.0 0.0 0.0
157.0 51744601.311267 51744602.931787 51744604.552307 0.0 0.0 1173.3096138269862 0.0 0.0 0.0
158.0 51744604.552307 51744606.172827005 51744607.793347 0.0 0.0 1173.3096138269862 0.0 0.0 0.0
159.0 51744607.793347 51744609.413867 51744611.034387 0.0 0.0 1173.3096138269862 0.0 0.0 0.0
160.0 51744611.034387 51744612.654907 51744614.275427 0.0 0.0 1173.3096138269862 0.0 0.0 0.0
161.0 51744614.275427 51744615.895946994 51744617.516467 0.0 0.0 1173.3096138269862 0.0 0.0 0.0
162.0 51744617.516467 51744619.136987 51744620.757507 0.0 0.0 1173.3096138269862 0.0 0.0 0.0
163.0 51744620.757507 51744622.37802699 51744623.998546995 0.0 0.0 1173.3096138269862 0.0 0.0 0.0
164.0 51744623.998547 51744625.619067 51744627.239587 0.0 0.0 1173.3096138269862 0.0 0.0 0.0
165.0 51744627.239587 51744628.860107005 51744630.480627 0.0 0.0 1173.3096138269862 0.0 0.0 0.0
166.0 51744630.480627 51744632.101146996 51744633.721667 0.0 0.0 1173.3096138269862 0.0 0.0 0.0
167.0 51744633.721667 51744635.342187 51744636.962707 0.0 0.0 1173.3096138269862 0.0 0.0 0.0
168.0 51744636.962707 51744638.58322699 51744640.203747 0.0 0.0 1173.3096138269862 0.0 0.0 0.0
169.0 51744640.203747 51744641.824267 51744643.444786996 0.0 0.0 1173.3096138269862 0.0 0.0 0.0
170.0 51744643.444787 51744645.065307006 51744646.685827 0.0 0.0 1173.3096138269862 0.0 0.0 0.0
171.0 51744646.685827 51744648.306347 51744649.926867 0.0 0.0 1173.3096138269862 0.0 0.0 0.0
172.0 51744649.926867 51744651.547387004 51744653.167907 0.0 0.0 1173.3096138269862 0.0 0.0 0.0
173.0 51744653.167907 51744654.788426995 51744656.408947 0.0 0.0 1173.3096138269862 0.0 0.0 0.0
174.0 51744656.408947 51744658.029467 51744659.649987 0.0 0.0 1173.3096138269862 0.0 0.0 0.0
175.0 51744659.649987 51744661.27050699 51744662.891026996 0.0 0.0 1173.3096138269862 0.0 0.0 0.0
176.0 51744662.891026996 51744664.511547 51744666.132066995 0.0 0.0 1173.3096138269862 0.0 0.0 0.0
177.0 51744666.132067 51744667.752587005 51744669.373107 0.0 0.0 1173.3096138269862 0.0 0.0 0.0
178.0 51744669.373107 51744670.993627 51744672.614147 0.0 0.0 1173.3096138269862 0.0 0.0 0.0
179.0 51744672.614147 51744674.234667 51744675.855187 0.0 0.0 1173.3096138269862 0.0 0.0 0.0
180.0 51744675.855187 51744677.475706995 51744679.096227 0.0 0.0 1173.3096138269862 0.0 0.0 0.0
181.0 51744679.096227 51744680.716747 51744682.337267 0.0 0.0 1173.3096138269862 0.0 0.0 0.0
182.0 51744682.337267 51744683.95778699 51744685.578306995 0.0 0.0 1173.3096138269862 0.0 0.0 0.0
183.0 51744685.578307 51744687.198827 51744688.819347 0.0 0.0 1173.3096138269862 0.0 0.0 0.0
184.0 51744688.819347 51744690.439867005 51744692.060387 0.0 0.0 1173.3096138269862 0.0 0.0 0.0
185.0 51744692.060387 51744693.680906996 51744695.301427 0.0 0.0 1173.3096138269862 0.0 0.0 0.0
186.0 51744695.301427 51744696.921947 51744698.542467 0.0 0.0 1173.3096138269862 0.0 0.0 0.0
187.0 51744698.542467 51744700.162986994 51744701.783507 0.0 0.0 1173.3096138269862 0.0 0.0 0.0
188.0 51744701.783507 51744703.404027 51744705.024546996 0.0 0.0 1173.3096138269862 0.0 0.0 0.0
189.0 51744705.024547 51744706.64506701 51744708.265587 0.0 0.0 1173.3096138269862 0.0 0.0 0.0
190.0 51744708.265587 51744709.886107 51744711.506627 0.0 0.0 1173.3096138269862 0.0 0.0 0.0
191.0 51744711.506627 51744713.127147004 51744714.747667 0.0 0.0 1173.3096138269862 0.0 0.0 0.0
192.0 51744714.747667 51744716.368186995 51744717.988707 0.0 0.0 1173.3096138269862 0.0 0.0 0.0
193.0 51744717.988707 51744719.609227 51744721.229747 0.0 0.0 1173.3096138269862 0.0 0.0 0.0
194.0 51744721.229747 51744722.85026699 51744724.470786996 0.0 0.0 1173.3096138269862 0.0 0.0 0.0
195.0 51744724.470786996 51744726.091307 51744727.711826995 0.0 0.0 1173.3096138269862 0.0 0.0 0.0
196.0 51744727.711827 51744729.332347006 51744730.952867 0.0 0.0 1173.3096138269862 0.0 0.0 0.0
197.0 51744730.952867 51744732.573387 51744734.193907 0.0 0.0 1173.3096138269862 0.0 0.0 0.0
198.0 51744734.193907 51744735.814427 51744737.434947 0.0 0.0 1173.3096138269862 0.0 0.0 0.0
199.0 51744737.434947 51744739.055466995 51744740.675987 0.0 0.0 1173.3096138269862 0.0 0.0 0.0
200.0 51744740.675987 51744742.296507 51744743.917027 0.0 0.0 1173.3096138269862 0.0 0.0 0.0
201.0 51744743.917027 51744745.53754699 51744747.158066995 0.0 0.0 1173.3096138269862 0.0 0.0 0.0
202.0 51744747.158067 51744748.778587 51744750.399107 0.0 0.0 1173.3096138269862 0.0 0.0 0.0
203.0 51744750.399107 51744752.019627005 51744753.640147 0.0 0.0 1173.3096138269862 0.0 0.0 0.0
204.0 51744753.640147 51744755.260666996 51744756.881187 0.0 0.0 1173.3096138269862 0.0 0.0 0.0
205.0 51744756.881187 51744758.501707 51744760.122227 0.0 0.0 1173.3096138269862 0.0 0.0 0.0
206.0 51744760.122227 51744761.742746994 51744763.363267 0.0 0.0 1173.3096138269862 0.0 0.0 0.0
207.0 51744763.363267 51744764.983787 51744766.604306996 0.0 0.0 1173.3096138269862 0.0 0.0 0.0
208.0 51744766.604307 51744768.22482701 51744769.845347 0.0 0.0 1173.3096138269862 0.0 0.0 0.0
209.0 51744769.845347 51744771.465867 51744773.086387 0.0 0.0 1173.3096138269862 0.0 0.0 0.0
210.0 51744773.086387 51744774.706907004 51744776.327427 0.0 0.0 1173.3096138269862 0.0 0.0 0.0
211.0 51744776.327427 51744777.947946995 51744779.568467 0.0 0.0 1173.3096138269862 0.0 0.0 0.0
212.0 51744779.568467 51744781.188987 51744782.809507 0.0 0.0 1173.3096138269862 0.0 0.0 0.0
213.0 51744782.809507 51744784.43002699 51744786.050547 0.0 0.0 1173.3096138269862 0.0 0.0 0.0
214.0 51744786.050547 51744787.671067 51744789.291586995 0.0 0.0 1173.3096138269862 0.0 0.0 0.0
215.0 51744789.291587 51744790.912107006 51744792.532627 0.0 0.0 1173.3096138269862 0.0 0.0 0.0
216.0 51744792.532627 51744794.153147 51744795.773667 0.0 0.0 1173.3096138269862 0.0 0.0 0.0
217.0 51744795.773667 51744797.394187 51744799.014707 0.0 0.0 1173.3096138269862 0.0 0.0 0.0
218.0 51744799.014707 51744800.635226995 51744802.255747 0.0 0.0 1173.3096138269862 0.0 0.0 0.0
219.0 51744802.255747 51744803.876267 51744805.496787 0.0 0.0 1173.3096138269862 0.0 0.0 0.0
220.0 51744805.496787 51744807.11730699 51744808.737826996 0.0 0.0 1173.3096138269862 0.0 0.0 0.0
221.0 51744808.737827 51744810.358347 51744811.978867 0.0 0.0 1173.3096138269862 0.0 0.0 0.0
222.0 51744811.978867 51744813.599387005 51744815.219907 0.0 0.0 1173.3096138269862 0.0 0.0 0.0
223.0 51744815.219907 51744816.840427 51744818.460947 0.0 0.0 1173.3096138269862 0.0 0.0 0.0
224.0 51744818.460947 51744820.081467 51744821.701987 0.0 0.0 1173.3096138269862 0.0 0.0 0.0
225.0 51744821.701987 51744823.322506994 51744824.943027 0.0 0.0 1173.3096138269862 0.0 0.0 0.0
226.0 51744824.943027 51744826.563547 51744828.184066996 0.0 0.0 1173.3096138269862 0.0 0.0 0.0
227.0 51744828.184067 51744829.80458701 51744831.425107 0.0 0.0 1173.3096138269862 0.0 0.0 0.0
228.0 51744831.425107 51744833.045627 51744834.666147 0.0 0.0 1173.3096138269862 0.0 0.0 0.0
229.0 51744834.666147 51744836.286667004 51744837.907187 0.0 0.0 1173.3096138269862 0.0 0.0 0.0
230.0 51744837.907187 51744839.527706996 51744841.148227 0.0 0.0 1173.3096138269862 0.0 0.0 0.0
231.0 51744841.148227 51744842.768747 51744844.389267 0.0 0.0 1173.3096138269862 0.0 0.0 0.0
232.0 51744844.389267 51744846.00978699 51744847.630307 0.0 0.0 1173.3096138269862 0.0 0.0 0.0
233.0 51744847.630307 51744849.250827 51744850.871346995 0.0 0.0 1173.3096138269862 0.0 0.0 0.0
234.0 51744850.871347 51744852.491867006 51744854.112387 0.0 0.0 1173.3096138269862 0.0 0.0 0.0
235.0 51744854.112387 51744855.732907 51744857.353427 0.0 0.0 1173.3096138269862 0.0 0.0 0.0
236.0 51744857.353427 51744858.973947 51744860.594467 0.0 0.0 1173.3096138269862 0.0 0.0 0.0
237.0 51744860.594467 51744862.214986995 51744863.835507 0.0 0.0 1173.3096138269862 0.0 0.0 0.0
238.0 51744863.835507 51744865.456027 51744867.076547 0.0 0.0 1173.3096138269862 0.0 0.0 0.0
239.0 51744867.076547 51744868.69706699 51744870.317586996 0.0 0.0 1173.3096138269862 0.0 0.0 0.0
240.0 51744870.317587 51744871.938107 51744873.558627 0.0 0.0 1173.3096138269862 0.0 0.0 0.0
241.0 51744873.558627 51744875.179147005 51744876.799667 0.0 0.0 1173.3096138269862 0.0 0.0 0.0
242.0 51744876.799667 51744878.420187 51744880.040707 0.0 0.0 1173.3096138269862 0.0 0.0 0.0
243.0 51744880.040707 51744881.661227 51744883.281747 0.0 0.0 1173.3096138269862 0.0 0.0 0.0
244.0 51744883.281747 51744884.902266994 51744886.522787 0.0 0.0 1173.3096138269862 0.0 0.0 0.0
245.0 51744886.522787 51744888.143307 51744889.763826996 0.0 0.0 1173.3096138269862 0.0 0.0 0.0
246.0 51744889.763826996 51744891.38434699 51744893.004866995 0.0 0.0 1173.3096138269862 0.0 0.0 0.0
247.0 51744893.004867 51744894.625387 51744896.245907 0.0 0.0 1173.3096138269862 0.0 0.0 0.0
248.0 51744896.245907 51744897.866427004 51744899.486947 0.0 0.0 1173.3096138269862 0.0 0.0 0.0
249.0 51744899.486947 51744901.107466996 51744902.727987 0.0 0.0 1173.3096138269862 0.0 0.0 0.0
250.0 51744902.727987 51744904.348507 51744905.969027 0.0 0.0 1173.3096138269862 0.0 0.0 0.0
251.0 51744905.969027 51744907.58954699 51744909.210067 0.0 0.0 1173.3096138269862 0.0 0.0 0.0
252.0 51744909.210067 51744910.830587 51744912.451106995 0.0 0.0 1173.3096138269862 0.0 0.0 0.0
253.0 51744912.451107 51744914.071627006 51744915.692147 0.0 0.0 1173.3096138269862 0.0 0.0 0.0
254.0 51744915.692147 51744917.312667 51744918.933187 0.0 0.0 1173.3096138269862 0.0 0.0 0.0
255.0 51744918.933187 51744920.553707 51744922.174227 0.0 0.0 1173.3096138269862 0.0 0.0 0.0
256.0 51744922.174227 51744923.794746995 51744925.415267 0.0 0.0 1173.3096138269862 0.0 0.0 0.0
257.0 51744925.415267 51744927.035787 51744928.656307 0.0 0.0 1173.3096138269862 0.0 0.0 0.0
258.0 51744928.656307 51744930.27682699 51744931.897346996 0.0 0.0 1173.3096138269862 0.0 0.0 0.0
259.0 51744931.897347 51744933.517867 51744935.138387 0.0 0.0 1173.3096138269862 0.0 0.0 0.0
260.0 51744935.138387 51744936.758907005 51744938.379427 0.0 0.0 1173.3096138269862 0.0 0.0 0.0
261.0 51744938.379427 51744939.999947 51744941.620467 0.0 0.0 1173.3096138269862 0.0 0.0 0.0
262.0 51744941.620467 51744943.240987 51744944.861507 0.0 0.0 1173.3096138269862 0.0 0.0 0.0
263.0 51744944.861507 51744946.482026994 51744948.102547 0.0 0.0 1173.3096138269862 0.0 0.0 0.0
264.0 51744948.102547 51744949.723067 51744951.343586996 0.0 0.0 1173.3096138269862 0.0 0.0 0.0
265.0 51744951.343586996 51744952.96410699 51744954.584626995 0.0 0.0 1173.3096138269862 0.0 0.0 0.0
266.0 51744954.584627 51744956.205147 51744957.825667 0.0 0.0 1173.3096138269862 0.0 0.0 0.0
267.0 51744957.825667 51744959.446187004 51744961.066707 0.0 0.0 1173.3096138269862 0.0 0.0 0.0
268.0 51744961.066707 51744962.687226996 51744964.307747 0.0 0.0 1173.3096138269862 0.0 0.0 0.0
269.0 51744964.307747 51744965.928267 51744967.548787 0.0 0.0 1173.3096138269862 0.0 0.0 0.0
270.0 51744967.548787 51744969.16930699 51744970.789827 0.0 0.0 1173.3096138269862 0.0 0.0 0.0
271.0 51744970.789827 51744972.410347 51744974.030866995 0.0 0.0 1173.3096138269862 0.0 0.0 0.0
272.0 51744974.030867 51744975.651387006 51744977.271907 0.0 0.0 1173.3096138269862 0.0 0.0 0.0
273.0 51744977.271907 51744978.892427 51744980.512947 0.0 0.0 1173.3096138269862 0.0 0.0 0.0
274.0 51744980.512947 51744982.133467 51744983.753987 0.0 0.0 1173.3096138269862 0.0 0.0 0.0
275.0 51744983.753987 51744985.374506995 51744986.995027 0.0 0.0 1173.3096138269862 0.0 0.0 0.0
276.0 51744986.995027 51744988.615547 51744990.236067 0.0 0.0 1173.3096138269862 0.0 0.0 0.0
277.0 51744990.236067 51744991.85658699 51744993.477106996 0.0 0.0 1173.3096138269862 0.0 0.0 0.0
278.0 51744993.477107 51744995.097627 51744996.718147 0.0 0.0 1173.3096138269862 0.0 0.0 0.0
279.0 51744996.718147 51744998.338667005 51744999.959187 0.0 0.0 1173.3096138269862 0.0 0.0 0.0
280.0 51744999.959187 51745001.579707 51745003.200227 0.0 0.0 1173.3096138269862 0.0 0.0 0.0
281.0 51745003.200227 51745004.820747 51745006.441267 0.0 0.0 1173.3096138269862 1.7574621287749683 0.0 0.0
282.0 51745006.441267 51745008.061786994 51745009.682307 0.0 0.0 1173.3096138269862 3.1338619211268424 0.0 0.0
283.0 51745009.682307 51745011.302827 51745012.923347 0.0 0.0 1173.3096138269862 3.1338619211268424 0.0 0.0
284.0 51745012.923347 51745014.54386699 51745016.164386995 0.0 0.0 1173.3096138269862 3.1338619211268424 0.0 0.0
285.0 51745016.164387 51745017.784907 51745019.405427 0.0 0.0 1173.3096138269862 3.1338619211268424 0.0 0.0
286.0 51745019.405427 51745021.025947005 51745022.646467 0.0 0.0 1173.3096138269862 3.1338619211268424 0.0 0.0
287.0 51745022.646467 51745024.266986996 51745025.887507 0.0 0.0 1173.3096138269862 3.1338619211268424 0.0 0.0
288.0 51745025.887507 51745027.508027 51745029.128547 0.0 0.0 1173.3096138269862 3.1338619211268424 0.0 0.0
289.0 51745029.128547 51745030.74906699 51745032.369587 1.0 1.0 1173.3096138269862 3.1338619211268424 0.3190951053901029 0.3190951053901029
290.0 51745032.369587 51745033.990107 51745035.610626996 0.0 0.0 1173.3096138269862 3.1338619211268424 0.0 0.0
291.0 51745035.610627 51745037.231147006 51745038.851667 0.0 0.0 1173.3096138269862 3.1338619211268424 0.0 0.0
292.0 51745038.851667 51745040.472187 51745042.092707 0.0 0.0 1173.3096138269862 3.1338619211268424 0.0 0.0
293.0 51745042.092707 51745043.713227004 51745045.333747 1.0 1.0 1173.3096138269862 3.1338619211268424 0.3190951053901029 0.3190951053901029
294.0 51745045.333747 51745046.954266995 51745048.574787 3.0 1.7320508075688772 1173.3096138269862 3.1338619211268424 0.9572853161703087 0.5526889349822036
295.0 51745048.574787 51745050.195307 51745051.815827 0.0 0.0 1173.3096138269862 3.1338619211268424 0.0 0.0
296.0 51745051.815827 51745053.43634699 51745055.056866996 0.0 0.0 1173.3096138269862 3.1338619211268424 0.0 0.0
297.0 51745055.056867 51745056.677387 51745058.297907 0.0 0.0 1173.3096138269862 3.1338619211268424 0.0 0.0
298.0 51745058.297907 51745059.918427005 51745061.538947 0.0 0.0 1173.3096138269862 3.1338619211268424 0.0 0.0
299.0 51745061.538947 51745063.159467 51745064.779987 1.0 1.0 1173.3096138269862 3.1338619211268424 0.3190951053901029 0.3190951053901029
300.0 51745064.779987 51745066.400507 51745068.021027 0.0 0.0 1173.3096138269862 3.1338619211268424 0.0 0.0
301.0 51745068.021027 51745069.641546994 51745071.262067 1.0 1.0 1173.3096138269862 3.1338619211268424 0.3190951053901029 0.3190951053901029
302.0 51745071.262067 51745072.882587 51745074.503107 0.0 0.0 1173.3096138269862 3.1338619211268424 0.0 0.0
303.0 51745074.503107 51745076.12362699 51745077.744146995 0.0 0.0 1173.3096138269862 3.1338619211268424 0.0 0.0
304.0 51745077.744147 51745079.364667 51745080.985187 0.0 0.0 1173.3096138269862 3.1338619211268424 0.0 0.0
305.0 51745080.985187 51745082.605707005 51745084.226227 0.0 0.0 1173.3096138269862 3.1338619211268424 0.0 0.0
306.0 51745084.226227 51745085.846746996 51745087.467267 1.0 1.0 1173.3096138269862 3.1338619211268424 0.3190951053901029 0.3190951053901029
307.0 51745087.467267 51745089.087787 51745090.708307 1.0 1.0 1173.3096138269862 3.1338619211268424 0.3190951053901029 0.3190951053901029
308.0 51745090.708307 51745092.32882699 51745093.949347 0.0 0.0 1173.3096138269862 3.1338619211268424 0.0 0.0
309.0 51745093.949347 51745095.569867 51745097.190386996 0.0 0.0 1173.3096138269862 3.1338619211268424 0.0 0.0
310.0 51745097.190387 51745098.810907006 51745100.431427 0.0 0.0 1173.3096138269862 3.1338619211268424 0.0 0.0
311.0 51745100.431427 51745102.051947 51745103.672467 1.0 1.0 1173.3096138269862 3.1338619211268424 0.3190951053901029 0.3190951053901029
312.0 51745103.672467 51745105.292987004 51745106.913507 1.0 1.0 1173.3096138269862 3.1338619211268424 0.3190951053901029 0.3190951053901029
313.0 51745106.913507 51745108.534026995 51745110.154547 1.0 1.0 1173.3096138269862 3.1338619211268424 0.3190951053901029 0.3190951053901029
314.0 51745110.154547 51745111.775067 51745113.395587 0.0 0.0 1173.3096138269862 3.1338619211268424 0.0 0.0
315.0 51745113.395587 51745115.01610699 51745116.636626996 0.0 0.0 1173.3096138269862 3.1338619211268424 0.0 0.0
316.0 51745116.636626996 51745118.257147 51745119.877666995 0.0 0.0 1173.3096138269862 3.1338619211268424 0.0 0.0
317.0 51745119.877667 51745121.498187006 51745123.118707 0.0 0.0 1173.3096138269862 3.1338619211268424 0.0 0.0
318.0 51745123.118707 51745124.739227 51745126.359747 0.0 0.0 1173.3096138269862 3.1338619211268424 0.0 0.0
319.0 51745126.359747 51745127.980267 51745129.600787 0.0 0.0 1173.3096138269862 3.1338619211268424 0.0 0.0
320.0 51745129.600787 51745131.221306995 51745132.841827 0.0 0.0 1173.3096138269862 3.1338619211268424 0.0 0.0
321.0 51745132.841827 51745134.462347 51745136.082867 0.0 0.0 1173.3096138269862 3.1338619211268424 0.0 0.0
322.0 51745136.082867 51745137.70338699 51745139.323906995 2.0 1.4142135623730951 1173.3096138269862 3.1338619211268424 0.6381902107802058 0.4512686257295556
323.0 51745139.323907 51745140.944427 51745142.564947 0.0 0.0 1173.3096138269862 3.1338619211268424 0.0 0.0
324.0 51745142.564947 51745144.185467005 51745145.805987 0.0 0.0 1173.3096138269862 3.1338619211268424 0.0 0.0
325.0 51745145.805987 51745147.426506996 51745149.047027 0.0 0.0 1173.3096138269862 3.1338619211268424 0.0 0.0
326.0 51745149.047027 51745150.667547 51745152.288067 0.0 0.0 1173.3096138269862 3.1338619211268424 0.0 0.0
327.0 51745152.288067 51745153.908586994 51745155.529107 0.0 0.0 1173.3096138269862 3.1338619211268424 0.0 0.0
328.0 51745155.529107 51745157.149627 51745158.770146996 0.0 0.0 1173.3096138269862 3.1338619211268424 0.0 0.0
329.0 51745158.770147 51745160.39066701 51745162.011187 0.0 0.0 1173.3096138269862 3.1338619211268424 0.0 0.0
330.0 51745162.011187 51745163.631707 51745165.252227 0.0 0.0 1173.3096138269862 3.1338619211268424 0.0 0.0
331.0 51745165.252227 51745166.872747004 51745168.493267 0.0 0.0 1173.3096138269862 3.1338619211268424 0.0 0.0
332.0 51745168.493267 51745170.113786995 51745171.734307 0.0 0.0 1173.3096138269862 3.1338619211268424 0.0 0.0
333.0 51745171.734307 51745173.354827 51745174.975347 0.0 0.0 1173.3096138269862 3.1338619211268424 0.0 0.0
334.0 51745174.975347 51745176.59586699 51745178.216386996 0.0 0.0 1173.3096138269862 3.1338619211268424 0.0 0.0
335.0 51745178.216386996 51745179.836907 51745181.457426995 0.0 0.0 1173.3096138269862 3.1338619211268424 0.0 0.0
336.0 51745181.457427 51745183.077947006 51745184.698467 0.0 0.0 1173.3096138269862 3.1338619211268424 0.0 0.0
337.0 51745184.698467 51745186.318987 51745187.939507 0.0 0.0 1173.3096138269862 3.1338619211268424 0.0 0.0
338.0 51745187.939507 51745189.560027 51745191.180547 0.0 0.0 1173.3096138269862 3.1338619211268424 0.0 0.0
339.0 51745191.180547 51745192.801066995 51745194.421587 0.0 0.0 1173.3096138269862 3.1338619211268424 0.0 0.0
340.0 51745194.421587 51745196.042107 51745197.662627 1.0 1.0 1173.3096138269862 3.1338619211268424 0.3190951053901029 0.3190951053901029
341.0 51745197.662627 51745199.28314699 51745200.903666995 1.0 1.0 1173.3096138269862 3.1338619211268424 0.3190951053901029 0.3190951053901029
342.0 51745200.903667 51745202.524187 51745204.144707 0.0 0.0 1173.3096138269862 3.1338619211268424 0.0 0.0
343.0 51745204.144707 51745205.765227005 51745207.385747 1.0 1.0 1173.3096138269862 3.1338619211268424 0.3190951053901029 0.3190951053901029
344.0 51745207.385747 51745209.006266996 51745210.626787 0.0 0.0 1173.3096138269862 3.1338619211268424 0.0 0.0
345.0 51745210.626787 51745212.247307 51745213.867827 0.0 0.0 1173.3096138269862 3.1338619211268424 0.0 0.0
346.0 51745213.867827 51745215.488346994 51745217.108867 0.0 0.0 1173.3096138269862 3.1338619211268424 0.0 0.0
347.0 51745217.108867 51745218.729387 51745220.349906996 1.0 1.0 1173.3096138269862 3.1338619211268424 0.3190951053901029 0.3190951053901029
348.0 51745220.349907 51745221.97042701 51745223.590947 0.0 0.0 1173.3096138269862 3.1338619211268424 0.0 0.0
349.0 51745223.590947 51745225.211467 51745226.831987 0.0 0.0 1173.3096138269862 3.1338619211268424 0.0 0.0
350.0 51745226.831987 51745228.452507004 51745230.073027 0.0 0.0 1173.3096138269862 3.1338619211268424 0.0 0.0
351.0 51745230.073027 51745231.693546996 51745233.314067 0.0 0.0 1173.3096138269862 3.1338619211268424 0.0 0.0
352.0 51745233.314067 51745234.934587 51745236.555107 1.0 1.0 1173.3096138269862 3.1338619211268424 0.3190951053901029 0.3190951053901029
353.0 51745236.555107 51745238.17562699 51745239.796147 0.0 0.0 1173.3096138269862 3.1338619211268424 0.0 0.0
354.0 51745239.796147 51745241.416667 51745243.037186995 0.0 0.0 1173.3096138269862 3.1338619211268424 0.0 0.0
355.0 51745243.037187 51745244.657707006 51745246.278227 0.0 0.0 1173.3096138269862 3.1338619211268424 0.0 0.0
356.0 51745246.278227 51745247.898747 51745249.519267 2.0 1.4142135623730951 1173.3096138269862 3.1338619211268424 0.6381902107802058 0.4512686257295556
357.0 51745249.519267 51745251.139787 51745252.760307 0.0 0.0 1173.3096138269862 3.1338619211268424 0.0 0.0
358.0 51745252.760307 51745254.380826995 51745256.001347 1.0 1.0 1173.3096138269862 3.1338619211268424 0.3190951053901029 0.3190951053901029
359.0 51745256.001347 51745257.621867 51745259.242387 1.0 1.0 1173.3096138269862 3.1338619211268424 0.3190951053901029 0.3190951053901029
360.0 51745259.242387 51745260.86290699 51745262.483426996 1.0 1.0 1173.3096138269862 3.1338619211268424 0.3190951053901029 0.3190951053901029
361.0 51745262.483427 51745264.103947 51745265.724467 0.0 0.0 1173.3096138269862 3.1338619211268424 0.0 0.0
362.0 51745265.724467 51745267.344987005 51745268.965507 1.0 1.0 1173.3096138269862 3.1338619211268424 0.3190951053901029 0.3190951053901029
363.0 51745268.965507 51745270.586027 51745272.206547 0.0 0.0 1173.3096138269862 3.1338619211268424 0.0 0.0
364.0 51745272.206547 51745273.827067 51745275.447587 0.0 0.0 1173.3096138269862 3.1338619211268424 0.0 0.0
365.0 51745275.447587 51745277.068106994 51745278.688627 0.0 0.0 1173.3096138269862 3.1338619211268424 0.0 0.0
366.0 51745278.688627 51745280.309147 51745281.929666996 0.0 0.0 1173.3096138269862 3.1338619211268424 0.0 0.0
367.0 51745281.929667 51745283.55018701 51745285.170707 1.0 1.0 1173.3096138269862 3.1338619211268424 0.3190951053901029 0.3190951053901029
368.0 51745285.170707 51745286.791227 51745288.411747 0.0 0.0 1173.3096138269862 3.1338619211268424 0.0 0.0
369.0 51745288.411747 51745290.032267004 51745291.652787 0.0 0.0 1173.3096138269862 3.1338619211268424 0.0 0.0
370.0 51745291.652787 51745293.273306996 51745294.893827 1.0 1.0 1173.3096138269862 3.1338619211268424 0.3190951053901029 0.3190951053901029
371.0 51745294.893827 51745296.514347 51745298.134867 0.0 0.0 1173.3096138269862 3.1338619211268424 0.0 0.0
372.0 51745298.134867 51745299.75538699 51745301.375907 0.0 0.0 1173.3096138269862 3.1338619211268424 0.0 0.0
373.0 51745301.375907 51745302.996427 51745304.616946995 0.0 0.0 1173.3096138269862 3.1338619211268424 0.0 0.0
374.0 51745304.616947 51745306.237467006 51745307.857987 0.0 0.0 1173.3096138269862 3.1338619211268424 0.0 0.0
375.0 51745307.857987 51745309.478507 51745311.099027 1.0 1.0 1173.3096138269862 3.1338619211268424 0.3190951053901029 0.3190951053901029
376.0 51745311.099027 51745312.719547 51745314.340067 1.0 1.0 1173.3096138269862 3.1338619211268424 0.3190951053901029 0.3190951053901029
377.0 51745314.340067 51745315.960586995 51745317.581107 0.0 0.0 1173.3096138269862 3.1338619211268424 0.0 0.0
378.0 51745317.581107 51745319.201627 51745320.822147 1.0 1.0 1173.3096138269862 3.1338619211268424 0.3190951053901029 0.3190951053901029
379.0 51745320.822147 51745322.44266699 51745324.063186996 0.0 0.0 1173.3096138269862 3.1338619211268424 0.0 0.0
380.0 51745324.063187 51745325.683707 51745327.304227 0.0 0.0 1173.3096138269862 3.1338619211268424 0.0 0.0
381.0 51745327.304227 51745328.924747005 51745330.545267 0.0 0.0 1173.3096138269862 3.1338619211268424 0.0 0.0
382.0 51745330.545267 51745332.165787 51745333.786307 0.0 0.0 1173.3096138269862 3.1338619211268424 0.0 0.0
383.0 51745333.786307 51745335.406827 51745337.027347 0.0 0.0 1173.3096138269862 3.1338619211268424 0.0 0.0
384.0 51745337.027347 51745338.647866994 51745340.268387 0.0 0.0 1173.3096138269862 3.1338619211268424 0.0 0.0
385.0 51745340.268387 51745341.888907 51745343.509426996 0.0 0.0 1173.3096138269862 3.1338619211268424 0.0 0.0
386.0 51745343.509426996 51745345.12994699 51745346.750466995 0.0 0.0 1173.3096138269862 3.1338619211268424 0.0 0.0
387.0 51745346.750467 51745348.370987 51745349.991507 0.0 0.0 1173.3096138269862 3.1338619211268424 0.0 0.0
388.0 51745349.991507 51745351.612027004 51745353.232547 0.0 0.0 1173.3096138269862 3.1338619211268424 0.0 0.0
389.0 51745353.232547 51745354.853066996 51745356.473587 0.0 0.0 1173.3096138269862 3.1338619211268424 0.0 0.0
390.0 51745356.473587 51745358.094107 51745359.714627 0.0 0.0 1173.3096138269862 3.1338619211268424 0.0 0.0
391.0 51745359.714627 51745361.33514699 51745362.955667 1.0 1.0 1173.3096138269862 3.1338619211268424 0.3190951053901029 0.3190951053901029
392.0 51745362.955667 51745364.576187 51745366.196706995 1.0 1.0 1173.3096138269862 3.1338619211268424 0.3190951053901029 0.3190951053901029
393.0 51745366.196707 51745367.817227006 51745369.437747 0.0 0.0 1173.3096138269862 3.1338619211268424 0.0 0.0
394.0 51745369.437747 51745371.058267 51745372.678787 0.0 0.0 1173.3096138269862 3.1338619211268424 0.0 0.0
395.0 51745372.678787 51745374.299307 51745375.919827 0.0 0.0 1173.3096138269862 3.1338619211268424 0.0 0.0
396.0 51745375.919827 51745377.540346995 51745379.160867 0.0 0.0 1173.3096138269862 3.1338619211268424 0.0 0.0
397.0 51745379.160867 51745380.781387 51745382.401907 0.0 0.0 1173.3096138269862 3.1338619211268424 0.0 0.0
398.0 51745382.401907 51745384.02242699 51745385.642946996 1.0 1.0 1173.3096138269862 3.1338619211268424 0.3190951053901029 0.3190951053901029
399.0 51745385.642947 51745387.263467 51745388.883987 0.0 0.0 1173.3096138269862 3.1338619211268424 0.0 0.0
400.0 51745388.883987 51745390.504507005 51745392.125027 0.0 0.0 1173.3096138269862 3.1338619211268424 0.0 0.0
401.0 51745392.125027 51745393.745547 51745395.366067 0.0 0.0 1173.3096138269862 3.1338619211268424 0.0 0.0
402.0 51745395.366067 51745396.986587 51745398.607107 0.0 0.0 1173.3096138269862 3.1338619211268424 0.0 0.0
403.0 51745398.607107 51745400.227626994 51745401.848147 1.0 1.0 1173.3096138269862 3.1338619211268424 0.3190951053901029 0.3190951053901029
404.0 51745401.848147 51745403.468667 51745405.089186996 1.0 1.0 1173.3096138269862 3.1338619211268424 0.3190951053901029 0.3190951053901029
405.0 51745405.089186996 51745406.70970699 51745408.330226995 0.0 0.0 1173.3096138269862 3.1338619211268424 0.0 0.0
406.0 51745408.330227 51745409.950747 51745411.571267 0.0 0.0 1173.3096138269862 3.1338619211268424 0.0 0.0
407.0 51745411.571267 51745413.191787004 51745414.812307 0.0 0.0 1173.3096138269862 3.1338619211268424 0.0 0.0
408.0 51745414.812307 51745416.432826996 51745418.053347 0.0 0.0 1173.3096138269862 3.1338619211268424 0.0 0.0
409.0 51745418.053347 51745419.673867 51745421.294387 1.0 1.0 1173.3096138269862 3.1338619211268424 0.3190951053901029 0.3190951053901029
410.0 51745421.294387 51745422.91490699 51745424.535427 0.0 0.0 1173.3096138269862 3.1338619211268424 0.0 0.0
411.0 51745424.535427 51745426.155947 51745427.776466995 1.0 1.0 1173.3096138269862 3.1338619211268424 0.3190951053901029 0.3190951053901029
412.0 51745427.776467 51745429.396987006 51745431.017507 0.0 0.0 1173.3096138269862 3.1338619211268424 0.0 0.0
413.0 51745431.017507 51745432.638027 51745434.258547 1.0 1.0 1173.3096138269862 3.1338619211268424 0.3190951053901029 0.3190951053901029
414.0 51745434.258547 51745435.879067004 51745437.499587 2.0 1.4142135623730951 1173.3096138269862 3.1338619211268424 0.6381902107802058 0.4512686257295556
415.0 51745437.499587 51745439.120106995 51745440.740627 0.0 0.0 1173.3096138269862 3.1338619211268424 0.0 0.0
416.0 51745440.740627 51745442.361147 51745443.981667 0.0 0.0 1173.3096138269862 3.1338619211268424 0.0 0.0
417.0 51745443.981667 51745445.60218699 51745447.222706996 2.0 1.4142135623730951 1173.3096138269862 3.1338619211268424 0.6381902107802058 0.4512686257295556
418.0 51745447.222707 51745448.843227 51745450.463747 0.0 0.0 1173.3096138269862 3.1338619211268424 0.0 0.0
419.0 51745450.463747 51745452.084267005 51745453.704787 0.0 0.0 1173.3096138269862 3.1338619211268424 0.0 0.0
420.0 51745453.704787 51745455.325307 51745456.945827 0.0 0.0 1173.3096138269862 3.1338619211268424 0.0 0.0
421.0 51745456.945827 51745458.566347 51745460.186867 0.0 0.0 1173.3096138269862 3.1338619211268424 0.0 0.0
422.0 51745460.186867 51745461.807386994 51745463.427907 2.0 1.4142135623730951 1173.3096138269862 3.1338619211268424 0.6381902107802058 0.4512686257295556
423.0 51745463.427907 51745465.048427 51745466.668947 2.0 1.4142135623730951 1173.3096138269862 3.1338619211268424 0.6381902107802058 0.4512686257295556
424.0 51745466.668947 51745468.28946699 51745469.909986995 1.0 1.0 1173.3096138269862 3.1338619211268424 0.3190951053901029 0.3190951053901029
425.0 51745469.909987 51745471.530507 51745473.151027 0.0 0.0 1173.3096138269862 3.1338619211268424 0.0 0.0
426.0 51745473.151027 51745474.771547005 51745476.392067 0.0 0.0 1173.3096138269862 3.1338619211268424 0.0 0.0
427.0 51745476.392067 51745478.012586996 51745479.633107 1.0 1.0 1173.3096138269862 3.1338619211268424 0.3190951053901029 0.3190951053901029
428.0 51745479.633107 51745481.253627 51745482.874147 0.0 0.0 1173.3096138269862 3.1338619211268424 0.0 0.0
429.0 51745482.874147 51745484.49466699 51745486.115187 2.0 1.4142135623730951 1173.3096138269862 3.1338619211268424 0.6381902107802058 0.4512686257295556
430.0 51745486.115187 51745487.735707 51745489.356226996 0.0 0.0 1173.3096138269862 3.1338619211268424 0.0 0.0
431.0 51745489.356227 51745490.976747006 51745492.597267 0.0 0.0 1173.3096138269862 3.1338619211268424 0.0 0.0
432.0 51745492.597267 51745494.217787 51745495.838307 0.0 0.0 1173.3096138269862 3.1338619211268424 0.0 0.0
433.0 51745495.838307 51745497.458827004 51745499.079347 1.0 1.0 1173.3096138269862 3.1338619211268424 0.3190951053901029 0.3190951053901029
434.0 51745499.079347 51745500.699866995 51745502.320387 1.0 1.0 1173.3096138269862 3.1338619211268424 0.3190951053901029 0.3190951053901029
435.0 51745502.320387 51745503.940907 51745505.561427 0.0 0.0 1173.3096138269862 3.1338619211268424 0.0 0.0
436.0 51745505.561427 51745507.18194699 51745508.802466996 0.0 0.0 1173.3096138269862 3.1338619211268424 0.0 0.0
437.0 51745508.802467 51745510.422987 51745512.043507 0.0 0.0 1173.3096138269862 3.1338619211268424 0.0 0.0
438.0 51745512.043507 51745513.664027005 51745515.284547 1.0 1.0 1173.3096138269862 3.1338619211268424 0.3190951053901029 0.3190951053901029
439.0 51745515.284547 51745516.905067 51745518.525587 1.0 1.0 1173.3096138269862 3.1338619211268424 0.3190951053901029 0.3190951053901029
440.0 51745518.525587 51745520.146107 51745521.766627 1.0 1.0 1173.3096138269862 3.1338619211268424 0.3190951053901029 0.3190951053901029
441.0 51745521.766627 51745523.387146994 51745525.007667 0.0 0.0 1173.3096138269862 3.1338619211268424 0.0 0.0
442.0 51745525.007667 51745526.628187 51745528.248707 0.0 0.0 1173.3096138269862 3.1338619211268424 0.0 0.0
443.0 51745528.248707 51745529.86922699 51745531.489746995 0.0 0.0 1173.3096138269862 3.1338619211268424 0.0 0.0
444.0 51745531.489747 51745533.110267 51745534.730787 1.0 1.0 1173.3096138269862 3.1338619211268424 0.3190951053901029 0.3190951053901029
445.0 51745534.730787 51745536.351307005 51745537.971827 0.0 0.0 1173.3096138269862 3.1338619211268424 0.0 0.0
446.0 51745537.971827 51745539.592346996 51745541.212867 0.0 0.0 1173.3096138269862 3.1338619211268424 0.0 0.0
447.0 51745541.212867 51745542.833387 51745544.453907 0.0 0.0 1173.3096138269862 3.1338619211268424 0.0 0.0
448.0 51745544.453907 51745546.074426994 51745547.694947 0.0 0.0 1173.3096138269862 3.1338619211268424 0.0 0.0
449.0 51745547.694947 51745549.315467 51745550.935986996 0.0 0.0 1173.3096138269862 3.1338619211268424 0.0 0.0
450.0 51745550.935987 51745552.55650701 51745554.177027 0.0 0.0 1173.3096138269862 3.1338619211268424 0.0 0.0
451.0 51745554.177027 51745555.797547 51745557.418067 0.0 0.0 1173.3096138269862 3.1338619211268424 0.0 0.0
452.0 51745557.418067 51745559.038587004 51745560.659107 0.0 0.0 1173.3096138269862 3.1338619211268424 0.0 0.0
453.0 51745560.659107 51745562.279626995 51745563.900147 0.0 0.0 1173.3096138269862 3.1338619211268424 0.0 0.0
454.0 51745563.900147 51745565.520667 51745567.141187 0.0 0.0 1173.3096138269862 3.1338619211268424 0.0 0.0
455.0 51745567.141187 51745568.76170699 51745570.382226996 0.0 0.0 1173.3096138269862 3.1338619211268424 0.0 0.0
456.0 51745570.382226996 51745572.002747 51745573.623266995 0.0 0.0 1173.3096138269862 3.1338619211268424 0.0 0.0
457.0 51745573.623267 51745575.243787006 51745576.864307 0.0 0.0 1173.3096138269862 3.1338619211268424 0.0 0.0
458.0 51745576.864307 51745578.484827 51745580.105347 1.0 1.0 1173.3096138269862 3.1338619211268424 0.3190951053901029 0.3190951053901029
459.0 51745580.105347 51745581.725867 51745583.346387 1.0 1.0 1173.3096138269862 3.1338619211268424 0.3190951053901029 0.3190951053901029
460.0 51745583.346387 51745584.966906995 51745586.587427 0.0 0.0 1173.3096138269862 3.1338619211268424 0.0 0.0
461.0 51745586.587427 51745588.207947 51745589.828467 0.0 0.0 1173.3096138269862 3.1338619211268424 0.0 0.0
462.0 51745589.828467 51745591.44898699 51745593.069506995 0.0 0.0 1173.3096138269862 3.1338619211268424 0.0 0.0
463.0 51745593.069507 51745594.690027 51745596.310547 0.0 0.0 1173.3096138269862 3.1338619211268424 0.0 0.0
464.0 51745596.310547 51745597.931067005 51745599.551587 0.0 0.0 1173.3096138269862 3.1338619211268424 0.0 0.0
465.0 51745599.551587 51745601.172106996 51745602.792627 1.0 1.0 1173.3096138269862 3.1338619211268424 0.3190951053901029 0.3190951053901029
466.0 51745602.792627 51745604.413147 51745606.033667 1.0 1.0 1173.3096138269862 3.1338619211268424 0.3190951053901029 0.3190951053901029
467.0 51745606.033667 51745607.654186994 51745609.274707 0.0 0.0 1173.3096138269862 3.1338619211268424 0.0 0.0
468.0 51745609.274707 51745610.895227 51745612.515746996 0.0 0.0 1173.3096138269862 3.1338619211268424 0.0 0.0
469.0 51745612.515747 51745614.13626701 51745615.756787 0.0 0.0 1173.3096138269862 3.1338619211268424 0.0 0.0
470.0 51745615.756787 51745617.377307 51745618.997827 0.0 0.0 1173.3096138269862 3.1338619211268424 0.0 0.0
471.0 51745618.997827 51745620.618347004 51745622.238867 2.0 1.4142135623730951 1173.3096138269862 3.1338619211268424 0.6381902107802058 0.4512686257295556
472.0 51745622.238867 51745623.859386995 51745625.479907 0.0 0.0 1173.3096138269862 3.1338619211268424 0.0 0.0
473.0 51745625.479907 51745627.100427 51745628.720947 1.0 1.0 1173.3096138269862 3.1338619211268424 0.3190951053901029 0.3190951053901029
474.0 51745628.720947 51745630.34146699 51745631.961986996 2.0 1.4142135623730951 1173.3096138269862 3.1338619211268424 0.6381902107802058 0.4512686257295556
475.0 51745631.961986996 51745633.582507 51745635.203026995 0.0 0.0 1173.3096138269862 3.1338619211268424 0.0 0.0
476.0 51745635.203027 51745636.823547006 51745638.444067 1.0 1.0 1173.3096138269862 3.1338619211268424 0.3190951053901029 0.3190951053901029
477.0 51745638.444067 51745640.064587 51745641.685107 0.0 0.0 1173.3096138269862 3.1338619211268424 0.0 0.0
478.0 51745641.685107 51745643.305627 51745644.926147 0.0 0.0 1173.3096138269862 3.1338619211268424 0.0 0.0
479.0 51745644.926147 51745646.546666995 51745648.167187 0.0 0.0 1173.3096138269862 3.1338619211268424 0.0 0.0
480.0 51745648.167187 51745649.787707 51745651.408227 0.0 0.0 1173.3096138269862 3.1338619211268424 0.0 0.0
481.0 51745651.408227 51745653.02874699 51745654.649266995 0.0 0.0 1173.3096138269862 3.1338619211268424 0.0 0.0
482.0 51745654.649267 51745656.269787 51745657.890307 0.0 0.0 1173.3096138269862 3.1338619211268424 0.0 0.0
483.0 51745657.890307 51745659.510827005 51745661.131347 1.0 1.0 1173.3096138269862 3.1338619211268424 0.3190951053901029 0.3190951053901029
484.0 51745661.131347 51745662.751867 51745664.372387 0.0 0.0 1173.3096138269862 3.1338619211268424 0.0 0.0
485.0 51745664.372387 51745665.992907 51745667.613427 0.0 0.0 1173.3096138269862 3.1338619211268424 0.0 0.0
486.0 51745667.613427 51745669.233946994 51745670.854467 0.0 0.0 1173.3096138269862 3.1338619211268424 0.0 0.0
487.0 51745670.854467 51745672.474987 51745674.095506996 0.0 0.0 1173.3096138269862 3.1338619211268424 0.0 0.0
488.0 51745674.095507 51745675.71602701 51745677.336547 1.0 1.0 1173.3096138269862 3.1338619211268424 0.3190951053901029 0.3190951053901029
489.0 51745677.336547 51745678.957067 51745680.577587 1.0 1.0 1173.3096138269862 3.1338619211268424 0.3190951053901029 0.3190951053901029
490.0 51745680.577587 51745682.198107004 51745683.818627 0.0 0.0 1173.3096138269862 3.1338619211268424 0.0 0.0
491.0 51745683.818627 51745685.439146996 51745687.059667 0.0 0.0 1173.3096138269862 3.1338619211268424 0.0 0.0
492.0 51745687.059667 51745688.680187 51745690.300707 0.0 0.0 1173.3096138269862 3.1338619211268424 0.0 0.0
493.0 51745690.300707 51745691.92122699 51745693.541747 1.0 1.0 1173.3096138269862 3.1338619211268424 0.3190951053901029 0.3190951053901029
494.0 51745693.541747 51745695.162267 51745696.782786995 0.0 0.0 1173.3096138269862 3.1338619211268424 0.0 0.0
495.0 51745696.782787 51745698.403307006 51745700.023827 0.0 0.0 1173.3096138269862 3.1338619211268424 0.0 0.0
496.0 51745700.023827 51745701.644347 51745703.264867 1.0 1.0 1173.3096138269862 3.1338619211268424 0.3190951053901029 0.3190951053901029
497.0 51745703.264867 51745704.885387 51745706.505907 1.0 1.0 1173.3096138269862 3.1338619211268424 0.3190951053901029 0.3190951053901029
498.0 51745706.505907 51745708.126426995 51745709.746947 0.0 0.0 1173.3096138269862 3.1338619211268424 0.0 0.0
499.0 51745709.746947 51745711.367467 51745712.987987 1.0 1.0 1173.3096138269862 3.1338619211268424 0.3190951053901029 0.3190951053901029
500.0 51745712.987987 51745714.60850699 51745716.229026996 0.0 0.0 1173.3096138269862 3.1338619211268424 0.0 0.0
501.0 51745716.229027 51745717.849547 51745719.470067 1.0 1.0 1173.3096138269862 3.1338619211268424 0.3190951053901029 0.3190951053901029
502.0 51745719.470067 51745721.090587005 51745722.711107 0.0 0.0 1173.3096138269862 3.1338619211268424 0.0 0.0
503.0 51745722.711107 51745724.331627 51745725.952147 0.0 0.0 1173.3096138269862 3.1338619211268424 0.0 0.0
504.0 51745725.952147 51745727.572667 51745729.193187 0.0 0.0 1173.3096138269862 3.1338619211268424 0.0 0.0
505.0 51745729.193187 51745730.813706994 51745732.434227 1.0 1.0 1173.3096138269862 3.1338619211268424 0.3190951053901029 0.3190951053901029
506.0 51745732.434227 51745734.054747 51745735.675266996 0.0 0.0 1173.3096138269862 3.1338619211268424 0.0 0.0
507.0 51745735.675267 51745737.29578701 51745738.916307 0.0 0.0 1173.3096138269862 3.1338619211268424 0.0 0.0
508.0 51745738.916307 51745740.536827 51745742.157347 0.0 0.0 1173.3096138269862 3.1338619211268424 0.0 0.0
509.0 51745742.157347 51745743.777867004 51745745.398387 1.0 1.0 1173.3096138269862 3.1338619211268424 0.3190951053901029 0.3190951053901029
510.0 51745745.398387 51745747.018906996 51745748.639427 0.0 0.0 1173.3096138269862 3.1338619211268424 0.0 0.0
511.0 51745748.639427 51745750.259947 51745751.880467 1.0 1.0 1173.3096138269862 3.1338619211268424 0.3190951053901029 0.3190951053901029
512.0 51745751.880467 51745753.50098699 51745755.121507 0.0 0.0 1173.3096138269862 3.1338619211268424 0.0 0.0
513.0 51745755.121507 51745756.742027 51745758.362546995 0.0 0.0 1173.3096138269862 3.1338619211268424 0.0 0.0
514.0 51745758.362547 51745759.983067006 51745761.603587 0.0 0.0 1173.3096138269862 3.1338619211268424 0.0 0.0
515.0 51745761.603587 51745763.224107 51745764.844627 0.0 0.0 1173.3096138269862 3.1338619211268424 0.0 0.0
516.0 51745764.844627 51745766.465147 51745768.085667 1.0 1.0 1173.3096138269862 2.908920038947527 0.34377019189630553 0.34377019189630553
517.0 51745768.085667 51745769.706186995 51745771.326707 0.0 0.0 1173.3096138269862 0.0 0.0 0.0
518.0 51745771.326707 51745772.947227 51745774.567747 0.0 0.0 1173.3096138269862 0.0 0.0 0.0
519.0 51745774.567747 51745776.18826699 51745777.808786996 0.0 0.0 1173.3096138269862 0.0 0.0 0.0
520.0 51745777.808787 51745779.429307 51745781.049827 0.0 0.0 1173.3096138269862 0.0 0.0 0.0
521.0 51745781.049827 51745782.670347005 51745784.290867 0.0 0.0 1173.3096138269862 0.0 0.0 0.0
522.0 51745784.290867 51745785.911387 51745787.531907 0.0 0.0 1173.3096138269862 0.0 0.0 0.0
523.0 51745787.531907 51745789.152427 51745790.772947 0.0 0.0 1173.3096138269862 0.0 0.0 0.0
524.0 51745790.772947 51745792.393466994 51745794.013987 0.0 0.0 1173.3096138269862 0.0 0.0 0.0
525.0 51745794.013987 51745795.634507 51745797.255026996 0.0 0.0 1173.3096138269862 0.0 0.0 0.0
526.0 51745797.255026996 51745798.87554699 51745800.496066995 0.0 0.0 1173.3096138269862 0.0 0.0 0.0
527.0 51745800.496067 51745802.116587 51745803.737107 0.0 0.0 1173.3096138269862 0.0 0.0 0.0
528.0 51745803.737107 51745805.357627004 51745806.978147 0.0 0.0 1173.3096138269862 0.0 0.0 0.0
529.0 51745806.978147 51745808.598666996 51745810.219187 0.0 0.0 1173.3096138269862 0.0 0.0 0.0
530.0 51745810.219187 51745811.839707 51745813.460227 0.0 0.0 1173.3096138269862 0.0 0.0 0.0
531.0 51745813.460227 51745815.08074699 51745816.701267 0.0 0.0 1173.3096138269862 0.0 0.0 0.0
532.0 51745816.701267 51745818.321787 51745819.942306995 0.0 0.0 1173.3096138269862 0.0 0.0 0.0
533.0 51745819.942307 51745821.562827006 51745823.183347 0.0 0.0 1173.3096138269862 0.0 0.0 0.0
534.0 51745823.183347 51745824.803867 51745826.424387 0.0 0.0 1173.3096138269862 0.0 0.0 0.0
535.0 51745826.424387 51745828.044907 51745829.665427 0.0 0.0 1173.3096138269862 0.0 0.0 0.0
536.0 51745829.665427 51745831.285946995 51745832.906467 0.0 0.0 1173.3096138269862 0.0 0.0 0.0
537.0 51745832.906467 51745834.526987 51745836.147507 0.0 0.0 1173.3096138269862 0.0 0.0 0.0
538.0 51745836.147507 51745837.76802699 51745839.388546996 0.0 0.0 1173.3096138269862 0.0 0.0 0.0
539.0 51745839.388547 51745841.009067 51745842.629587 0.0 0.0 1173.3096138269862 0.0 0.0 0.0
540.0 51745842.629587 51745844.250107005 51745845.870627 0.0 0.0 1173.3096138269862 0.0 0.0 0.0
541.0 51745845.870627 51745847.491147 51745849.111667 0.0 0.0 1173.3096138269862 0.0 0.0 0.0
542.0 51745849.111667 51745850.732187 51745852.352707 0.0 0.0 1173.3096138269862 0.0 0.0 0.0
543.0 51745852.352707 51745853.973226994 51745855.593747 0.0 0.0 1173.3096138269862 0.0 0.0 0.0
544.0 51745855.593747 51745857.214267 51745858.834786996 0.0 0.0 1173.3096138269862 0.0 0.0 0.0
545.0 51745858.834786996 51745860.45530699 51745862.075826995 0.0 0.0 1173.3096138269862 0.0 0.0 0.0
546.0 51745862.075827 51745863.696347 51745865.316867 0.0 0.0 1173.3096138269862 0.0 0.0 0.0
547.0 51745865.316867 51745866.937387004 51745868.557907 0.0 0.0 1173.3096138269862 0.0 0.0 0.0
548.0 51745868.557907 51745870.178426996 51745871.798947 0.0 0.0 1173.3096138269862 0.0 0.0 0.0
549.0 51745871.798947 51745873.419467 51745875.039987 0.0 0.0 1173.3096138269862 0.0 0.0 0.0
550.0 51745875.039987 51745876.66050699 51745878.281027 0.0 0.0 1173.3096138269862 0.0 0.0 0.0
551.0 51745878.281027 51745879.901547 51745881.522066996 0.0 0.0 1173.3096138269862 0.0 0.0 0.0
552.0 51745881.522067 51745883.142587006 51745884.763107 0.0 0.0 1173.3096138269862 0.0 0.0 0.0
553.0 51745884.763107 51745886.383627 51745888.004147 0.0 0.0 1173.3096138269862 0.0 0.0 0.0
554.0 51745888.004147 51745889.624667004 51745891.245187 0.0 0.0 1173.3096138269862 0.0 0.0 0.0
555.0 51745891.245187 51745892.865706995 51745894.486227 0.0 0.0 1173.3096138269862 0.0 0.0 0.0
556.0 51745894.486227 51745896.106747 51745897.727267 0.0 0.0 1173.3096138269862 0.0 0.0 0.0
