TIME_BIN TIME_MIN TIME TIME_MAX COUNTS STAT_ERR AREA EXPOSURE COUNT_RATE COUNT_RATE_ERR
1.0 51738496.133825 51738497.754345 51738499.374864995 0.0 0.0 16090.387343911398 0.0 0.0 0.0
2.0 51738499.374864995 51738500.99538499 51738502.615904994 0.0 0.0 16090.387343911398 0.0 0.0 0.0
3.0 51738502.615904994 51738504.236425 51738505.85694499 0.0 0.0 16090.387343911398 0.0 0.0 0.0
4.0 51738505.85694499 51738507.47746499 51738509.09798499 0.0 0.0 16090.387343911398 0.0 0.0 0.0
5.0 51738509.097985 51738510.718504995 51738512.339025 0.0 0.0 16090.387343911398 0.0 0.0 0.0
6.0 51738512.339025 51738513.959545 51738515.580065 0.0 0.0 16090.387343911398 0.0 0.0 0.0
7.0 51738515.580065 51738517.20058499 51738518.821104996 0.0 0.0 16090.387343911398 0.0 0.0 0.0
8.0 51738518.821104996 51738520.441625 51738522.062144995 0.0 0.0 16090.387343911398 0.0 0.0 0.0
9.0 51738522.062144995 51738523.68266499 51738525.30318499 0.0 0.0 16090.387343911398 0.0 0.0 0.0
10.0 51738525.30318499 51738526.923705 51738528.54422499 0.0 0.0 16090.387343911398 0.0 0.0 0.0
11.0 51738528.544225 51738530.164745 51738531.785265 0.0 0.0 16090.387343911398 0.0 0.0 0.0
12.0 51738531.785265 51738533.405784994 51738535.026305 0.0 0.0 16090.387343911398 0.0 0.0 0.0
13.0 51738535.026305 51738536.646825 51738538.267345 0.0 0.0 16090.387343911398 0.0 0.0 0.0
14.0 51738538.267345 51738539.88786499 51738541.508384995 0.0 0.0 16090.387343911398 0.0 0.0 0.0
15.0 51738541.508384995 51738543.128905 51738544.749424994 0.0 0.0 16090.387343911398 0.0 0.0 0.0
16.0 51738544.749424994 51738546.36994499 51738547.99046499 0.0 0.0 16090.387343911398 0.0 0.0 0.0
17.0 51738547.990465 51738549.610984996 51738551.231505 0.0 0.0 16090.387343911398 0.0 0.0 0.0
18.0 51738551.231505 51738552.852025 51738554.472545 0.0 0.0 16090.387343911398 0.0 0.0 0.0
19.0 51738554.472545 51738556.09306499 51738557.713585 0.0 0.0 16090.387343911398 0.0 0.0 0.0
20.0 51738557.713585 51738559.334105 51738560.954624996 0.0 0.0 16090.387343911398 0.0 0.0 0.0
21.0 51738560.954624996 51738562.57514499 51738564.195664994 0.0 0.0 16090.387343911398 0.0 0.0 0.0
22.0 51738564.195664994 51738565.816185 51738567.43670499 0.0 0.0 16090.387343911398 0.0 0.0 0.0
23.0 51738567.43670499 51738569.05722499 51738570.67774499 0.0 0.0 16090.387343911398 0.0 0.0 0.0
24.0 51738570.677745 51738572.298264995 51738573.918785 0.0 0.0 16090.387343911398 0.0 0.0 0.0
25.0 51738573.918785 51738575.539305 51738577.159825 0.0 0.0 16090.387343911398 0.0 0.0 0.0
26.0 51738577.159825 51738578.78034499 51738580.400864996 0.0 0.0 16090.387343911398 0.0 0.0 0.0
27.0 51738580.400864996 51738582.021385 51738583.641904995 0.0 0.0 16090.387343911398 0.0 0.0 0.0
28.0 51738583.641904995 51738585.26242499 51738586.88294499 0.0 0.0 16090.387343911398 0.0 0.0 0.0
29.0 51738586.88294499 51738588.503465 51738590.12398499 0.0 0.0 16090.387343911398 0.0 0.0 0.0
30.0 51738590.123985 51738591.744505 51738593.365025 0.0 0.0 16090.387343911398 0.0 0.0 0.0
31.0 51738593.365025 51738594.985544994 51738596.606065 0.0 0.0 16090.387343911398 0.0 0.0 0.0
32.0 51738596.606065 51738598.226585 51738599.847105 0.0 0.0 16090.387343911398 0.0 0.0 0.0
33.0 51738599.847105 51738601.46762499 51738603.088144995 0.0 0.0 16090.387343911398 0.0 0.0 0.0
34.0 51738603.088144995 51738604.708665 51738606.329184994 0.0 0.0 16090.387343911398 0.0 0.0 0.0
35.0 51738606.329184994 51738607.94970499 51738609.57022499 0.0 0.0 16090.387343911398 0.0 0.0 0.0
36.0 51738609.57022499 51738611.190744996 51738612.81126499 0.0 0.0 16090.387343911398 0.0 0.0 0.0
37.0 51738612.811265 51738614.431785 51738616.052305 0.0 0.0 16090.387343911398 0.0 0.0 0.0
38.0 51738616.052305 51738617.672824994 51738619.293345 0.0 0.0 16090.387343911398 0.0 0.0 0.0
39.0 51738619.293345 51738620.913865 51738622.534384996 0.0 0.0 16090.387343911398 0.0 0.0 0.0
40.0 51738622.534384996 51738624.15490499 51738625.775424995 0.0 0.0 16090.387343911398 0.0 0.0 0.0
41.0 51738625.775424995 51738627.395945 51738629.01646499 0.0 0.0 16090.387343911398 0.0 0.0 0.0
42.0 51738629.01646499 51738630.63698499 51738632.25750499 0.0 0.0 16090.387343911398 0.0 0.0 0.0
43.0 51738632.257505 51738633.878024995 51738635.498545 0.0 0.0 16090.387343911398 0.0 0.0 0.0
44.0 51738635.498545 51738637.119065 51738638.739585 0.0 0.0 16090.387343911398 0.0 0.0 0.0
45.0 51738638.739585 51738640.36010499 51738641.980624996 0.0 0.0 16090.387343911398 0.0 0.0 0.0
46.0 51738641.980624996 51738643.601145 51738645.221664995 0.0 0.0 16090.387343911398 0.0 0.0 0.0
47.0 51738645.221664995 51738646.84218499 51738648.462704994 0.0 0.0 16090.387343911398 0.0 0.0 0.0
48.0 51738648.462704994 51738650.083225 51738651.70374499 0.0 0.0 16090.387343911398 0.0 0.0 0.0
49.0 51738651.703745 51738653.324265 51738654.944785 0.0 0.0 16090.387343911398 0.0 0.0 0.0
50.0 51738654.944785 51738656.565304995 51738658.185825 0.0 0.0 16090.387343911398 0.0 0.0 0.0
51.0 51738658.185825 51738659.806345 51738661.426865 0.0 0.0 16090.387343911398 0.0 0.0 0.0
52.0 51738661.426865 51738663.04738499 51738664.667904995 0.0 0.0 16090.387343911398 0.0 0.0 0.0
53.0 51738664.667904995 51738666.288425 51738667.908944994 0.0 0.0 16090.387343911398 0.0 0.0 0.0
54.0 51738667.908944994 51738669.52946499 51738671.14998499 0.0 0.0 16090.387343911398 0.0 0.0 0.0
55.0 51738671.14998499 51738672.770504996 51738674.39102499 0.0 0.0 16090.387343911398 0.0 0.0 0.0
56.0 51738674.391025 51738676.011545 51738677.632065 0.0 0.0 16090.387343911398 0.0 0.0 0.0
57.0 51738677.632065 51738679.252584994 51738680.873105 0.0 0.0 16090.387343911398 0.0 0.0 0.0
58.0 51738680.873105 51738682.493625 51738684.114144996 0.0 0.0 16090.387343911398 0.0 0.0 0.0
59.0 51738684.114144996 51738685.73466499 51738687.355184995 0.0 0.0 16090.387343911398 0.0 0.0 0.0
60.0 51738687.355184995 51738688.975705 51738690.59622499 0.0 0.0 16090.387343911398 0.0 0.0 0.0
61.0 51738690.59622499 51738692.21674499 51738693.83726499 0.0 0.0 16090.387343911398 0.0 0.0 0.0
62.0 51738693.837265 51738695.457784995 51738697.078305 0.0 0.0 16090.387343911398 0.0 0.0 0.0
63.0 51738697.078305 51738698.698825 51738700.319345 0.0 0.0 16090.387343911398 0.0 0.0 0.0
64.0 51738700.319345 51738701.93986499 51738703.560384996 0.0 0.0 16090.387343911398 0.0 0.0 0.0
65.0 51738703.560384996 51738705.180905 51738706.801424995 0.0 0.0 16090.387343911398 0.0 0.0 0.0
66.0 51738706.801424995 51738708.42194499 51738710.042464994 0.0 0.0 16090.387343911398 0.0 0.0 0.0
67.0 51738710.042464994 51738711.662985 51738713.28350499 0.0 0.0 16090.387343911398 0.0 0.0 0.0
68.0 51738713.283505 51738714.904025 51738716.524545 0.0 0.0 16090.387343911398 0.0 0.0 0.0
69.0 51738716.524545 51738718.145064995 51738719.765585 0.0 0.0 16090.387343911398 0.0 0.0 0.0
70.0 51738719.765585 51738721.386105 51738723.006625 0.0 0.0 16090.387343911398 0.0 0.0 0.0
71.0 51738723.006625 51738724.62714499 51738726.247664995 0.0 0.0 16090.387343911398 0.0 0.0 0.0
72.0 51738726.247664995 51738727.868185 51738729.488704994 0.0 0.0 16090.387343911398 0.0 0.0 0.0
73.0 51738729.488704994 51738731.10922499 51738732.72974499 0.0 0.0 16090.387343911398 0.0 0.0 0.0
74.0 51738732.72974499 51738734.350265 51738735.97078499 0.0 0.0 16090.387343911398 0.0 0.0 0.0
75.0 51738735.970785 51738737.591305 51738739.211825 0.0 0.0 16090.387343911398 0.0 0.0 0.0
76.0 51738739.211825 51738740.832344994 51738742.452865 0.0 0.0 16090.387343911398 0.0 0.0 0.0
77.0 51738742.452865 51738744.073385 51738745.693904996 0.0 0.0 16090.387343911398 0.0 0.0 0.0
78.0 51738745.693904996 51738747.31442499 51738748.934944995 0.0 0.0 16090.387343911398 0.0 0.0 0.0
79.0 51738748.934944995 51738750.555465 51738752.17598499 0.0 0.0 16090.387343911398 0.0 0.0 0.0
80.0 51738752.17598499 51738753.79650499 51738755.41702499 0.0 0.0 16090.387343911398 0.0 0.0 0.0
81.0 51738755.417025 51738757.037544996 51738758.658065 0.0 0.0 16090.387343911398 0.0 0.0 0.0
82.0 51738758.658065 51738760.278585 51738761.899105 0.0 0.0 16090.387343911398 0.0 0.0 0.0
83.0 51738761.899105 51738763.51962499 51738765.140145 0.0 0.0 16090.387343911398 0.0 0.0 0.0
84.0 51738765.140145 51738766.760665 51738768.381184995 0.0 0.0 16090.387343911398 0.0 0.0 0.0
85.0 51738768.381184995 51738770.00170499 51738771.622224994 0.0 0.0 16090.387343911398 0.0 0.0 0.0
86.0 51738771.622224994 51738773.242745 51738774.86326499 0.0 0.0 16090.387343911398 0.0 0.0 0.0
87.0 51738774.863265 51738776.483785 51738778.104305 0.0 0.0 16090.387343911398 0.0 0.0 0.0
88.0 51738778.104305 51738779.724824995 51738781.345345 0.0 0.0 16090.387343911398 0.0 0.0 0.0
89.0 51738781.345345 51738782.965865 51738784.586385 0.0 0.0 16090.387343911398 0.0 0.0 0.0
90.0 51738784.586385 51738786.20690499 51738787.827424996 0.0 0.0 16090.387343911398 0.0 0.0 0.0
91.0 51738787.827424996 51738789.447945 51738791.068464994 0.0 0.0 16090.387343911398 0.0 0.0 0.0
92.0 51738791.068464994 51738792.68898499 51738794.30950499 0.0 0.0 16090.387343911398 0.0 0.0 0.0
93.0 51738794.30950499 51738795.930025 51738797.55054499 0.0 0.0 16090.387343911398 0.0 0.0 0.0
94.0 51738797.550545 51738799.171065 51738800.791585 0.0 0.0 16090.387343911398 0.0 0.0 0.0
95.0 51738800.791585 51738802.412104994 51738804.032625 0.0 0.0 16090.387343911398 0.0 0.0 0.0
96.0 51738804.032625 51738805.653145 51738807.273664996 0.0 0.0 16090.387343911398 0.0 0.0 0.0
97.0 51738807.273664996 51738808.89418499 51738810.514704995 0.0 0.0 16090.387343911398 0.0 0.0 0.0
98.0 51738810.514704995 51738812.135225 51738813.75574499 0.0 0.0 16090.387343911398 0.0 0.0 0.0
99.0 51738813.75574499 51738815.37626499 51738816.99678499 0.0 0.0 16090.387343911398 0.0 0.0 0.0
100.0 51738816.996785 51738818.617304996 51738820.237825 0.0 0.0 16090.387343911398 0.0 0.0 0.0
101.0 51738820.237825 51738821.858345 51738823.478865 0.0 0.0 16090.387343911398 0.0 0.0 0.0
102.0 51738823.478865 51738825.09938499 51738826.719905 0.0 0.0 16090.387343911398 0.0 0.0 0.0
103.0 51738826.719905 51738828.340425 51738829.960944995 0.0 0.0 16090.387343911398 0.0 0.0 0.0
104.0 51738829.960944995 51738831.58146499 51738833.201984994 0.0 0.0 16090.387343911398 0.0 0.0 0.0
105.0 51738833.201984994 51738834.822505 51738836.44302499 0.0 0.0 16090.387343911398 0.0 0.0 0.0
106.0 51738836.44302499 51738838.06354499 51738839.68406499 0.0 0.0 16090.387343911398 0.0 0.0 0.0
107.0 51738839.684065 51738841.304584995 51738842.925105 0.0 0.0 16090.387343911398 0.0 0.0 0.0
108.0 51738842.925105 51738844.545625 51738846.166145 0.0 0.0 16090.387343911398 0.0 0.0 0.0
109.0 51738846.166145 51738847.78666499 51738849.407184996 0.0 0.0 16090.387343911398 0.0 0.0 0.0
110.0 51738849.407184996 51738851.027705 51738852.648224995 0.0 0.0 16090.387343911398 0.0 0.0 0.0
111.0 51738852.648224995 51738854.26874499 51738855.88926499 0.0 0.0 16090.387343911398 0.0 0.0 0.0
112.0 51738855.88926499 51738857.509785 51738859.13030499 0.0 0.0 16090.387343911398 0.0 0.0 0.0
113.0 51738859.130305 51738860.750825 51738862.371345 0.0 0.0 16090.387343911398 0.0 0.0 0.0
114.0 51738862.371345 51738863.991864994 51738865.612385 0.0 0.0 16090.387343911398 0.0 0.0 0.0
115.0 51738865.612385 51738867.232905 51738868.853424996 0.0 0.0 16090.387343911398 0.0 0.0 0.0
116.0 51738868.853424996 51738870.47394499 51738872.094464995 0.0 0.0 16090.387343911398 0.0 0.0 0.0
117.0 51738872.094464995 51738873.714985 51738875.335504994 0.0 0.0 16090.387343911398 0.0 0.0 0.0
118.0 51738875.335504994 51738876.95602499 51738878.57654499 0.0 0.0 16090.387343911398 0.0 0.0 0.0
119.0 51738878.576545 51738880.197064996 51738881.817585 0.0 0.0 16090.387343911398 0.0 0.0 0.0
120.0 51738881.817585 51738883.438105 51738885.058625 0.0 0.0 16090.387343911398 0.0 0.0 0.0
121.0 51738885.058625 51738886.67914499 51738888.299665 0.0 0.0 16090.387343911398 0.0 0.0 0.0
122.0 51738888.299665 51738889.920185 51738891.540704995 0.0 0.0 16090.387343911398 0.0 0.0 0.0
123.0 51738891.540704995 51738893.16122499 51738894.781744994 0.0 0.0 16090.387343911398 0.0 0.0 0.0
124.0 51738894.781744994 51738896.402265 51738898.02278499 0.0 0.0 16090.387343911398 0.0 0.0 0.0
125.0 51738898.02278499 51738899.64330499 51738901.26382499 0.0 0.0 16090.387343911398 0.0 0.0 0.0
126.0 51738901.263825 51738902.884344995 51738904.504865 0.0 0.0 16090.387343911398 0.0 0.0 0.0
127.0 51738904.504865 51738906.125385 51738907.745905 0.0 0.0 16090.387343911398 0.0 0.0 0.0
128.0 51738907.745905 51738909.36642499 51738910.986944996 0.0 0.0 16090.387343911398 0.0 0.0 0.0
129.0 51738910.986944996 51738912.607465 51738914.227984995 0.0 0.0 16090.387343911398 0.0 0.0 0.0
130.0 51738914.227984995 51738915.84850499 51738917.46902499 0.0 0.0 16090.387343911398 0.0 0.0 0.0
131.0 51738917.46902499 51738919.089545 51738920.71006499 0.0 0.0 16090.387343911398 0.0 0.0 0.0
132.0 51738920.710065 51738922.330585 51738923.951105 0.0 0.0 16090.387343911398 0.0 0.0 0.0
133.0 51738923.951105 51738925.571624994 51738927.192145 0.0 0.0 16090.387343911398 0.0 0.0 0.0
134.0 51738927.192145 51738928.812665 51738930.433184996 0.0 0.0 16090.387343911398 0.0 0.0 0.0
135.0 51738930.433184996 51738932.05370499 51738933.674224995 0.0 0.0 16090.387343911398 0.0 0.0 0.0
136.0 51738933.674224995 51738935.294745 51738936.915264994 0.0 0.0 16090.387343911398 0.0 0.0 0.0
137.0 51738936.915264994 51738938.53578499 51738940.15630499 0.0 0.0 16090.387343911398 0.0 0.0 0.0
138.0 51738940.156305 51738941.776824996 51738943.397345 0.0 0.0 16090.387343911398 0.0 0.0 0.0
139.0 51738943.397345 51738945.017865 51738946.638385 0.0 0.0 16090.387343911398 0.0 0.0 0.0
140.0 51738946.638385 51738948.25890499 51738949.879425 0.0 0.0 16090.387343911398 0.0 0.0 0.0
141.0 51738949.879425 51738951.499945 51738953.120464996 0.0 0.0 16090.387343911398 0.0 0.0 0.0
142.0 51738953.120464996 51738954.74098499 51738956.361504994 0.0 0.0 16090.387343911398 0.0 0.0 0.0
143.0 51738956.361504994 51738957.982025 51738959.60254499 0.0 0.0 16090.387343911398 0.0 0.0 0.0
144.0 51738959.60254499 51738961.22306499 51738962.84358499 0.0 0.0 16090.387343911398 0.0 0.0 0.0
145.0 51738962.843585 51738964.464104995 51738966.084625 0.0 0.0 16090.387343911398 0.0 0.0 0.0
146.0 51738966.084625 51738967.705145 51738969.325665 0.0 0.0 16090.387343911398 0.0 0.0 0.0
147.0 51738969.325665 51738970.94618499 51738972.566704996 0.0 0.0 16090.387343911398 0.0 0.0 0.0
148.0 51738972.566704996 51738974.187225 51738975.807744995 0.0 0.0 16090.387343911398 0.0 0.0 0.0
149.0 51738975.807744995 51738977.42826499 51738979.04878499 0.0 0.0 16090.387343911398 0.0 0.0 0.0
150.0 51738979.04878499 51738980.669305 51738982.28982499 0.0 0.0 16090.387343911398 0.0 0.0 0.0
151.0 51738982.289825 51738983.910345 51738985.530865 0.0 0.0 16090.387343911398 0.0 0.0 0.0
152.0 51738985.530865 51738987.151384994 51738988.771905 0.0 0.0 16090.387343911398 0.0 0.0 0.0
153.0 51738988.771905 51738990.392425 51738992.012945 0.0 0.0 16090.387343911398 0.0 0.0 0.0
154.0 51738992.012945 51738993.63346499 51738995.253984995 0.0 0.0 16090.387343911398 0.0 0.0 0.0
155.0 51738995.253984995 51738996.874505 51738998.495024994 0.0 0.0 16090.387343911398 0.0 0.0 0.0
156.0 51738998.495024994 51739000.11554499 51739001.73606499 0.0 0.0 16090.387343911398 0.0 0.0 0.0
157.0 51739001.736065 51739003.356584996 51739004.977105 0.0 0.0 16090.387343911398 0.0 0.0 0.0
158.0 51739004.977105 51739006.597625 51739008.218145 0.0 0.0 16090.387343911398 0.0 0.0 0.0
159.0 51739008.218145 51739009.83866499 51739011.459185 0.0 0.0 16090.387343911398 0.0 0.0 0.0
160.0 51739011.459185 51739013.079705 51739014.700224996 0.0 0.0 16090.387343911398 0.0 0.0 0.0
161.0 51739014.700224996 51739016.32074499 51739017.941264994 0.0 0.0 16090.387343911398 0.0 0.0 0.0
162.0 51739017.941264994 51739019.561785 51739021.18230499 0.0 0.0 16090.387343911398 0.0 0.0 0.0
163.0 51739021.18230499 51739022.80282499 51739024.42334499 0.0 0.0 16090.387343911398 0.0 0.0 0.0
164.0 51739024.423345 51739026.043864995 51739027.664385 0.0 0.0 16090.387343911398 0.0 0.0 0.0
165.0 51739027.664385 51739029.284905 51739030.905425 0.0 0.0 16090.387343911398 0.0 0.0 0.0
166.0 51739030.905425 51739032.52594499 51739034.146464996 0.0 0.0 16090.387343911398 0.0 0.0 0.0
167.0 51739034.146464996 51739035.766985 51739037.387504995 0.0 0.0 16090.387343911398 0.0 0.0 0.0
168.0 51739037.387504995 51739039.00802499 51739040.62854499 0.0 0.0 16090.387343911398 0.0 0.0 0.0
169.0 51739040.62854499 51739042.249065 51739043.86958499 0.0 0.0 16090.387343911398 0.0 0.0 0.0
170.0 51739043.869585 51739045.490105 51739047.110625 0.0 0.0 16090.387343911398 0.0 0.0 0.0
171.0 51739047.110625 51739048.731144994 51739050.351665 0.0 0.0 16090.387343911398 0.0 0.0 0.0
172.0 51739050.351665 51739051.972185 51739053.592705 0.0 0.0 16090.387343911398 0.0 0.0 0.0
173.0 51739053.592705 51739055.21322499 51739056.833744995 0.0 0.0 16090.387343911398 0.0 0.0 0.0
174.0 51739056.833744995 51739058.454265 51739060.074784994 0.0 0.0 16090.387343911398 0.0 0.0 0.0
175.0 51739060.074784994 51739061.69530499 51739063.31582499 0.0 0.0 16090.387343911398 0.0 0.0 0.0
176.0 51739063.31582499 51739064.936344996 51739066.55686499 0.0 0.0 16090.387343911398 0.0 0.0 0.0
177.0 51739066.556865 51739068.177385 51739069.797905 0.0 0.0 16090.387343911398 0.0 0.0 0.0
178.0 51739069.797905 51739071.418424994 51739073.038945 0.0 0.0 16090.387343911398 0.0 0.0 0.0
179.0 51739073.038945 51739074.659465 51739076.279984996 0.0 0.0 16090.387343911398 0.0 0.0 0.0
180.0 51739076.279984996 51739077.90050499 51739079.521024995 0.0 0.0 16090.387343911398 0.0 0.0 0.0
181.0 51739079.521024995 51739081.141545 51739082.76206499 0.0 0.0 16090.387343911398 0.0 0.0 0.0
182.0 51739082.76206499 51739084.38258499 51739086.00310499 0.0 0.0 16090.387343911398 0.0 0.0 0.0
183.0 51739086.003105 51739087.623624995 51739089.244145 0.0 0.0 16090.387343911398 0.0 0.0 0.0
184.0 51739089.244145 51739090.864665 51739092.485185 0.0 0.0 16090.387343911398 0.0 0.0 0.0
185.0 51739092.485185 51739094.10570499 51739095.726224996 0.0 0.0 16090.387343911398 0.0 0.0 0.0
186.0 51739095.726224996 51739097.346745 51739098.967264995 0.0 0.0 16090.387343911398 0.0 0.0 0.0
187.0 51739098.967264995 51739100.58778499 51739102.208304994 0.0 0.0 16090.387343911398 0.0 0.0 0.0
188.0 51739102.208304994 51739103.828825 51739105.44934499 0.0 0.0 16090.387343911398 0.0 0.0 0.0
189.0 51739105.449345 51739107.069865 51739108.690385 0.0 0.0 16090.387343911398 0.0 0.0 0.0
190.0 51739108.690385 51739110.310904995 51739111.931425 0.0 0.0 16090.387343911398 0.0 0.0 0.0
191.0 51739111.931425 51739113.551945 51739115.172465 0.0 0.0 16090.387343911398 0.0 0.0 0.0
192.0 51739115.172465 51739116.79298499 51739118.413504995 0.0 0.0 16090.387343911398 0.0 0.0 0.0
193.0 51739118.413504995 51739120.034025 51739121.654544994 0.0 0.0 16090.387343911398 0.0 0.0 0.0
194.0 51739121.654544994 51739123.27506499 51739124.89558499 0.0 0.0 16090.387343911398 0.0 0.0 0.0
195.0 51739124.89558499 51739126.516104996 51739128.13662499 0.0 0.0 16090.387343911398 0.0 0.0 0.0
196.0 51739128.136625 51739129.757145 51739131.377665 0.0 0.0 16090.387343911398 0.0 0.0 0.0
197.0 51739131.377665 51739132.998184994 51739134.618705 0.0 0.0 16090.387343911398 0.0 0.0 0.0
198.0 51739134.618705 51739136.239225 51739137.859744996 0.0 0.0 16090.387343911398 0.0 0.0 0.0
199.0 51739137.859744996 51739139.48026499 51739141.100784995 0.0 0.0 16090.387343911398 0.0 0.0 0.0
200.0 51739141.100784995 51739142.721305 51739144.34182499 0.0 0.0 16090.387343911398 0.0 0.0 0.0
201.0 51739144.34182499 51739145.96234499 51739147.58286499 0.0 0.0 16090.387343911398 0.0 0.0 0.0
202.0 51739147.582865 51739149.203384995 51739150.823905 0.0 0.0 16090.387343911398 0.0 0.0 0.0
203.0 51739150.823905 51739152.444425 51739154.064945 0.0 0.0 16090.387343911398 0.0 0.0 0.0
204.0 51739154.064945 51739155.68546499 51739157.305984996 0.0 0.0 16090.387343911398 0.0 0.0 0.0
205.0 51739157.305984996 51739158.926505 51739160.547024995 0.0 0.0 16090.387343911398 0.0 0.0 0.0
206.0 51739160.547024995 51739162.16754499 51739163.788064994 0.0 0.0 16090.387343911398 0.0 0.0 0.0
207.0 51739163.788064994 51739165.408585 51739167.02910499 0.0 0.0 16090.387343911398 0.0 0.0 0.0
208.0 51739167.029105 51739168.649625 51739170.270145 0.0 0.0 16090.387343911398 0.0 0.0 0.0
209.0 51739170.270145 51739171.890664995 51739173.511185 0.0 0.0 16090.387343911398 0.0 0.0 0.0
210.0 51739173.511185 51739175.131705 51739176.752225 0.0 0.0 16090.387343911398 0.0 0.0 0.0
211.0 51739176.752225 51739178.37274499 51739179.993264996 0.0 0.0 16090.387343911398 0.0 0.0 0.0
212.0 51739179.993264996 51739181.613785 51739183.234304994 0.0 0.0 16090.387343911398 0.0 0.0 0.0
213.0 51739183.234304994 51739184.85482499 51739186.47534499 0.0 0.0 16090.387343911398 0.0 0.0 0.0
214.0 51739186.47534499 51739188.095865 51739189.71638499 0.0 0.0 16090.387343911398 0.0 0.0 0.0
215.0 51739189.716385 51739191.336905 51739192.957425 0.0 0.0 16090.387343911398 0.0 0.0 0.0
216.0 51739192.957425 51739194.577944994 51739196.198465 0.0 0.0 16090.387343911398 0.0 0.0 0.0
217.0 51739196.198465 51739197.818985 51739199.439504996 0.0 0.0 16090.387343911398 0.0 0.0 0.0
218.0 51739199.439504996 51739201.06002499 51739202.680544995 0.0 0.0 16090.387343911398 0.0 0.0 0.0
219.0 51739202.680544995 51739204.301065 51739205.92158499 0.0 0.0 16090.387343911398 0.0 0.0 0.0
220.0 51739205.92158499 51739207.54210499 51739209.16262499 0.0 0.0 16090.387343911398 0.0 0.0 0.0
221.0 51739209.162625 51739210.783144996 51739212.403665 0.0 0.0 16090.387343911398 0.0 0.0 0.0
222.0 51739212.403665 51739214.024185 51739215.644705 0.0 0.0 16090.387343911398 0.0 0.0 0.0
223.0 51739215.644705 51739217.26522499 51739218.885745 0.0 0.0 16090.387343911398 0.0 0.0 0.0
224.0 51739218.885745 51739220.506265 51739222.126784995 0.0 0.0 16090.387343911398 0.0 0.0 0.0
225.0 51739222.126784995 51739223.74730499 51739225.367824994 0.0 0.0 16090.387343911398 0.0 0.0 0.0
226.0 51739225.367824994 51739226.988345 51739228.60886499 0.0 0.0 16090.387343911398 0.0 0.0 0.0
227.0 51739228.608865 51739230.229385 51739231.849905 0.0 0.0 16090.387343911398 0.0 0.0 0.0
228.0 51739231.849905 51739233.470424995 51739235.090945 0.0 0.0 16090.387343911398 0.0 0.0 0.0
229.0 51739235.090945 51739236.711465 51739238.331985 0.0 0.0 16090.387343911398 0.0 0.0 0.0
230.0 51739238.331985 51739239.95250499 51739241.573024996 0.0 0.0 16090.387343911398 0.0 0.0 0.0
231.0 51739241.573024996 51739243.193545 51739244.814064994 0.0 0.0 16090.387343911398 0.0 0.0 0.0
232.0 51739244.814064994 51739246.43458499 51739248.05510499 0.0 0.0 16090.387343911398 0.0 0.0 0.0
233.0 51739248.05510499 51739249.675625 51739251.29614499 0.0 0.0 16090.387343911398 0.0 0.0 0.0
234.0 51739251.296145 51739252.916665 51739254.537185 0.0 0.0 16090.387343911398 0.0 0.0 0.0
235.0 51739254.537185 51739256.157704994 51739257.778225 0.0 0.0 16090.387343911398 0.0 0.0 0.0
236.0 51739257.778225 51739259.398745 51739261.019264996 0.0 0.0 16090.387343911398 0.0 0.0 0.0
237.0 51739261.019264996 51739262.63978499 51739264.260304995 0.0 0.0 16090.387343911398 0.0 0.0 0.0
238.0 51739264.260304995 51739265.880825 51739267.50134499 0.0 0.0 16090.387343911398 0.0 0.0 0.0
239.0 51739267.50134499 51739269.12186499 51739270.74238499 0.0 0.0 16090.387343911398 0.0 0.0 0.0
240.0 51739270.742385 51739272.362904996 51739273.983425 0.0 0.0 16090.387343911398 0.0 0.0 0.0
241.0 51739273.983425 51739275.603945 51739277.224465 0.0 0.0 16090.387343911398 0.0 0.0 0.0
242.0 51739277.224465 51739278.84498499 51739280.465505 0.0 0.0 16090.387343911398 0.0 0.0 0.0
243.0 51739280.465505 51739282.086025 51739283.706544995 0.0 0.0 16090.387343911398 0.0 0.0 0.0
244.0 51739283.706544995 51739285.32706499 51739286.947584994 0.0 0.0 16090.387343911398 0.0 0.0 0.0
245.0 51739286.947584994 51739288.568105 51739290.18862499 0.0 0.0 16090.387343911398 0.0 0.0 0.0
246.0 51739290.18862499 51739291.80914499 51739293.42966499 0.0 0.0 16090.387343911398 0.0 0.0 0.0
247.0 51739293.429665 51739295.050184995 51739296.670705 0.0 0.0 16090.387343911398 0.0 0.0 0.0
248.0 51739296.670705 51739298.291225 51739299.911745 0.0 0.0 16090.387343911398 0.0 0.0 0.0
249.0 51739299.911745 51739301.53226499 51739303.152784996 0.0 0.0 16090.387343911398 0.0 0.0 0.0
250.0 51739303.152784996 51739304.773305 51739306.393824995 0.0 0.0 16090.387343911398 0.0 0.0 0.0
251.0 51739306.393824995 51739308.01434499 51739309.63486499 0.0 0.0 16090.387343911398 0.0 0.0 0.0
252.0 51739309.63486499 51739311.255385 51739312.87590499 0.0 0.0 16090.387343911398 0.0 0.0 0.0
253.0 51739312.875905 51739314.496425 51739316.116945 0.0 0.0 16090.387343911398 0.0 0.0 0.0
254.0 51739316.116945 51739317.737464994 51739319.357985 0.0 0.0 16090.387343911398 0.0 0.0 0.0
255.0 51739319.357985 51739320.978505 51739322.599024996 0.0 0.0 16090.387343911398 0.0 0.0 0.0
256.0 51739322.599024996 51739324.21954499 51739325.840064995 0.0 0.0 16090.387343911398 0.0 0.0 0.0
257.0 51739325.840064995 51739327.460585 51739329.081104994 0.0 0.0 16090.387343911398 0.0 0.0 0.0
258.0 51739329.081104994 51739330.70162499 51739332.32214499 0.0 0.0 16090.387343911398 0.0 0.0 0.0
259.0 51739332.322145 51739333.942664996 51739335.563185 0.0 0.0 16090.387343911398 0.0 0.0 0.0
260.0 51739335.563185 51739337.183705 51739338.804225 0.0 0.0 16090.387343911398 0.0 0.0 0.0
261.0 51739338.804225 51739340.42474499 51739342.045265 0.0 0.0 16090.387343911398 0.0 0.0 0.0
262.0 51739342.045265 51739343.665785 51739345.286304995 0.0 0.0 16090.387343911398 0.0 0.0 0.0
263.0 51739345.286304995 51739346.90682499 51739348.527344994 0.0 0.0 16090.387343911398 0.0 0.0 0.0
264.0 51739348.527344994 51739350.147865 51739351.76838499 0.0 0.0 16090.387343911398 0.0 0.0 0.0
265.0 51739351.76838499 51739353.38890499 51739355.00942499 0.0 0.0 16090.387343911398 0.0 0.0 0.0
266.0 51739355.009425 51739356.629944995 51739358.250465 0.0 0.0 16090.387343911398 0.0 0.0 0.0
267.0 51739358.250465 51739359.870985 51739361.491505 0.0 0.0 16090.387343911398 0.0 0.0 0.0
268.0 51739361.491505 51739363.11202499 51739364.732544996 0.0 0.0 16090.387343911398 0.0 0.0 0.0
269.0 51739364.732544996 51739366.353065 51739367.973584995 0.0 0.0 16090.387343911398 0.0 0.0 0.0
270.0 51739367.973584995 51739369.59410499 51739371.21462499 0.0 0.0 16090.387343911398 0.0 0.0 0.0
271.0 51739371.21462499 51739372.835145 51739374.45566499 0.0 0.0 16090.387343911398 0.0 0.0 0.0
272.0 51739374.455665 51739376.076185 51739377.696705 0.0 0.0 16090.387343911398 0.0 0.0 0.0
273.0 51739377.696705 51739379.317224994 51739380.937745 0.0 0.0 16090.387343911398 0.0 0.0 0.0
274.0 51739380.937745 51739382.558265 51739384.178784996 0.0 0.0 16090.387343911398 0.0 0.0 0.0
275.0 51739384.178784996 51739385.79930499 51739387.419824995 0.0 0.0 16090.387343911398 0.0 0.0 0.0
276.0 51739387.419824995 51739389.040345 51739390.660864994 0.0 0.0 16090.387343911398 0.0 0.0 0.0
277.0 51739390.660864994 51739392.28138499 51739393.90190499 0.0 0.0 16090.387343911398 0.0 0.0 0.0
278.0 51739393.901905 51739395.522424996 51739397.142945 0.0 0.0 16090.387343911398 0.0 0.0 0.0
279.0 51739397.142945 51739398.763465 51739400.383985 0.0 0.0 16090.387343911398 0.0 0.0 0.0
280.0 51739400.383985 51739402.00450499 51739403.625025 0.0 0.0 16090.387343911398 0.0 0.0 0.0
281.0 51739403.625025 51739405.245545 51739406.866064996 0.0 0.0 16090.387343911398 1.8573463194090125 0.0 0.0
282.0 51739406.866064996 51739408.48658499 51739410.107104994 0.0 0.0 16090.387343911398 3.199999998844195 0.0 0.0
283.0 51739410.107104994 51739411.727625 51739413.34814499 0.0 0.0 16090.387343911398 3.199999998844195 0.0 0.0
284.0 51739413.34814499 51739414.96866499 51739416.58918499 0.0 0.0 16090.387343911398 3.199999998844195 0.0 0.0
285.0 51739416.589185 51739418.209704995 51739419.830225 0.0 0.0 16090.387343911398 3.199999998844195 0.0 0.0
286.0 51739419.830225 51739421.450745 51739423.071265 0.0 0.0 16090.387343911398 3.199999998844195 0.0 0.0
287.0 51739423.071265 51739424.69178499 51739426.312304996 0.0 0.0 16090.387343911398 3.199999998844195 0.0 0.0
288.0 51739426.312304996 51739427.932825 51739429.553344995 0.0 0.0 16090.387343911398 3.199999998844195 0.0 0.0
289.0 51739429.553344995 51739431.17386499 51739432.79438499 0.0 0.0 16090.387343911398 3.199999998844195 0.0 0.0
290.0 51739432.79438499 51739434.414905 51739436.03542499 0.0 0.0 16090.387343911398 3.199999998844195 0.0 0.0
291.0 51739436.035425 51739437.655945 51739439.276465 0.0 0.0 16090.387343911398 3.199999998844195 0.0 0.0
292.0 51739439.276465 51739440.896984994 51739442.517505 0.0 0.0 16090.387343911398 3.199999998844195 0.0 0.0
293.0 51739442.517505 51739444.138025 51739445.758545 0.0 0.0 16090.387343911398 3.199999998844195 0.0 0.0
294.0 51739445.758545 51739447.37906499 51739448.999584995 0.0 0.0 16090.387343911398 3.199999998844195 0.0 0.0
295.0 51739448.999584995 51739450.620105 51739452.240624994 0.0 0.0 16090.387343911398 3.199999998844195 0.0 0.0
296.0 51739452.240624994 51739453.86114499 51739455.48166499 0.0 0.0 16090.387343911398 3.199999998844195 0.0 0.0
297.0 51739455.481665 51739457.102184996 51739458.722705 0.0 0.0 16090.387343911398 3.199999998844195 0.0 0.0
298.0 51739458.722705 51739460.343225 51739461.963745 0.0 0.0 16090.387343911398 3.199999998844195 0.0 0.0
299.0 51739461.963745 51739463.58426499 51739465.204785 0.0 0.0 16090.387343911398 3.199999998844195 0.0 0.0
300.0 51739465.204785 51739466.825305 51739468.445824996 0.0 0.0 16090.387343911398 3.199999998844195 0.0 0.0
301.0 51739468.445824996 51739470.06634499 51739471.686864994 0.0 0.0 16090.387343911398 3.199999998844195 0.0 0.0
302.0 51739471.686864994 51739473.307385 51739474.92790499 0.0 0.0 16090.387343911398 3.199999998844195 0.0 0.0
303.0 51739474.92790499 51739476.54842499 51739478.16894499 0.0 0.0 16090.387343911398 3.199999998844195 0.0 0.0
304.0 51739478.168945 51739479.789464995 51739481.409985 0.0 0.0 16090.387343911398 3.199999998844195 0.0 0.0
305.0 51739481.409985 51739483.030505 51739484.651025 0.0 0.0 16090.387343911398 3.199999998844195 0.0 0.0
306.0 51739484.651025 51739486.27154499 51739487.892064996 0.0 0.0 16090.387343911398 3.199999998844195 0.0 0.0
307.0 51739487.892064996 51739489.512585 51739491.133104995 0.0 0.0 16090.387343911398 3.199999998844195 0.0 0.0
308.0 51739491.133104995 51739492.75362499 51739494.37414499 0.0 0.0 16090.387343911398 3.199999998844195 0.0 0.0
309.0 51739494.37414499 51739495.994665 51739497.61518499 0.0 0.0 16090.387343911398 3.199999998844195 0.0 0.0
310.0 51739497.615185 51739499.235705 51739500.856225 0.0 0.0 16090.387343911398 3.199999998844195 0.0 0.0
311.0 51739500.856225 51739502.476744995 51739504.097265 0.0 0.0 16090.387343911398 3.199999998844195 0.0 0.0
312.0 51739504.097265 51739505.717785 51739507.338305 0.0 0.0 16090.387343911398 3.199999998844195 0.0 0.0
313.0 51739507.338305 51739508.95882499 51739510.579344995 0.0 0.0 16090.387343911398 3.199999998844195 0.0 0.0
314.0 51739510.579344995 51739512.199865 51739513.820384994 0.0 0.0 16090.387343911398 3.199999998844195 0.0 0.0
315.0 51739513.820384994 51739515.44090499 51739517.06142499 0.0 0.0 16090.387343911398 3.199999998844195 0.0 0.0
316.0 51739517.06142499 51739518.681944996 51739520.30246499 0.0 0.0 16090.387343911398 3.199999998844195 0.0 0.0
317.0 51739520.302465 51739521.922985 51739523.543505 0.0 0.0 16090.387343911398 3.199999998844195 0.0 0.0
318.0 51739523.543505 51739525.164024994 51739526.784545 0.0 0.0 16090.387343911398 3.199999998844195 0.0 0.0
319.0 51739526.784545 51739528.405065 51739530.025584996 0.0 0.0 16090.387343911398 3.199999998844195 0.0 0.0
320.0 51739530.025584996 51739531.64610499 51739533.266624995 0.0 0.0 16090.387343911398 3.199999998844195 0.0 0.0
321.0 51739533.266624995 51739534.887145 51739536.50766499 0.0 0.0 16090.387343911398 3.199999998844195 0.0 0.0
322.0 51739536.50766499 51739538.12818499 51739539.74870499 0.0 0.0 16090.387343911398 3.199999998844195 0.0 0.0
323.0 51739539.748705 51739541.369224995 51739542.989745 0.0 0.0 16090.387343911398 3.199999998844195 0.0 0.0
324.0 51739542.989745 51739544.610265 51739546.230785 0.0 0.0 16090.387343911398 3.199999998844195 0.0 0.0
325.0 51739546.230785 51739547.85130499 51739549.471824996 0.0 0.0 16090.387343911398 3.199999998844195 0.0 0.0
326.0 51739549.471824996 51739551.092345 51739552.712864995 0.0 0.0 16090.387343911398 3.199999998844195 0.0 0.0
327.0 51739552.712864995 51739554.33338499 51739555.953904994 0.0 0.0 16090.387343911398 3.199999998844195 0.0 0.0
328.0 51739555.953904994 51739557.574425 51739559.19494499 0.0 0.0 16090.387343911398 3.199999998844195 0.0 0.0
329.0 51739559.194945 51739560.815465 51739562.435985 0.0 0.0 16090.387343911398 3.199999998844195 0.0 0.0
330.0 51739562.435985 51739564.056504995 51739565.677025 0.0 0.0 16090.387343911398 3.199999998844195 0.0 0.0
331.0 51739565.677025 51739567.297545 51739568.918065 0.0 0.0 16090.387343911398 3.199999998844195 0.0 0.0
332.0 51739568.918065 51739570.53858499 51739572.159104995 0.0 0.0 16090.387343911398 3.199999998844195 0.0 0.0
333.0 51739572.159104995 51739573.779625 51739575.400144994 0.0 0.0 16090.387343911398 3.199999998844195 0.0 0.0
334.0 51739575.400144994 51739577.02066499 51739578.64118499 0.0 0.0 16090.387343911398 3.199999998844195 0.0 0.0
335.0 51739578.64118499 51739580.261704996 51739581.88222499 0.0 0.0 16090.387343911398 3.199999998844195 0.0 0.0
336.0 51739581.882225 51739583.502745 51739585.123265 4.0 2.0 16090.387343911398 3.199999998844195 1.2500000004514864 0.6250000002257432
337.0 51739585.123265 51739586.743784994 51739588.364305 0.0 0.0 16090.387343911398 3.199999998844195 0.0 0.0
338.0 51739588.364305 51739589.984825 51739591.605344996 1.0 1.0 16090.387343911398 3.199999998844195 0.3125000001128716 0.3125000001128716
339.0 51739591.605344996 51739593.22586499 51739594.846384995 0.0 0.0 16090.387343911398 3.199999998844195 0.0 0.0
340.0 51739594.846384995 51739596.466905 51739598.08742499 0.0 0.0 16090.387343911398 3.199999998844195 0.0 0.0
341.0 51739598.08742499 51739599.70794499 51739601.32846499 0.0 0.0 16090.387343911398 3.199999998844195 0.0 0.0
342.0 51739601.328465 51739602.948984995 51739604.569505 0.0 0.0 16090.387343911398 3.199999998844195 0.0 0.0
343.0 51739604.569505 51739606.190025 51739607.810545 0.0 0.0 16090.387343911398 3.199999998844195 0.0 0.0
344.0 51739607.810545 51739609.43106499 51739611.051585 0.0 0.0 16090.387343911398 3.199999998844195 0.0 0.0
345.0 51739611.051585 51739612.672105 51739614.292624995 0.0 0.0 16090.387343911398 3.199999998844195 0.0 0.0
346.0 51739614.292624995 51739615.91314499 51739617.533664994 0.0 0.0 16090.387343911398 3.199999998844195 0.0 0.0
347.0 51739617.533664994 51739619.154185 51739620.77470499 0.0 0.0 16090.387343911398 3.199999998844195 0.0 0.0
348.0 51739620.774705 51739622.395225 51739624.015745 0.0 0.0 16090.387343911398 3.199999998844195 0.0 0.0
349.0 51739624.015745 51739625.636264995 51739627.256785 0.0 0.0 16090.387343911398 3.199999998844195 0.0 0.0
350.0 51739627.256785 51739628.877305 51739630.497825 0.0 0.0 16090.387343911398 3.199999998844195 0.0 0.0
351.0 51739630.497825 51739632.11834499 51739633.738864996 0.0 0.0 16090.387343911398 3.199999998844195 0.0 0.0
352.0 51739633.738864996 51739635.359385 51739636.979904994 0.0 0.0 16090.387343911398 3.199999998844195 0.0 0.0
353.0 51739636.979904994 51739638.60042499 51739640.22094499 0.0 0.0 16090.387343911398 3.199999998844195 0.0 0.0
354.0 51739640.22094499 51739641.841465 51739643.46198499 0.0 0.0 16090.387343911398 3.199999998844195 0.0 0.0
355.0 51739643.461985 51739645.082505 51739646.703025 0.0 0.0 16090.387343911398 3.199999998844195 0.0 0.0
356.0 51739646.703025 51739648.323544994 51739649.944065 0.0 0.0 16090.387343911398 3.199999998844195 0.0 0.0
357.0 51739649.944065 51739651.564585 51739653.185104996 0.0 0.0 16090.387343911398 3.199999998844195 0.0 0.0
358.0 51739653.185104996 51739654.80562499 51739656.426144995 0.0 0.0 16090.387343911398 3.199999998844195 0.0 0.0
359.0 51739656.426144995 51739658.046665 51739659.66718499 0.0 0.0 16090.387343911398 3.199999998844195 0.0 0.0
360.0 51739659.66718499 51739661.28770499 51739662.90822499 0.0 0.0 16090.387343911398 3.199999998844195 0.0 0.0
361.0 51739662.908225 51739664.528744996 51739666.149265 0.0 0.0 16090.387343911398 3.199999998844195 0.0 0.0
362.0 51739666.149265 51739667.769785 51739669.390305 0.0 0.0 16090.387343911398 3.199999998844195 0.0 0.0
363.0 51739669.390305 51739671.01082499 51739672.631345 0.0 0.0 16090.387343911398 3.199999998844195 0.0 0.0
364.0 51739672.631345 51739674.251865 51739675.872384995 0.0 0.0 16090.387343911398 3.199999998844195 0.0 0.0
365.0 51739675.872384995 51739677.49290499 51739679.113424994 0.0 0.0 16090.387343911398 3.199999998844195 0.0 0.0
366.0 51739679.113424994 51739680.733945 51739682.35446499 0.0 0.0 16090.387343911398 3.199999998844195 0.0 0.0
367.0 51739682.354465 51739683.974985 51739685.595505 0.0 0.0 16090.387343911398 3.199999998844195 0.0 0.0
368.0 51739685.595505 51739687.216024995 51739688.836545 0.0 0.0 16090.387343911398 3.199999998844195 0.0 0.0
369.0 51739688.836545 51739690.457065 51739692.077585 1.0 1.0 16090.387343911398 3.199999998844195 0.3125000001128716 0.3125000001128716
370.0 51739692.077585 51739693.69810499 51739695.318624996 0.0 0.0 16090.387343911398 3.199999998844195 0.0 0.0
371.0 51739695.318624996 51739696.939145 51739698.559664994 0.0 0.0 16090.387343911398 3.199999998844195 0.0 0.0
372.0 51739698.559664994 51739700.18018499 51739701.80070499 0.0 0.0 16090.387343911398 3.199999998844195 0.0 0.0
373.0 51739701.80070499 51739703.421225 51739705.04174499 0.0 0.0 16090.387343911398 3.199999998844195 0.0 0.0
374.0 51739705.041745 51739706.662265 51739708.282785 0.0 0.0 16090.387343911398 3.199999998844195 0.0 0.0
375.0 51739708.282785 51739709.903304994 51739711.523825 0.0 0.0 16090.387343911398 3.199999998844195 0.0 0.0
376.0 51739711.523825 51739713.144345 51739714.764864996 0.0 0.0 16090.387343911398 3.199999998844195 0.0 0.0
377.0 51739714.764864996 51739716.38538499 51739718.005904995 0.0 0.0 16090.387343911398 3.199999998844195 0.0 0.0
378.0 51739718.005904995 51739719.626425 51739721.246944994 0.0 0.0 16090.387343911398 3.199999998844195 0.0 0.0
379.0 51739721.246944994 51739722.86746499 51739724.48798499 0.0 0.0 16090.387343911398 3.199999998844195 0.0 0.0
380.0 51739724.487985 51739726.108504996 51739727.729025 0.0 0.0 16090.387343911398 3.199999998844195 0.0 0.0
381.0 51739727.729025 51739729.349545 51739730.970065 0.0 0.0 16090.387343911398 3.199999998844195 0.0 0.0
382.0 51739730.970065 51739732.59058499 51739734.211105 0.0 0.0 16090.387343911398 3.199999998844195 0.0 0.0
383.0 51739734.211105 51739735.831625 51739737.452144995 0.0 0.0 16090.387343911398 3.199999998844195 0.0 0.0
384.0 51739737.452144995 51739739.07266499 51739740.693184994 0.0 0.0 16090.387343911398 3.199999998844195 0.0 0.0
385.0 51739740.693184994 51739742.313705 51739743.93422499 0.0 0.0 16090.387343911398 3.199999998844195 0.0 0.0
386.0 51739743.93422499 51739745.55474499 51739747.17526499 0.0 0.0 16090.387343911398 3.199999998844195 0.0 0.0
387.0 51739747.175265 51739748.795784995 51739750.416305 0.0 0.0 16090.387343911398 3.199999998844195 0.0 0.0
388.0 51739750.416305 51739752.036825 51739753.657345 0.0 0.0 16090.387343911398 3.199999998844195 0.0 0.0
389.0 51739753.657345 51739755.27786499 51739756.898384996 0.0 0.0 16090.387343911398 3.199999998844195 0.0 0.0
390.0 51739756.898384996 51739758.518905 51739760.139424995 0.0 0.0 16090.387343911398 3.199999998844195 0.0 0.0
391.0 51739760.139424995 51739761.75994499 51739763.38046499 0.0 0.0 16090.387343911398 3.199999998844195 0.0 0.0
392.0 51739763.38046499 51739765.000985 51739766.62150499 0.0 0.0 16090.387343911398 3.199999998844195 0.0 0.0
393.0 51739766.621505 51739768.242025 51739769.862545 0.0 0.0 16090.387343911398 3.199999998844195 0.0 0.0
394.0 51739769.862545 51739771.483064994 51739773.103585 0.0 0.0 16090.387343911398 3.199999998844195 0.0 0.0
395.0 51739773.103585 51739774.724105 51739776.344624996 0.0 0.0 16090.387343911398 3.199999998844195 0.0 0.0
396.0 51739776.344624996 51739777.96514499 51739779.585664995 0.0 0.0 16090.387343911398 3.199999998844195 0.0 0.0
397.0 51739779.585664995 51739781.206185 51739782.826704994 0.0 0.0 16090.387343911398 3.199999998844195 0.0 0.0
398.0 51739782.826704994 51739784.44722499 51739786.06774499 0.0 0.0 16090.387343911398 3.199999998844195 0.0 0.0
399.0 51739786.067745 51739787.688264996 51739789.308785 0.0 0.0 16090.387343911398 3.199999998844195 0.0 0.0
400.0 51739789.308785 51739790.929305 51739792.549825 0.0 0.0 16090.387343911398 3.199999998844195 0.0 0.0
401.0 51739792.549825 51739794.17034499 51739795.790865 0.0 0.0 16090.387343911398 3.199999998844195 0.0 0.0
402.0 51739795.790865 51739797.411385 51739799.031904995 0.0 0.0 16090.387343911398 3.199999998844195 0.0 0.0
403.0 51739799.031904995 51739800.65242499 51739802.272944994 0.0 0.0 16090.387343911398 3.199999998844195 0.0 0.0
404.0 51739802.272944994 51739803.893465 51739805.51398499 0.0 0.0 16090.387343911398 3.199999998844195 0.0 0.0
405.0 51739805.51398499 51739807.13450499 51739808.75502499 2.0 1.4142135623730951 16090.387343911398 3.199999998844195 0.6250000002257432 0.44194173840121675
406.0 51739808.755025 51739810.375544995 51739811.996065 0.0 0.0 16090.387343911398 3.199999998844195 0.0 0.0
407.0 51739811.996065 51739813.616585 51739815.237105 0.0 0.0 16090.387343911398 3.199999998844195 0.0 0.0
408.0 51739815.237105 51739816.85762499 51739818.478144996 0.0 0.0 16090.387343911398 3.199999998844195 0.0 0.0
409.0 51739818.478144996 51739820.098665 51739821.719184995 0.0 0.0 16090.387343911398 3.199999998844195 0.0 0.0
410.0 51739821.719184995 51739823.33970499 51739824.96022499 1.0 1.0 16090.387343911398 3.199999998844195 0.3125000001128716 0.3125000001128716
411.0 51739824.96022499 51739826.580745 51739828.20126499 0.0 0.0 16090.387343911398 3.199999998844195 0.0 0.0
412.0 51739828.201265 51739829.821785 51739831.442305 0.0 0.0 16090.387343911398 3.199999998844195 0.0 0.0
413.0 51739831.442305 51739833.062824994 51739834.683345 0.0 0.0 16090.387343911398 3.199999998844195 0.0 0.0
414.0 51739834.683345 51739836.303865 51739837.924385 0.0 0.0 16090.387343911398 3.199999998844195 0.0 0.0
415.0 51739837.924385 51739839.54490499 51739841.165424995 0.0 0.0 16090.387343911398 3.199999998844195 0.0 0.0
416.0 51739841.165424995 51739842.785945 51739844.406464994 0.0 0.0 16090.387343911398 3.199999998844195 0.0 0.0
417.0 51739844.406464994 51739846.02698499 51739847.64750499 0.0 0.0 16090.387343911398 3.199999998844195 0.0 0.0
418.0 51739847.647505 51739849.268024996 51739850.888545 0.0 0.0 16090.387343911398 3.199999998844195 0.0 0.0
419.0 51739850.888545 51739852.509065 51739854.129585 0.0 0.0 16090.387343911398 3.199999998844195 0.0 0.0
420.0 51739854.129585 51739855.75010499 51739857.370625 0.0 0.0 16090.387343911398 3.199999998844195 0.0 0.0
421.0 51739857.370625 51739858.991145 51739860.611664996 0.0 0.0 16090.387343911398 3.199999998844195 0.0 0.0
422.0 51739860.611664996 51739862.23218499 51739863.852704994 0.0 0.0 16090.387343911398 3.199999998844195 0.0 0.0
423.0 51739863.852704994 51739865.473225 51739867.09374499 0.0 0.0 16090.387343911398 3.199999998844195 0.0 0.0
424.0 51739867.09374499 51739868.71426499 51739870.33478499 0.0 0.0 16090.387343911398 3.199999998844195 0.0 0.0
425.0 51739870.334785 51739871.955304995 51739873.575825 0.0 0.0 16090.387343911398 3.199999998844195 0.0 0.0
426.0 51739873.575825 51739875.196345 51739876.816865 0.0 0.0 16090.387343911398 3.199999998844195 0.0 0.0
427.0 51739876.816865 51739878.43738499 51739880.057904996 0.0 0.0 16090.387343911398 3.199999998844195 0.0 0.0
428.0 51739880.057904996 51739881.678425 51739883.298944995 0.0 0.0 16090.387343911398 3.199999998844195 0.0 0.0
429.0 51739883.298944995 51739884.91946499 51739886.53998499 0.0 0.0 16090.387343911398 3.199999998844195 0.0 0.0
430.0 51739886.53998499 51739888.160505 51739889.78102499 0.0 0.0 16090.387343911398 3.199999998844195 0.0 0.0
431.0 51739889.781025 51739891.401545 51739893.022065 0.0 0.0 16090.387343911398 3.199999998844195 0.0 0.0
432.0 51739893.022065 51739894.642584994 51739896.263105 0.0 0.0 16090.387343911398 3.199999998844195 0.0 0.0
433.0 51739896.263105 51739897.883625 51739899.504145 0.0 0.0 16090.387343911398 3.199999998844195 0.0 0.0
434.0 51739899.504145 51739901.12466499 51739902.745184995 0.0 0.0 16090.387343911398 3.199999998844195 0.0 0.0
435.0 51739902.745184995 51739904.365705 51739905.986224994 0.0 0.0 16090.387343911398 3.199999998844195 0.0 0.0
436.0 51739905.986224994 51739907.60674499 51739909.22726499 0.0 0.0 16090.387343911398 3.199999998844195 0.0 0.0
437.0 51739909.227265 51739910.847784996 51739912.468305 0.0 0.0 16090.387343911398 3.199999998844195 0.0 0.0
438.0 51739912.468305 51739914.088825 51739915.709345 0.0 0.0 16090.387343911398 3.199999998844195 0.0 0.0
439.0 51739915.709345 51739917.32986499 51739918.950385 0.0 0.0 16090.387343911398 3.199999998844195 0.0 0.0
440.0 51739918.950385 51739920.570905 51739922.191424996 0.0 0.0 16090.387343911398 3.199999998844195 0.0 0.0
441.0 51739922.191424996 51739923.81194499 51739925.432464994 0.0 0.0 16090.387343911398 3.199999998844195 0.0 0.0
442.0 51739925.432464994 51739927.052985 51739928.67350499 0.0 0.0 16090.387343911398 3.199999998844195 0.0 0.0
443.0 51739928.67350499 51739930.29402499 51739931.91454499 0.0 0.0 16090.387343911398 3.199999998844195 0.0 0.0
444.0 51739931.914545 51739933.535064995 51739935.155585 0.0 0.0 16090.387343911398 3.199999998844195 0.0 0.0
445.0 51739935.155585 51739936.776105 51739938.396625 0.0 0.0 16090.387343911398 3.199999998844195 0.0 0.0
446.0 51739938.396625 51739940.01714499 51739941.637664996 0.0 0.0 16090.387343911398 3.199999998844195 0.0 0.0
447.0 51739941.637664996 51739943.258185 51739944.878704995 0.0 0.0 16090.387343911398 3.199999998844195 0.0 0.0
448.0 51739944.878704995 51739946.49922499 51739948.119744994 0.0 0.0 16090.387343911398 3.199999998844195 0.0 0.0
449.0 51739948.119744994 51739949.740265 51739951.36078499 0.0 0.0 16090.387343911398 3.199999998844195 0.0 0.0
450.0 51739951.360785 51739952.981305 51739954.601825 1.0 1.0 16090.387343911398 3.199999998844195 0.3125000001128716 0.3125000001128716
451.0 51739954.601825 51739956.222344995 51739957.842865 0.0 0.0 16090.387343911398 3.199999998844195 0.0 0.0
452.0 51739957.842865 51739959.463385 51739961.083905 0.0 0.0 16090.387343911398 3.199999998844195 0.0 0.0
453.0 51739961.083905 51739962.70442499 51739964.324944995 0.0 0.0 16090.387343911398 3.199999998844195 0.0 0.0
454.0 51739964.324944995 51739965.945465 51739967.565984994 0.0 0.0 16090.387343911398 3.199999998844195 0.0 0.0
455.0 51739967.565984994 51739969.18650499 51739970.80702499 0.0 0.0 16090.387343911398 3.199999998844195 0.0 0.0
456.0 51739970.80702499 51739972.427544996 51739974.04806499 0.0 0.0 16090.387343911398 3.199999998844195 0.0 0.0
457.0 51739974.048065 51739975.668585 51739977.289105 0.0 0.0 16090.387343911398 3.199999998844195 0.0 0.0
458.0 51739977.289105 51739978.909624994 51739980.530145 0.0 0.0 16090.387343911398 3.199999998844195 0.0 0.0
459.0 51739980.530145 51739982.150665 51739983.771184996 0.0 0.0 16090.387343911398 3.199999998844195 0.0 0.0
460.0 51739983.771184996 51739985.39170499 51739987.012224995 0.0 0.0 16090.387343911398 3.199999998844195 0.0 0.0
461.0 51739987.012224995 51739988.632745 51739990.25326499 1.0 1.0 16090.387343911398 3.199999998844195 0.3125000001128716 0.3125000001128716
462.0 51739990.25326499 51739991.87378499 51739993.49430499 0.0 0.0 16090.387343911398 3.199999998844195 0.0 0.0
463.0 51739993.494305 51739995.114824995 51739996.735345 0.0 0.0 16090.387343911398 3.199999998844195 0.0 0.0
464.0 51739996.735345 51739998.355865 51739999.976385 0.0 0.0 16090.387343911398 3.199999998844195 0.0 0.0
465.0 51739999.976385 51740001.59690499 51740003.217424996 0.0 0.0 16090.387343911398 3.199999998844195 0.0 0.0
466.0 51740003.217424996 51740004.837945 51740006.458464995 0.0 0.0 16090.387343911398 3.199999998844195 0.0 0.0
467.0 51740006.458464995 51740008.07898499 51740009.699504994 0.0 0.0 16090.387343911398 3.199999998844195 0.0 0.0
468.0 51740009.699504994 51740011.320025 51740012.94054499 0.0 0.0 16090.387343911398 3.199999998844195 0.0 0.0
469.0 51740012.940545 51740014.561065 51740016.181585 6.0 2.449489742783178 16090.387343911398 3.199999998844195 1.8750000006772296 0.7654655448962209
470.0 51740016.181585 51740017.802104995 51740019.422625 0.0 0.0 16090.387343911398 3.199999998844195 0.0 0.0
471.0 51740019.422625 51740021.043145 51740022.663665 0.0 0.0 16090.387343911398 3.199999998844195 0.0 0.0
472.0 51740022.663665 51740024.28418499 51740025.904704995 0.0 0.0 16090.387343911398 3.199999998844195 0.0 0.0
473.0 51740025.904704995 51740027.525225 51740029.145744994 0.0 0.0 16090.387343911398 3.199999998844195 0.0 0.0
474.0 51740029.145744994 51740030.76626499 51740032.38678499 0.0 0.0 16090.387343911398 3.199999998844195 0.0 0.0
475.0 51740032.38678499 51740034.007304996 51740035.62782499 0.0 0.0 16090.387343911398 3.199999998844195 0.0 0.0
476.0 51740035.627825 51740037.248345 51740038.868865 0.0 0.0 16090.387343911398 3.199999998844195 0.0 0.0
477.0 51740038.868865 51740040.489384994 51740042.109905 0.0 0.0 16090.387343911398 3.199999998844195 0.0 0.0
478.0 51740042.109905 51740043.730425 51740045.350944996 0.0 0.0 16090.387343911398 3.199999998844195 0.0 0.0
479.0 51740045.350944996 51740046.97146499 51740048.591984995 2.0 1.4142135623730951 16090.387343911398 3.199999998844195 0.6250000002257432 0.44194173840121675
480.0 51740048.591984995 51740050.212505 51740051.83302499 0.0 0.0 16090.387343911398 3.199999998844195 0.0 0.0
481.0 51740051.83302499 51740053.45354499 51740055.07406499 0.0 0.0 16090.387343911398 3.199999998844195 0.0 0.0
482.0 51740055.074065 51740056.694584996 51740058.315105 0.0 0.0 16090.387343911398 3.199999998844195 0.0 0.0
483.0 51740058.315105 51740059.935625 51740061.556145 0.0 0.0 16090.387343911398 3.199999998844195 0.0 0.0
484.0 51740061.556145 51740063.17666499 51740064.797185 0.0 0.0 16090.387343911398 3.199999998844195 0.0 0.0
485.0 51740064.797185 51740066.417705 51740068.038224995 0.0 0.0 16090.387343911398 3.199999998844195 0.0 0.0
486.0 51740068.038224995 51740069.65874499 51740071.279264994 0.0 0.0 16090.387343911398 3.199999998844195 0.0 0.0
487.0 51740071.279264994 51740072.899785 51740074.52030499 0.0 0.0 16090.387343911398 3.199999998844195 0.0 0.0
488.0 51740074.520305 51740076.140825 51740077.761345 0.0 0.0 16090.387343911398 3.199999998844195 0.0 0.0
489.0 51740077.761345 51740079.381864995 51740081.002385 0.0 0.0 16090.387343911398 3.199999998844195 0.0 0.0
490.0 51740081.002385 51740082.622905 51740084.243425 0.0 0.0 16090.387343911398 3.199999998844195 0.0 0.0
491.0 51740084.243425 51740085.86394499 51740087.484464996 0.0 0.0 16090.387343911398 3.199999998844195 0.0 0.0
492.0 51740087.484464996 51740089.104985 51740090.725504994 0.0 0.0 16090.387343911398 3.199999998844195 0.0 0.0
493.0 51740090.725504994 51740092.34602499 51740093.96654499 0.0 0.0 16090.387343911398 3.199999998844195 0.0 0.0
494.0 51740093.96654499 51740095.587065 51740097.20758499 0.0 0.0 16090.387343911398 3.199999998844195 0.0 0.0
495.0 51740097.207585 51740098.828105 51740100.448625 0.0 0.0 16090.387343911398 3.199999998844195 0.0 0.0
496.0 51740100.448625 51740102.069144994 51740103.689665 0.0 0.0 16090.387343911398 3.199999998844195 0.0 0.0
497.0 51740103.689665 51740105.310185 51740106.930704996 0.0 0.0 16090.387343911398 3.199999998844195 0.0 0.0
498.0 51740106.930704996 51740108.55122499 51740110.171744995 0.0 0.0 16090.387343911398 3.199999998844195 0.0 0.0
499.0 51740110.171744995 51740111.792265 51740113.41278499 0.0 0.0 16090.387343911398 3.199999998844195 0.0 0.0
500.0 51740113.41278499 51740115.03330499 51740116.65382499 0.0 0.0 16090.387343911398 3.199999998844195 0.0 0.0
501.0 51740116.653825 51740118.274344996 51740119.894865 0.0 0.0 16090.387343911398 3.199999998844195 0.0 0.0
502.0 51740119.894865 51740121.515385 51740123.135905 0.0 0.0 16090.387343911398 3.199999998844195 0.0 0.0
503.0 51740123.135905 51740124.75642499 51740126.376945 0.0 0.0 16090.387343911398 3.199999998844195 0.0 0.0
504.0 51740126.376945 51740127.997465 51740129.617984995 0.0 0.0 16090.387343911398 3.199999998844195 0.0 0.0
505.0 51740129.617984995 51740131.23850499 51740132.859024994 0.0 0.0 16090.387343911398 3.199999998844195 0.0 0.0
506.0 51740132.859024994 51740134.479545 51740136.10006499 0.0 0.0 16090.387343911398 3.199999998844195 0.0 0.0
507.0 51740136.100065 51740137.720585 51740139.341105 0.0 0.0 16090.387343911398 3.199999998844195 0.0 0.0
508.0 51740139.341105 51740140.961624995 51740142.582145 0.0 0.0 16090.387343911398 3.199999998844195 0.0 0.0
509.0 51740142.582145 51740144.202665 51740145.823185 0.0 0.0 16090.387343911398 3.199999998844195 0.0 0.0
510.0 51740145.823185 51740147.44370499 51740149.064224996 0.0 0.0 16090.387343911398 3.199999998844195 0.0 0.0
511.0 51740149.064224996 51740150.684745 51740152.305264995 0.0 0.0 16090.387343911398 3.199999998844195 0.0 0.0
512.0 51740152.305264995 51740153.92578499 51740155.54630499 0.0 0.0 16090.387343911398 3.199999998844195 0.0 0.0
513.0 51740155.54630499 51740157.166825 51740158.78734499 0.0 0.0 16090.387343911398 3.199999998844195 0.0 0.0
514.0 51740158.787345 51740160.407865 51740162.028385 0.0 0.0 16090.387343911398 3.199999998844195 0.0 0.0
515.0 51740162.028385 51740163.648904994 51740165.269425 0.0 0.0 16090.387343911398 3.199999998844195 0.0 0.0
516.0 51740165.269425 51740166.889945 51740168.510464996 0.0 0.0 16090.387343911398 3.199999998844195 0.0 0.0
517.0 51740168.510464996 51740170.13098499 51740171.751504995 0.0 0.0 16090.387343911398 3.199999998844195 0.0 0.0
518.0 51740171.751504995 51740173.372025 51740174.992544994 0.0 0.0 16090.387343911398 3.199999998844195 0.0 0.0
519.0 51740174.992544994 51740176.61306499 51740178.23358499 0.0 0.0 16090.387343911398 3.199999998844195 0.0 0.0
520.0 51740178.233585 51740179.854104996 51740181.474625 1.0 1.0 16090.387343911398 3.199999998844195 0.3125000001128716 0.3125000001128716
521.0 51740181.474625 51740183.095145 51740184.715665 0.0 0.0 16090.387343911398 3.199999998844195 0.0 0.0
522.0 51740184.715665 51740186.33618499 51740187.956705 0.0 0.0 16090.387343911398 3.199999998844195 0.0 0.0
523.0 51740187.956705 51740189.577225 51740191.197744995 0.0 0.0 16090.387343911398 3.199999998844195 0.0 0.0
524.0 51740191.197744995 51740192.81826499 51740194.438784994 0.0 0.0 16090.387343911398 3.199999998844195 0.0 0.0
525.0 51740194.438784994 51740196.059305 51740197.67982499 0.0 0.0 16090.387343911398 3.199999998844195 0.0 0.0
526.0 51740197.67982499 51740199.30034499 51740200.92086499 0.0 0.0 16090.387343911398 3.199999998844195 0.0 0.0
527.0 51740200.920865 51740202.541384995 51740204.161905 0.0 0.0 16090.387343911398 3.199999998844195 0.0 0.0
528.0 51740204.161905 51740205.782425 51740207.402945 0.0 0.0 16090.387343911398 3.199999998844195 0.0 0.0
529.0 51740207.402945 51740209.02346499 51740210.643984996 0.0 0.0 16090.387343911398 3.199999998844195 0.0 0.0
530.0 51740210.643984996 51740212.264505 51740213.885024995 0.0 0.0 16090.387343911398 3.199999998844195 0.0 0.0
531.0 51740213.885024995 51740215.50554499 51740217.12606499 0.0 0.0 16090.387343911398 3.199999998844195 0.0 0.0
532.0 51740217.12606499 51740218.746585 51740220.36710499 0.0 0.0 16090.387343911398 3.199999998844195 0.0 0.0
533.0 51740220.367105 51740221.987625 51740223.608145 0.0 0.0 16090.387343911398 3.199999998844195 0.0 0.0
534.0 51740223.608145 51740225.228664994 51740226.849185 0.0 0.0 16090.387343911398 3.199999998844195 0.0 0.0
535.0 51740226.849185 51740228.469705 51740230.090224996 0.0 0.0 16090.387343911398 3.199999998844195 0.0 0.0
536.0 51740230.090224996 51740231.71074499 51740233.331264995 0.0 0.0 16090.387343911398 3.199999998844195 0.0 0.0
537.0 51740233.331264995 51740234.951785 51740236.572304994 0.0 0.0 16090.387343911398 3.199999998844195 0.0 0.0
538.0 51740236.572304994 51740238.19282499 51740239.81334499 0.0 0.0 16090.387343911398 3.199999998844195 0.0 0.0
539.0 51740239.813345 51740241.433864996 51740243.054385 0.0 0.0 16090.387343911398 3.199999998844195 0.0 0.0
540.0 51740243.054385 51740244.674905 51740246.295425 0.0 0.0 16090.387343911398 3.199999998844195 0.0 0.0
541.0 51740246.295425 51740247.91594499 51740249.536465 0.0 0.0 16090.387343911398 3.199999998844195 0.0 0.0
542.0 51740249.536465 51740251.156985 51740252.777504995 0.0 0.0 16090.387343911398 3.199999998844195 0.0 0.0
543.0 51740252.777504995 51740254.39802499 51740256.018544994 0.0 0.0 16090.387343911398 3.199999998844195 0.0 0.0
544.0 51740256.018544994 51740257.639065 51740259.25958499 0.0 0.0 16090.387343911398 3.199999998844195 0.0 0.0
545.0 51740259.25958499 51740260.88010499 51740262.50062499 0.0 0.0 16090.387343911398 3.199999998844195 0.0 0.0
546.0 51740262.500625 51740264.121144995 51740265.741665 0.0 0.0 16090.387343911398 3.199999998844195 0.0 0.0
547.0 51740265.741665 51740267.362185 51740268.982705 0.0 0.0 16090.387343911398 3.199999998844195 0.0 0.0
548.0 51740268.982705 51740270.60322499 51740272.223744996 0.0 0.0 16090.387343911398 3.199999998844195 0.0 0.0
549.0 51740272.223744996 51740273.844265 51740275.464784995 0.0 0.0 16090.387343911398 3.199999998844195 0.0 0.0
550.0 51740275.464784995 51740277.08530499 51740278.70582499 0.0 0.0 16090.387343911398 3.199999998844195 0.0 0.0
551.0 51740278.70582499 51740280.326345 51740281.94686499 0.0 0.0 16090.387343911398 3.199999998844195 0.0 0.0
552.0 51740281.946865 51740283.567385 51740285.187905 0.0 0.0 16090.387343911398 3.199999998844195 0.0 0.0
553.0 51740285.187905 51740286.808424994 51740288.428945 0.0 0.0 16090.387343911398 3.199999998844195 0.0 0.0
554.0 51740288.428945 51740290.049465 51740291.669985 0.0 0.0 16090.387343911398 3.199999998844195 0.0 0.0
555.0 51740291.669985 51740293.29050499 51740294.911024995 0.0 0.0 16090.387343911398 3.199999998844195 0.0 0.0
556.0 51740294.911024995 51740296.531545 51740298.152064994 0.0 0.0 16090.387343911398 3.199999998844195 0.0 0.0
557.0 51740298.152064994 51740299.77258499 51740301.39310499 0.0 0.0 16090.387343911398 3.199999998844195 0.0 0.0
558.0 51740301.393105 51740303.013624996 51740304.634145 0.0 0.0 16090.387343911398 3.199999998844195 0.0 0.0
559.0 51740304.634145 51740306.254665 51740307.875185 0.0 0.0 16090.387343911398 3.199999998844195 0.0 0.0
560.0 51740307.875185 51740309.49570499 51740311.116225 0.0 0.0 16090.387343911398 3.199999998844195 0.0 0.0
561.0 51740311.116225 51740312.736745 51740314.357264996 0.0 0.0 16090.387343911398 3.199999998844195 0.0 0.0
562.0 51740314.357264996 51740315.97778499 51740317.598304994 0.0 0.0 16090.387343911398 3.199999998844195 0.0 0.0
563.0 51740317.598304994 51740319.218825 51740320.83934499 0.0 0.0 16090.387343911398 3.199999998844195 0.0 0.0
564.0 51740320.83934499 51740322.45986499 51740324.08038499 0.0 0.0 16090.387343911398 3.199999998844195 0.0 0.0
565.0 51740324.080385 51740325.700904995 51740327.321425 0.0 0.0 16090.387343911398 3.199999998844195 0.0 0.0
566.0 51740327.321425 51740328.941945 51740330.562465 0.0 0.0 16090.387343911398 3.199999998844195 0.0 0.0
567.0 51740330.562465 51740332.18298499 51740333.803504996 0.0 0.0 16090.387343911398 3.199999998844195 0.0 0.0
568.0 51740333.803504996 51740335.424025 51740337.044544995 0.0 0.0 16090.387343911398 3.199999998844195 0.0 0.0
569.0 51740337.044544995 51740338.66506499 51740340.28558499 0.0 0.0 16090.387343911398 3.199999998844195 0.0 0.0
570.0 51740340.28558499 51740341.906105 51740343.52662499 0.0 0.0 16090.387343911398 3.199999998844195 0.0 0.0
571.0 51740343.526625 51740345.147145 51740346.767665 0.0 0.0 16090.387343911398 3.199999998844195 0.0 0.0
572.0 51740346.767665 51740348.388184994 51740350.008705 0.0 0.0 16090.387343911398 3.199999998844195 0.0 0.0
573.0 51740350.008705 51740351.629225 51740353.249745 0.0 0.0 16090.387343911398 3.199999998844195 0.0 0.0
574.0 51740353.249745 51740354.87026499 51740356.490784995 0.0 0.0 16090.387343911398 3.199999998844195 0.0 0.0
575.0 51740356.490784995 51740358.111305 51740359.731824994 0.0 0.0 16090.387343911398 3.199999998844195 0.0 0.0
576.0 51740359.731824994 51740361.35234499 51740362.97286499 0.0 0.0 16090.387343911398 3.199999998844195 0.0 0.0
577.0 51740362.972865 51740364.593384996 51740366.213905 0.0 0.0 16090.387343911398 3.199999998844195 0.0 0.0
578.0 51740366.213905 51740367.834425 51740369.454945 0.0 0.0 16090.387343911398 3.199999998844195 0.0 0.0
579.0 51740369.454945 51740371.07546499 51740372.695985 0.0 0.0 16090.387343911398 3.199999998844195 0.0 0.0
580.0 51740372.695985 51740374.316505 51740375.937024996 0.0 0.0 16090.387343911398 3.199999998844195 0.0 0.0
581.0 51740375.937024996 51740377.55754499 51740379.178064995 0.0 0.0 16090.387343911398 3.199999998844195 0.0 0.0
582.0 51740379.178064995 51740380.798585 51740382.41910499 0.0 0.0 16090.387343911398 3.199999998844195 0.0 0.0
583.0 51740382.41910499 51740384.03962499 51740385.66014499 0.0 0.0 16090.387343911398 3.199999998844195 0.0 0.0
584.0 51740385.660145 51740387.280664995 51740388.901185 0.0 0.0 16090.387343911398 3.199999998844195 0.0 0.0
585.0 51740388.901185 51740390.521705 51740392.142225 0.0 0.0 16090.387343911398 3.199999998844195 0.0 0.0
586.0 51740392.142225 51740393.76274499 51740395.383264996 0.0 0.0 16090.387343911398 3.199999998844195 0.0 0.0
587.0 51740395.383264996 51740397.003785 51740398.624304995 0.0 0.0 16090.387343911398 3.199999998844195 0.0 0.0
588.0 51740398.624304995 51740400.24482499 51740401.865344994 0.0 0.0 16090.387343911398 3.199999998844195 0.0 0.0
589.0 51740401.865344994 51740403.485865 51740405.10638499 0.0 0.0 16090.387343911398 3.199999998844195 0.0 0.0
590.0 51740405.106385 51740406.726905 51740408.347425 0.0 0.0 16090.387343911398 3.199999998844195 0.0 0.0
591.0 51740408.347425 51740409.967944995 51740411.588465 0.0 0.0 16090.387343911398 3.199999998844195 0.0 0.0
592.0 51740411.588465 51740413.208985 51740414.829505 0.0 0.0 16090.387343911398 3.199999998844195 0.0 0.0
593.0 51740414.829505 51740416.45002499 51740418.070544995 0.0 0.0 16090.387343911398 3.199999998844195 0.0 0.0
594.0 51740418.070544995 51740419.691065 51740421.311584994 0.0 0.0 16090.387343911398 3.199999998844195 0.0 0.0
595.0 51740421.311584994 51740422.93210499 51740424.55262499 0.0 0.0 16090.387343911398 3.199999998844195 0.0 0.0
596.0 51740424.55262499 51740426.173144996 51740427.79366499 0.0 0.0 16090.387343911398 3.199999998844195 0.0 0.0
597.0 51740427.793665 51740429.414185 51740431.034705 0.0 0.0 16090.387343911398 3.199999998844195 0.0 0.0
598.0 51740431.034705 51740432.655224994 51740434.275745 0.0 0.0 16090.387343911398 3.199999998844195 0.0 0.0
599.0 51740434.275745 51740435.896265 51740437.516784996 0.0 0.0 16090.387343911398 3.199999998844195 0.0 0.0
600.0 51740437.516784996 51740439.13730499 51740440.757824995 1.0 1.0 16090.387343911398 3.199999998844195 0.3125000001128716 0.3125000001128716
601.0 51740440.757824995 51740442.378345 51740443.99886499 0.0 0.0 16090.387343911398 3.199999998844195 0.0 0.0
602.0 51740443.99886499 51740445.61938499 51740447.23990499 0.0 0.0 16090.387343911398 3.199999998844195 0.0 0.0
603.0 51740447.239905 51740448.860424995 51740450.480945 0.0 0.0 16090.387343911398 3.199999998844195 0.0 0.0
604.0 51740450.480945 51740452.101465 51740453.721985 0.0 0.0 16090.387343911398 3.199999998844195 0.0 0.0
605.0 51740453.721985 51740455.34250499 51740456.963024996 1.0 1.0 16090.387343911398 3.199999998844195 0.3125000001128716 0.3125000001128716
606.0 51740456.963024996 51740458.583545 51740460.204064995 0.0 0.0 16090.387343911398 3.199999998844195 0.0 0.0
607.0 51740460.204064995 51740461.82458499 51740463.445104994 0.0 0.0 16090.387343911398 3.199999998844195 0.0 0.0
608.0 51740463.445104994 51740465.065625 51740466.68614499 0.0 0.0 16090.387343911398 3.199999998844195 0.0 0.0
609.0 51740466.686145 51740468.306665 51740469.927185 0.0 0.0 16090.387343911398 3.199999998844195 0.0 0.0
610.0 51740469.927185 51740471.547704995 51740473.168225 0.0 0.0 16090.387343911398 3.199999998844195 0.0 0.0
611.0 51740473.168225 51740474.788745 51740476.409265 0.0 0.0 16090.387343911398 3.199999998844195 0.0 0.0
612.0 51740476.409265 51740478.02978499 51740479.650304995 0.0 0.0 16090.387343911398 3.199999998844195 0.0 0.0
613.0 51740479.650304995 51740481.270825 51740482.891344994 0.0 0.0 16090.387343911398 3.199999998844195 0.0 0.0
614.0 51740482.891344994 51740484.51186499 51740486.13238499 0.0 0.0 16090.387343911398 3.199999998844195 0.0 0.0
615.0 51740486.13238499 51740487.752905 51740489.37342499 1.0 1.0 16090.387343911398 3.199999998844195 0.3125000001128716 0.3125000001128716
616.0 51740489.373425 51740490.993945 51740492.614465 1.0 1.0 16090.387343911398 3.199999998844195 0.3125000001128716 0.3125000001128716
617.0 51740492.614465 51740494.234984994 51740495.855505 0.0 0.0 16090.387343911398 3.199999998844195 0.0 0.0
618.0 51740495.855505 51740497.476025 51740499.096544996 0.0 0.0 16090.387343911398 3.199999998844195 0.0 0.0
619.0 51740499.096544996 51740500.71706499 51740502.337584995 0.0 0.0 16090.387343911398 3.199999998844195 0.0 0.0
620.0 51740502.337584995 51740503.958105 51740505.57862499 0.0 0.0 16090.387343911398 3.199999998844195 0.0 0.0
621.0 51740505.57862499 51740507.19914499 51740508.81966499 0.0 0.0 16090.387343911398 3.199999998844195 0.0 0.0
622.0 51740508.819665 51740510.440184996 51740512.060705 0.0 0.0 16090.387343911398 3.199999998844195 0.0 0.0
623.0 51740512.060705 51740513.681225 51740515.301745 0.0 0.0 16090.387343911398 3.199999998844195 0.0 0.0
624.0 51740515.301745 51740516.92226499 51740518.542785 0.0 0.0 16090.387343911398 3.199999998844195 0.0 0.0
625.0 51740518.542785 51740520.163305 51740521.783824995 0.0 0.0 16090.387343911398 3.199999998844195 0.0 0.0
626.0 51740521.783824995 51740523.40434499 51740525.024864994 0.0 0.0 16090.387343911398 3.199999998844195 0.0 0.0
627.0 51740525.024864994 51740526.645385 51740528.26590499 0.0 0.0 16090.387343911398 3.199999998844195 0.0 0.0
628.0 51740528.265905 51740529.886425 51740531.506945 0.0 0.0 16090.387343911398 3.199999998844195 0.0 0.0
629.0 51740531.506945 51740533.127464995 51740534.747985 0.0 0.0 16090.387343911398 3.199999998844195 0.0 0.0
630.0 51740534.747985 51740536.368505 51740537.989025 0.0 0.0 16090.387343911398 3.199999998844195 0.0 0.0
631.0 51740537.989025 51740539.60954499 51740541.230064996 0.0 0.0 16090.387343911398 3.199999998844195 0.0 0.0
632.0 51740541.230064996 51740542.850585 51740544.471104994 0.0 0.0 16090.387343911398 3.199999998844195 0.0 0.0
633.0 51740544.471104994 51740546.09162499 51740547.71214499 0.0 0.0 16090.387343911398 3.199999998844195 0.0 0.0
634.0 51740547.71214499 51740549.332665 51740550.95318499 0.0 0.0 16090.387343911398 3.199999998844195 0.0 0.0
635.0 51740550.953185 51740552.573705 51740554.194225 0.0 0.0 16090.387343911398 3.199999998844195 0.0 0.0
636.0 51740554.194225 51740555.814744994 51740557.435265 0.0 0.0 16090.387343911398 3.199999998844195 0.0 0.0
637.0 51740557.435265 51740559.055785 51740560.676304996 0.0 0.0 16090.387343911398 3.199999998844195 0.0 0.0
638.0 51740560.676304996 51740562.29682499 51740563.917344995 0.0 0.0 16090.387343911398 3.199999998844195 0.0 0.0
639.0 51740563.917344995 51740565.537865 51740567.15838499 0.0 0.0 16090.387343911398 3.199999998844195 0.0 0.0
640.0 51740567.15838499 51740568.77890499 51740570.39942499 0.0 0.0 16090.387343911398 3.199999998844195 0.0 0.0
641.0 51740570.399425 51740572.019944996 51740573.640465 0.0 0.0 16090.387343911398 3.199999998844195 0.0 0.0
642.0 51740573.640465 51740575.260985 51740576.881505 2.0 1.4142135623730951 16090.387343911398 3.199999998844195 0.6250000002257432 0.44194173840121675
643.0 51740576.881505 51740578.50202499 51740580.122545 0.0 0.0 16090.387343911398 3.199999998844195 0.0 0.0
644.0 51740580.122545 51740581.743065 51740583.363584995 0.0 0.0 16090.387343911398 3.199999998844195 0.0 0.0
645.0 51740583.363584995 51740584.98410499 51740586.604624994 0.0 0.0 16090.387343911398 3.199999998844195 0.0 0.0
646.0 51740586.604624994 51740588.225145 51740589.84566499 0.0 0.0 16090.387343911398 3.199999998844195 0.0 0.0
647.0 51740589.84566499 51740591.46618499 51740593.08670499 0.0 0.0 16090.387343911398 3.199999998844195 0.0 0.0
648.0 51740593.086705 51740594.707224995 51740596.327745 0.0 0.0 16090.387343911398 3.199999998844195 0.0 0.0
649.0 51740596.327745 51740597.948265 51740599.568785 0.0 0.0 16090.387343911398 3.199999998844195 0.0 0.0
650.0 51740599.568785 51740601.18930499 51740602.809824996 0.0 0.0 16090.387343911398 3.199999998844195 0.0 0.0
651.0 51740602.809824996 51740604.430345 51740606.050864995 0.0 0.0 16090.387343911398 3.199999998844195 0.0 0.0
652.0 51740606.050864995 51740607.67138499 51740609.29190499 0.0 0.0 16090.387343911398 3.199999998844195 0.0 0.0
653.0 51740609.29190499 51740610.912425 51740612.53294499 0.0 0.0 16090.387343911398 3.199999998844195 0.0 0.0
654.0 51740612.532945 51740614.153465 51740615.773985 0.0 0.0 16090.387343911398 3.199999998844195 0.0 0.0
655.0 51740615.773985 51740617.394504994 51740619.015025 0.0 0.0 16090.387343911398 3.199999998844195 0.0 0.0
656.0 51740619.015025 51740620.635545 51740622.256064996 0.0 0.0 16090.387343911398 3.199999998844195 0.0 0.0
657.0 51740622.256064996 51740623.87658499 51740625.497104995 0.0 0.0 16090.387343911398 3.199999998844195 0.0 0.0
658.0 51740625.497104995 51740627.117625 51740628.738144994 0.0 0.0 16090.387343911398 3.199999998844195 0.0 0.0
659.0 51740628.738144994 51740630.35866499 51740631.97918499 0.0 0.0 16090.387343911398 3.199999998844195 0.0 0.0
660.0 51740631.979185 51740633.599704996 51740635.220225 0.0 0.0 16090.387343911398 3.199999998844195 0.0 0.0
661.0 51740635.220225 51740636.840745 51740638.461265 0.0 0.0 16090.387343911398 3.199999998844195 0.0 0.0
662.0 51740638.461265 51740640.08178499 51740641.702305 0.0 0.0 16090.387343911398 3.199999998844195 0.0 0.0
663.0 51740641.702305 51740643.322825 51740644.943344995 0.0 0.0 16090.387343911398 3.199999998844195 0.0 0.0
664.0 51740644.943344995 51740646.56386499 51740648.184384994 0.0 0.0 16090.387343911398 3.199999998844195 0.0 0.0
665.0 51740648.184384994 51740649.804905 51740651.42542499 0.0 0.0 16090.387343911398 3.199999998844195 0.0 0.0
666.0 51740651.42542499 51740653.04594499 51740654.66646499 0.0 0.0 16090.387343911398 3.199999998844195 0.0 0.0
667.0 51740654.666465 51740656.286984995 51740657.907505 0.0 0.0 16090.387343911398 3.199999998844195 0.0 0.0
668.0 51740657.907505 51740659.528025 51740661.148545 5.0 2.23606797749979 16090.387343911398 3.199999998844195 1.562500000564358 0.6987712432210729
669.0 51740661.148545 51740662.76906499 51740664.389584996 0.0 0.0 16090.387343911398 3.199999998844195 0.0 0.0
670.0 51740664.389584996 51740666.010105 51740667.630624995 0.0 0.0 16090.387343911398 3.199999998844195 0.0 0.0
671.0 51740667.630624995 51740669.25114499 51740670.87166499 0.0 0.0 16090.387343911398 3.199999998844195 0.0 0.0
672.0 51740670.87166499 51740672.492185 51740674.11270499 0.0 0.0 16090.387343911398 3.199999998844195 0.0 0.0
673.0 51740674.112705 51740675.733225 51740677.353745 0.0 0.0 16090.387343911398 3.199999998844195 0.0 0.0
674.0 51740677.353745 51740678.974264994 51740680.594785 0.0 0.0 16090.387343911398 3.199999998844195 0.0 0.0
675.0 51740680.594785 51740682.215305 51740683.835824996 0.0 0.0 16090.387343911398 3.199999998844195 0.0 0.0
676.0 51740683.835824996 51740685.45634499 51740687.076864995 0.0 0.0 16090.387343911398 3.199999998844195 0.0 0.0
677.0 51740687.076864995 51740688.697385 51740690.317904994 0.0 0.0 16090.387343911398 3.199999998844195 0.0 0.0
678.0 51740690.317904994 51740691.93842499 51740693.55894499 1.0 1.0 16090.387343911398 3.199999998844195 0.3125000001128716 0.3125000001128716
679.0 51740693.558945 51740695.179464996 51740696.799985 0.0 0.0 16090.387343911398 3.199999998844195 0.0 0.0
680.0 51740696.799985 51740698.420505 51740700.041025 0.0 0.0 16090.387343911398 3.199999998844195 0.0 0.0
681.0 51740700.041025 51740701.66154499 51740703.282065 0.0 0.0 16090.387343911398 3.199999998844195 0.0 0.0
682.0 51740703.282065 51740704.902585 51740706.523104995 0.0 0.0 16090.387343911398 3.199999998844195 0.0 0.0
683.0 51740706.523104995 51740708.14362499 51740709.764144994 0.0 0.0 16090.387343911398 3.199999998844195 0.0 0.0
684.0 51740709.764144994 51740711.384665 51740713.00518499 0.0 0.0 16090.387343911398 3.199999998844195 0.0 0.0
685.0 51740713.00518499 51740714.62570499 51740716.24622499 0.0 0.0 16090.387343911398 3.199999998844195 0.0 0.0
686.0 51740716.246225 51740717.866744995 51740719.487265 0.0 0.0 16090.387343911398 3.199999998844195 0.0 0.0
687.0 51740719.487265 51740721.107785 51740722.728305 0.0 0.0 16090.387343911398 3.199999998844195 0.0 0.0
688.0 51740722.728305 51740724.34882499 51740725.969344996 0.0 0.0 16090.387343911398 3.199999998844195 0.0 0.0
689.0 51740725.969344996 51740727.589865 51740729.210384995 0.0 0.0 16090.387343911398 3.199999998844195 0.0 0.0
690.0 51740729.210384995 51740730.83090499 51740732.45142499 0.0 0.0 16090.387343911398 3.199999998844195 0.0 0.0
691.0 51740732.45142499 51740734.071945 51740735.69246499 0.0 0.0 16090.387343911398 3.199999998844195 0.0 0.0
692.0 51740735.692465 51740737.312985 51740738.933505 0.0 0.0 16090.387343911398 3.199999998844195 0.0 0.0
693.0 51740738.933505 51740740.554024994 51740742.174545 0.0 0.0 16090.387343911398 3.199999998844195 0.0 0.0
694.0 51740742.174545 51740743.795065 51740745.415585 0.0 0.0 16090.387343911398 3.199999998844195 0.0 0.0
695.0 51740745.415585 51740747.03610499 51740748.656624995 0.0 0.0 16090.387343911398 3.199999998844195 0.0 0.0
696.0 51740748.656624995 51740750.277145 51740751.897664994 0.0 0.0 16090.387343911398 3.199999998844195 0.0 0.0
697.0 51740751.897664994 51740753.51818499 51740755.13870499 0.0 0.0 16090.387343911398 3.199999998844195 0.0 0.0
698.0 51740755.138705 51740756.759224996 51740758.379745 0.0 0.0 16090.387343911398 3.199999998844195 0.0 0.0
699.0 51740758.379745 51740760.000265 51740761.620785 0.0 0.0 16090.387343911398 3.199999998844195 0.0 0.0
700.0 51740761.620785 51740763.24130499 51740764.861825 0.0 0.0 16090.387343911398 3.199999998844195 0.0 0.0
701.0 51740764.861825 51740766.482345 51740768.102864996 0.0 0.0 16090.387343911398 3.199999998844195 0.0 0.0
702.0 51740768.102864996 51740769.72338499 51740771.343904994 0.0 0.0 16090.387343911398 3.199999998844195 0.0 0.0
703.0 51740771.343904994 51740772.964425 51740774.58494499 0.0 0.0 16090.387343911398 3.199999998844195 0.0 0.0
704.0 51740774.58494499 51740776.20546499 51740777.82598499 0.0 0.0 16090.387343911398 3.199999998844195 0.0 0.0
705.0 51740777.825985 51740779.446504995 51740781.067025 0.0 0.0 16090.387343911398 3.199999998844195 0.0 0.0
706.0 51740781.067025 51740782.687545 51740784.308065 0.0 0.0 16090.387343911398 3.199999998844195 0.0 0.0
707.0 51740784.308065 51740785.92858499 51740787.549104996 0.0 0.0 16090.387343911398 3.199999998844195 0.0 0.0
708.0 51740787.549104996 51740789.169625 51740790.790144995 0.0 0.0 16090.387343911398 3.199999998844195 0.0 0.0
709.0 51740790.790144995 51740792.41066499 51740794.03118499 0.0 0.0 16090.387343911398 3.199999998844195 0.0 0.0
710.0 51740794.03118499 51740795.651705 51740797.27222499 0.0 0.0 16090.387343911398 3.199999998844195 0.0 0.0
711.0 51740797.272225 51740798.892745 51740800.513265 0.0 0.0 16090.387343911398 3.199999998844195 0.0 0.0
712.0 51740800.513265 51740802.133784994 51740803.754305 0.0 0.0 16090.387343911398 3.199999998844195 0.0 0.0
713.0 51740803.754305 51740805.374825 51740806.995345 0.0 0.0 16090.387343911398 3.199999998844195 0.0 0.0
714.0 51740806.995345 51740808.61586499 51740810.236384995 0.0 0.0 16090.387343911398 3.199999998844195 0.0 0.0
715.0 51740810.236384995 51740811.856905 51740813.477424994 0.0 0.0 16090.387343911398 3.199999998844195 0.0 0.0
716.0 51740813.477424994 51740815.09794499 51740816.71846499 0.0 0.0 16090.387343911398 3.199999998844195 0.0 0.0
717.0 51740816.71846499 51740818.338984996 51740819.95950499 0.0 0.0 16090.387343911398 3.199999998844195 0.0 0.0
718.0 51740819.959505 51740821.580025 51740823.200545 0.0 0.0 16090.387343911398 3.199999998844195 0.0 0.0
719.0 51740823.200545 51740824.821064994 51740826.441585 0.0 0.0 16090.387343911398 3.199999998844195 0.0 0.0
720.0 51740826.441585 51740828.062105 51740829.682624996 0.0 0.0 16090.387343911398 3.199999998844195 0.0 0.0
721.0 51740829.682624996 51740831.30314499 51740832.923664995 0.0 0.0 16090.387343911398 3.199999998844195 0.0 0.0
722.0 51740832.923664995 51740834.544185 51740836.16470499 0.0 0.0 16090.387343911398 3.199999998844195 0.0 0.0
723.0 51740836.16470499 51740837.78522499 51740839.40574499 0.0 0.0 16090.387343911398 3.199999998844195 0.0 0.0
724.0 51740839.405745 51740841.026264995 51740842.646785 0.0 0.0 16090.387343911398 3.199999998844195 0.0 0.0
725.0 51740842.646785 51740844.267305 51740845.887825 0.0 0.0 16090.387343911398 3.199999998844195 0.0 0.0
726.0 51740845.887825 51740847.50834499 51740849.128864996 0.0 0.0 16090.387343911398 3.199999998844195 0.0 0.0
727.0 51740849.128864996 51740850.749385 51740852.369904995 0.0 0.0 16090.387343911398 3.199999998844195 0.0 0.0
728.0 51740852.369904995 51740853.99042499 51740855.610944994 0.0 0.0 16090.387343911398 3.199999998844195 0.0 0.0
729.0 51740855.610944994 51740857.231465 51740858.85198499 0.0 0.0 16090.387343911398 3.199999998844195 0.0 0.0
730.0 51740858.851985 51740860.472505 51740862.093025 0.0 0.0 16090.387343911398 3.199999998844195 0.0 0.0
731.0 51740862.093025 51740863.713544995 51740865.334065 0.0 0.0 16090.387343911398 3.199999998844195 0.0 0.0
732.0 51740865.334065 51740866.954585 51740868.575105 0.0 0.0 16090.387343911398 3.199999998844195 0.0 0.0
733.0 51740868.575105 51740870.19562499 51740871.816144995 0.0 0.0 16090.387343911398 3.199999998844195 0.0 0.0
734.0 51740871.816144995 51740873.436665 51740875.057184994 0.0 0.0 16090.387343911398 3.199999998844195 0.0 0.0
735.0 51740875.057184994 51740876.67770499 51740878.29822499 0.0 0.0 16090.387343911398 3.199999998844195 0.0 0.0
736.0 51740878.29822499 51740879.918744996 51740881.53926499 0.0 0.0 16090.387343911398 3.199999998844195 0.0 0.0
737.0 51740881.539265 51740883.159785 51740884.780305 0.0 0.0 16090.387343911398 3.199999998844195 0.0 0.0
738.0 51740884.780305 51740886.400824994 51740888.021345 0.0 0.0 16090.387343911398 3.199999998844195 0.0 0.0
739.0 51740888.021345 51740889.641865 51740891.262384996 0.0 0.0 16090.387343911398 3.199999998844195 0.0 0.0
740.0 51740891.262384996 51740892.88290499 51740894.503424995 0.0 0.0 16090.387343911398 3.199999998844195 0.0 0.0
741.0 51740894.503424995 51740896.123945 51740897.74446499 0.0 0.0 16090.387343911398 3.199999998844195 0.0 0.0
742.0 51740897.74446499 51740899.36498499 51740900.98550499 0.0 0.0 16090.387343911398 3.199999998844195 0.0 0.0
743.0 51740900.985505 51740902.606024995 51740904.226545 0.0 0.0 16090.387343911398 3.199999998844195 0.0 0.0
744.0 51740904.226545 51740905.847065 51740907.467585 0.0 0.0 16090.387343911398 3.199999998844195 0.0 0.0
745.0 51740907.467585 51740909.08810499 51740910.708624996 0.0 0.0 16090.387343911398 3.199999998844195 0.0 0.0
746.0 51740910.708624996 51740912.329145 51740913.949664995 0.0 0.0 16090.387343911398 3.199999998844195 0.0 0.0
747.0 51740913.949664995 51740915.57018499 51740917.190704994 1.0 1.0 16090.387343911398 3.199999998844195 0.3125000001128716 0.3125000001128716
748.0 51740917.190704994 51740918.811225 51740920.43174499 1.0 1.0 16090.387343911398 3.199999998844195 0.3125000001128716 0.3125000001128716
749.0 51740920.431745 51740922.052265 51740923.672785 0.0 0.0 16090.387343911398 3.199999998844195 0.0 0.0
750.0 51740923.672785 51740925.293304995 51740926.913825 0.0 0.0 16090.387343911398 3.199999998844195 0.0 0.0
751.0 51740926.913825 51740928.534345 51740930.154865 0.0 0.0 16090.387343911398 3.199999998844195 0.0 0.0
752.0 51740930.154865 51740931.77538499 51740933.395904996 0.0 0.0 16090.387343911398 3.199999998844195 0.0 0.0
753.0 51740933.395904996 51740935.016425 51740936.636944994 0.0 0.0 16090.387343911398 3.199999998844195 0.0 0.0
754.0 51740936.636944994 51740938.25746499 51740939.87798499 0.0 0.0 16090.387343911398 3.199999998844195 0.0 0.0
755.0 51740939.87798499 51740941.498505 51740943.11902499 0.0 0.0 16090.387343911398 3.199999998844195 0.0 0.0
756.0 51740943.119025 51740944.739545 51740946.360065 0.0 0.0 16090.387343911398 3.199999998844195 0.0 0.0
757.0 51740946.360065 51740947.980584994 51740949.601105 0.0 0.0 16090.387343911398 3.199999998844195 0.0 0.0
758.0 51740949.601105 51740951.221625 51740952.842144996 0.0 0.0 16090.387343911398 3.199999998844195 0.0 0.0
759.0 51740952.842144996 51740954.46266499 51740956.083184995 0.0 0.0 16090.387343911398 3.199999998844195 0.0 0.0
760.0 51740956.083184995 51740957.703705 51740959.32422499 0.0 0.0 16090.387343911398 3.199999998844195 0.0 0.0
761.0 51740959.32422499 51740960.94474499 51740962.56526499 0.0 0.0 16090.387343911398 3.199999998844195 0.0 0.0
762.0 51740962.565265 51740964.185784996 51740965.806305 0.0 0.0 16090.387343911398 3.199999998844195 0.0 0.0
763.0 51740965.806305 51740967.426825 51740969.047345 0.0 0.0 16090.387343911398 3.199999998844195 0.0 0.0
764.0 51740969.047345 51740970.66786499 51740972.288385 0.0 0.0 16090.387343911398 3.199999998844195 0.0 0.0
765.0 51740972.288385 51740973.908905 51740975.529424995 0.0 0.0 16090.387343911398 3.199999998844195 0.0 0.0
766.0 51740975.529424995 51740977.14994499 51740978.770464994 0.0 0.0 16090.387343911398 3.199999998844195 0.0 0.0
767.0 51740978.770464994 51740980.390985 51740982.01150499 0.0 0.0 16090.387343911398 3.199999998844195 0.0 0.0
768.0 51740982.011505 51740983.632025 51740985.252545 0.0 0.0 16090.387343911398 3.199999998844195 0.0 0.0
769.0 51740985.252545 51740986.873064995 51740988.493585 0.0 0.0 16090.387343911398 3.199999998844195 0.0 0.0
770.0 51740988.493585 51740990.114105 51740991.734625 0.0 0.0 16090.387343911398 3.199999998844195 0.0 0.0
771.0 51740991.734625 51740993.35514499 51740994.975664996 0.0 0.0 16090.387343911398 3.199999998844195 0.0 0.0
772.0 51740994.975664996 51740996.596185 51740998.216704994 0.0 0.0 16090.387343911398 3.199999998844195 0.0 0.0
773.0 51740998.216704994 51740999.83722499 51741001.45774499 0.0 0.0 16090.387343911398 3.199999998844195 0.0 0.0
774.0 51741001.45774499 51741003.078265 51741004.69878499 0.0 0.0 16090.387343911398 3.199999998844195 0.0 0.0
775.0 51741004.698785 51741006.319305 51741007.939825 0.0 0.0 16090.387343911398 3.199999998844195 0.0 0.0
776.0 51741007.939825 51741009.560344994 51741011.180865 0.0 0.0 16090.387343911398 3.199999998844195 0.0 0.0
777.0 51741011.180865 51741012.801385 51741014.421904996 0.0 0.0 16090.387343911398 3.199999998844195 0.0 0.0
778.0 51741014.421904996 51741016.04242499 51741017.662944995 0.0 0.0 16090.387343911398 3.199999998844195 0.0 0.0
779.0 51741017.662944995 51741019.283465 51741020.90398499 0.0 0.0 16090.387343911398 3.199999998844195 0.0 0.0
780.0 51741020.90398499 51741022.52450499 51741024.14502499 0.0 0.0 16090.387343911398 3.199999998844195 0.0 0.0
781.0 51741024.145025 51741025.765544996 51741027.386065 0.0 0.0 16090.387343911398 3.199999998844195 0.0 0.0
782.0 51741027.386065 51741029.006585 51741030.627105 0.0 0.0 16090.387343911398 3.199999998844195 0.0 0.0
783.0 51741030.627105 51741032.24762499 51741033.868145 0.0 0.0 16090.387343911398 3.199999998844195 0.0 0.0
784.0 51741033.868145 51741035.488665 51741037.109184995 0.0 0.0 16090.387343911398 3.199999998844195 0.0 0.0
785.0 51741037.109184995 51741038.72970499 51741040.350224994 0.0 0.0 16090.387343911398 3.199999998844195 0.0 0.0
786.0 51741040.350224994 51741041.970745 51741043.59126499 0.0 0.0 16090.387343911398 3.199999998844195 0.0 0.0
787.0 51741043.59126499 51741045.21178499 51741046.83230499 0.0 0.0 16090.387343911398 3.199999998844195 0.0 0.0
788.0 51741046.832305 51741048.452824995 51741050.073345 0.0 0.0 16090.387343911398 3.199999998844195 0.0 0.0
789.0 51741050.073345 51741051.693865 51741053.314385 0.0 0.0 16090.387343911398 3.199999998844195 0.0 0.0
790.0 51741053.314385 51741054.93490499 51741056.555424996 0.0 0.0 16090.387343911398 3.199999998844195 0.0 0.0
791.0 51741056.555424996 51741058.175945 51741059.796464995 0.0 0.0 16090.387343911398 3.199999998844195 0.0 0.0
792.0 51741059.796464995 51741061.41698499 51741063.03750499 0.0 0.0 16090.387343911398 3.199999998844195 0.0 0.0
793.0 51741063.03750499 51741064.658025 51741066.27854499 1.0 1.0 16090.387343911398 3.199999998844195 0.3125000001128716 0.3125000001128716
794.0 51741066.278545 51741067.899065 51741069.519585 0.0 0.0 16090.387343911398 3.199999998844195 0.0 0.0
795.0 51741069.519585 51741071.140104994 51741072.760625 0.0 0.0 16090.387343911398 3.199999998844195 0.0 0.0
796.0 51741072.760625 51741074.381145 51741076.001664996 0.0 0.0 16090.387343911398 3.199999998844195 0.0 0.0
797.0 51741076.001664996 51741077.62218499 51741079.242704995 0.0 0.0 16090.387343911398 3.199999998844195 0.0 0.0
798.0 51741079.242704995 51741080.863225 51741082.483744994 0.0 0.0 16090.387343911398 3.199999998844195 0.0 0.0
799.0 51741082.483744994 51741084.10426499 51741085.72478499 0.0 0.0 16090.387343911398 3.199999998844195 0.0 0.0
800.0 51741085.724785 51741087.345304996 51741088.965825 0.0 0.0 16090.387343911398 3.199999998844195 0.0 0.0
801.0 51741088.965825 51741090.586345 51741092.206865 0.0 0.0 16090.387343911398 3.199999998844195 0.0 0.0
802.0 51741092.206865 51741093.82738499 51741095.447905 0.0 0.0 16090.387343911398 3.199999998844195 0.0 0.0
803.0 51741095.447905 51741097.068425 51741098.688944995 0.0 0.0 16090.387343911398 3.199999998844195 0.0 0.0
804.0 51741098.688944995 51741100.30946499 51741101.929984994 0.0 0.0 16090.387343911398 3.199999998844195 0.0 0.0
805.0 51741101.929984994 51741103.550505 51741105.17102499 0.0 0.0 16090.387343911398 3.199999998844195 0.0 0.0
806.0 51741105.17102499 51741106.79154499 51741108.41206499 0.0 0.0 16090.387343911398 3.199999998844195 0.0 0.0
807.0 51741108.412065 51741110.032584995 51741111.653105 0.0 0.0 16090.387343911398 3.199999998844195 0.0 0.0
808.0 51741111.653105 51741113.273625 51741114.894145 0.0 0.0 16090.387343911398 3.199999998844195 0.0 0.0
809.0 51741114.894145 51741116.51466499 51741118.135184996 1.0 1.0 16090.387343911398 3.199999998844195 0.3125000001128716 0.3125000001128716
810.0 51741118.135184996 51741119.755705 51741121.376224995 0.0 0.0 16090.387343911398 3.199999998844195 0.0 0.0
811.0 51741121.376224995 51741122.99674499 51741124.61726499 0.0 0.0 16090.387343911398 3.199999998844195 0.0 0.0
812.0 51741124.61726499 51741126.237785 51741127.85830499 0.0 0.0 16090.387343911398 3.199999998844195 0.0 0.0
813.0 51741127.858305 51741129.478825 51741131.099345 0.0 0.0 16090.387343911398 3.199999998844195 0.0 0.0
814.0 51741131.099345 51741132.719864994 51741134.340385 0.0 0.0 16090.387343911398 3.199999998844195 0.0 0.0
815.0 51741134.340385 51741135.960905 51741137.581424996 0.0 0.0 16090.387343911398 3.199999998844195 0.0 0.0
816.0 51741137.581424996 51741139.20194499 51741140.822464995 0.0 0.0 16090.387343911398 3.199999998844195 0.0 0.0
817.0 51741140.822464995 51741142.442985 51741144.063504994 0.0 0.0 16090.387343911398 3.199999998844195 0.0 0.0
818.0 51741144.063504994 51741145.68402499 51741147.30454499 0.0 0.0 16090.387343911398 3.199999998844195 0.0 0.0
819.0 51741147.304545 51741148.925064996 51741150.545585 0.0 0.0 16090.387343911398 3.199999998844195 0.0 0.0
820.0 51741150.545585 51741152.166105 51741153.786625 0.0 0.0 16090.387343911398 3.199999998844195 0.0 0.0
821.0 51741153.786625 51741155.40714499 51741157.027665 0.0 0.0 16090.387343911398 3.199999998844195 0.0 0.0
822.0 51741157.027665 51741158.648185 51741160.268704996 0.0 0.0 16090.387343911398 3.199999998844195 0.0 0.0
823.0 51741160.268704996 51741161.88922499 51741163.509744994 0.0 0.0 16090.387343911398 3.199999998844195 0.0 0.0
824.0 51741163.509744994 51741165.130265 51741166.75078499 0.0 0.0 16090.387343911398 1.3192818041417238 0.0 0.0
825.0 51741166.75078499 51741168.37130499 51741169.99182499 0.0 0.0 16090.387343911398 0.0 0.0 0.0
826.0 51741169.991825 51741171.612344995 51741173.232865 0.0 0.0 16090.387343911398 0.0 0.0 0.0
827.0 51741173.232865 51741174.853385 51741176.473905 0.0 0.0 16090.387343911398 0.0 0.0 0.0
828.0 51741176.473905 51741178.09442499 51741179.714944996 0.0 0.0 16090.387343911398 0.0 0.0 0.0
829.0 51741179.714944996 51741181.335465 51741182.955984995 0.0 0.0 16090.387343911398 0.0 0.0 0.0
830.0 51741182.955984995 51741184.57650499 51741186.19702499 0.0 0.0 16090.387343911398 0.0 0.0 0.0
831.0 51741186.19702499 51741187.817545 51741189.43806499 0.0 0.0 16090.387343911398 0.0 0.0 0.0
832.0 51741189.438065 51741191.058585 51741192.679105 0.0 0.0 16090.387343911398 0.0 0.0 0.0
833.0 51741192.679105 51741194.299624994 51741195.920145 0.0 0.0 16090.387343911398 0.0 0.0 0.0
834.0 51741195.920145 51741197.540665 51741199.161185 0.0 0.0 16090.387343911398 0.0 0.0 0.0
835.0 51741199.161185 51741200.78170499 51741202.402224995 0.0 0.0 16090.387343911398 0.0 0.0 0.0
836.0 51741202.402224995 51741204.022745 51741205.643264994 0.0 0.0 16090.387343911398 0.0 0.0 0.0
837.0 51741205.643264994 51741207.26378499 51741208.88430499 0.0 0.0 16090.387343911398 0.0 0.0 0.0
838.0 51741208.884305 51741210.504824996 51741212.125345 0.0 0.0 16090.387343911398 0.0 0.0 0.0
839.0 51741212.125345 51741213.745865 51741215.366385 0.0 0.0 16090.387343911398 0.0 0.0 0.0
840.0 51741215.366385 51741216.98690499 51741218.607425 0.0 0.0 16090.387343911398 0.0 0.0 0.0
841.0 51741218.607425 51741220.227945 51741221.848464996 0.0 0.0 16090.387343911398 0.0 0.0 0.0
842.0 51741221.848464996 51741223.46898499 51741225.089504994 0.0 0.0 16090.387343911398 0.0 0.0 0.0
843.0 51741225.089504994 51741226.710025 51741228.33054499 0.0 0.0 16090.387343911398 0.0 0.0 0.0
844.0 51741228.33054499 51741229.95106499 51741231.57158499 0.0 0.0 16090.387343911398 0.0 0.0 0.0
845.0 51741231.571585 51741233.192104995 51741234.812625 0.0 0.0 16090.387343911398 0.0 0.0 0.0
846.0 51741234.812625 51741236.433145 51741238.053665 0.0 0.0 16090.387343911398 0.0 0.0 0.0
847.0 51741238.053665 51741239.67418499 51741241.294704996 0.0 0.0 16090.387343911398 0.0 0.0 0.0
848.0 51741241.294704996 51741242.915225 51741244.535744995 0.0 0.0 16090.387343911398 0.0 0.0 0.0
849.0 51741244.535744995 51741246.15626499 51741247.77678499 0.0 0.0 16090.387343911398 0.0 0.0 0.0
850.0 51741247.77678499 51741249.397305 51741251.01782499 0.0 0.0 16090.387343911398 0.0 0.0 0.0
851.0 51741251.017825 51741252.638345 51741254.258865 0.0 0.0 16090.387343911398 0.0 0.0 0.0
852.0 51741254.258865 51741255.879384995 51741257.499905 0.0 0.0 16090.387343911398 0.0 0.0 0.0
853.0 51741257.499905 51741259.120425 51741260.740945 0.0 0.0 16090.387343911398 0.0 0.0 0.0
854.0 51741260.740945 51741262.36146499 51741263.981984995 0.0 0.0 16090.387343911398 0.0 0.0 0.0
855.0 51741263.981984995 51741265.602505 51741267.223024994 0.0 0.0 16090.387343911398 0.0 0.0 0.0
856.0 51741267.223024994 51741268.84354499 51741270.46406499 0.0 0.0 16090.387343911398 0.0 0.0 0.0
857.0 51741270.46406499 51741272.084584996 51741273.70510499 0.0 0.0 16090.387343911398 0.0 0.0 0.0
858.0 51741273.705105 51741275.325625 51741276.946145 0.0 0.0 16090.387343911398 0.0 0.0 0.0
859.0 51741276.946145 51741278.566664994 51741280.187185 0.0 0.0 16090.387343911398 0.0 0.0 0.0
860.0 51741280.187185 51741281.807705 51741283.428224996 0.0 0.0 16090.387343911398 0.0 0.0 0.0
861.0 51741283.428224996 51741285.04874499 51741286.669264995 0.0 0.0 16090.387343911398 0.0 0.0 0.0
862.0 51741286.669264995 51741288.289785 51741289.91030499 0.0 0.0 16090.387343911398 0.0 0.0 0.0
863.0 51741289.91030499 51741291.53082499 51741293.15134499 0.0 0.0 16090.387343911398 0.0 0.0 0.0
864.0 51741293.151345 51741294.771864995 51741296.392385 0.0 0.0 16090.387343911398 0.0 0.0 0.0
865.0 51741296.392385 51741298.012905 51741299.633425 0.0 0.0 16090.387343911398 0.0 0.0 0.0
