TIME_BIN TIME_MIN TIME TIME_MAX COUNTS STAT_ERR AREA EXPOSURE COUNT_RATE COUNT_RATE_ERR
1.0 51735695.833725 51735697.454245 51735699.074765 0.0 0.0 2633.3679940881802 0.0 0.0 0.0
2.0 51735699.074765 51735700.69528499 51735702.315804996 0.0 0.0 2633.3679940881802 0.0 0.0 0.0
3.0 51735702.315804996 51735703.936325 51735705.556844994 0.0 0.0 2633.3679940881802 0.0 0.0 0.0
4.0 51735705.556844994 51735707.17736499 51735708.79788499 0.0 0.0 2633.3679940881802 0.0 0.0 0.0
5.0 51735708.797885 51735710.418405 51735712.038925 0.0 0.0 2633.3679940881802 0.0 0.0 0.0
6.0 51735712.038925 51735713.659445 51735715.279965 0.0 0.0 2633.3679940881802 0.0 0.0 0.0
7.0 51735715.279965 51735716.900484994 51735718.521005 0.0 0.0 2633.3679940881802 0.0 0.0 0.0
8.0 51735718.521005 51735720.141525 51735721.762044996 0.0 0.0 2633.3679940881802 0.0 0.0 0.0
9.0 51735721.762044996 51735723.38256499 51735725.003084995 0.0 0.0 2633.3679940881802 0.0 0.0 0.0
10.0 51735725.003084995 51735726.623605 51735728.24412499 0.0 0.0 2633.3679940881802 0.0 0.0 0.0
11.0 51735728.244125 51735729.864645004 51735731.485165 0.0 0.0 2633.3679940881802 0.0 0.0 0.0
12.0 51735731.485165 51735733.105684996 51735734.726205 0.0 0.0 2633.3679940881802 0.0 0.0 0.0
13.0 51735734.726205 51735736.346725 51735737.967245 0.0 0.0 2633.3679940881802 0.0 0.0 0.0
14.0 51735737.967245 51735739.58776499 51735741.208285 0.0 0.0 2633.3679940881802 0.0 0.0 0.0
15.0 51735741.208285 51735742.828805 51735744.449324995 0.0 0.0 2633.3679940881802 0.0 0.0 0.0
16.0 51735744.449324995 51735746.06984499 51735747.690364994 0.0 0.0 2633.3679940881802 0.0 0.0 0.0
17.0 51735747.690365 51735749.310885 51735750.931405 0.0 0.0 2633.3679940881802 0.0 0.0 0.0
18.0 51735750.931405 51735752.551925 51735754.172445 0.0 0.0 2633.3679940881802 0.0 0.0 0.0
19.0 51735754.172445 51735755.792964995 51735757.413485 0.0 0.0 2633.3679940881802 0.0 0.0 0.0
20.0 51735757.413485 51735759.034005 51735760.654525 0.0 0.0 2633.3679940881802 0.0 0.0 0.0
21.0 51735760.654525 51735762.27504499 51735763.895564996 0.0 0.0 2633.3679940881802 0.0 0.0 0.0
22.0 51735763.895564996 51735765.516085 51735767.136604995 0.0 0.0 2633.3679940881802 0.0 0.0 0.0
23.0 51735767.136604995 51735768.75712499 51735770.37764499 0.0 0.0 2633.3679940881802 0.0 0.0 0.0
24.0 51735770.377645 51735771.998165 51735773.618685 0.0 0.0 2633.3679940881802 0.0 0.0 0.0
25.0 51735773.618685 51735775.239205 51735776.859725 0.0 0.0 2633.3679940881802 0.0 0.0 0.0
26.0 51735776.859725 51735778.480244994 51735780.100765 0.0 0.0 2633.3679940881802 0.0 0.0 0.0
27.0 51735780.100765 51735781.721285 51735783.341804996 0.0 0.0 2633.3679940881802 0.0 0.0 0.0
28.0 51735783.341804996 51735784.96232499 51735786.582844995 0.0 0.0 2633.3679940881802 0.0 0.0 0.0
29.0 51735786.582844995 51735788.203365 51735789.823884994 0.0 0.0 2633.3679940881802 0.0 0.0 0.0
30.0 51735789.823885 51735791.444405004 51735793.064925 0.0 0.0 2633.3679940881802 0.0 0.0 0.0
31.0 51735793.064925 51735794.685444996 51735796.305965 0.0 0.0 2633.3679940881802 0.0 0.0 0.0
32.0 51735796.305965 51735797.926485 51735799.547005 0.0 0.0 2633.3679940881802 0.0 0.0 0.0
33.0 51735799.547005 51735801.16752499 51735802.788045 0.0 0.0 2633.3679940881802 0.0 0.0 0.0
34.0 51735802.788045 51735804.408565 51735806.029084995 0.0 0.0 2633.3679940881802 0.0 0.0 0.0
35.0 51735806.029084995 51735807.64960499 51735809.270124994 0.0 0.0 2633.3679940881802 0.0 0.0 0.0
36.0 51735809.270124994 51735810.890645 51735812.51116499 0.0 0.0 2633.3679940881802 0.0 0.0 0.0
37.0 51735812.511165 51735814.131685 51735815.752205 0.0 0.0 2633.3679940881802 0.0 0.0 0.0
38.0 51735815.752205 51735817.372724995 51735818.993245 0.0 0.0 2633.3679940881802 0.0 0.0 0.0
39.0 51735818.993245 51735820.613765 51735822.234285 0.0 0.0 2633.3679940881802 0.0 0.0 0.0
40.0 51735822.234285 51735823.85480499 51735825.475324996 0.0 0.0 2633.3679940881802 0.0 0.0 0.0
41.0 51735825.475324996 51735827.095845 51735828.716364995 0.0 0.0 2633.3679940881802 0.0 0.0 0.0
42.0 51735828.716364995 51735830.33688499 51735831.95740499 0.0 0.0 2633.3679940881802 0.0 0.0 0.0
43.0 51735831.957405 51735833.577925 51735835.198445 0.0 0.0 2633.3679940881802 0.0 0.0 0.0
44.0 51735835.198445 51735836.818965 51735838.439485 0.0 0.0 2633.3679940881802 0.0 0.0 0.0
45.0 51735838.439485 51735840.060004994 51735841.680525 0.0 0.0 2633.3679940881802 0.0 0.0 0.0
46.0 51735841.680525 51735843.301045 51735844.921564996 0.0 0.0 2633.3679940881802 0.0 0.0 0.0
47.0 51735844.921564996 51735846.54208499 51735848.162604995 0.0 0.0 2633.3679940881802 0.0 0.0 0.0
48.0 51735848.162604995 51735849.783125 51735851.403644994 0.0 0.0 2633.3679940881802 0.0 0.0 0.0
49.0 51735851.403645 51735853.024165004 51735854.644685 0.0 0.0 2633.3679940881802 0.0 0.0 0.0
50.0 51735854.644685 51735856.265204996 51735857.885725 0.0 0.0 2633.3679940881802 0.0 0.0 0.0
51.0 51735857.885725 51735859.506245 51735861.126765 0.0 0.0 2633.3679940881802 0.0 0.0 0.0
52.0 51735861.126765 51735862.74728499 51735864.367805 0.0 0.0 2633.3679940881802 0.0 0.0 0.0
53.0 51735864.367805 51735865.988325 51735867.608844995 0.0 0.0 2633.3679940881802 0.0 0.0 0.0
54.0 51735867.608844995 51735869.22936499 51735870.849884994 0.0 0.0 2633.3679940881802 0.0 0.0 0.0
55.0 51735870.849884994 51735872.470405 51735874.09092499 0.0 0.0 2633.3679940881802 0.0 0.0 0.0
56.0 51735874.090925 51735875.711445004 51735877.331965 0.0 0.0 2633.3679940881802 0.0 0.0 0.0
57.0 51735877.331965 51735878.952484995 51735880.573005 0.0 0.0 2633.3679940881802 0.0 0.0 0.0
58.0 51735880.573005 51735882.193525 51735883.814045 0.0 0.0 2633.3679940881802 0.0 0.0 0.0
59.0 51735883.814045 51735885.43456499 51735887.055084996 0.0 0.0 2633.3679940881802 0.0 0.0 0.0
60.0 51735887.055084996 51735888.675605 51735890.296124995 0.0 0.0 2633.3679940881802 0.0 0.0 0.0
61.0 51735890.296124995 51735891.91664499 51735893.53716499 0.0 0.0 2633.3679940881802 0.0 0.0 0.0
62.0 51735893.537165 51735895.157685 51735896.778205 0.0 0.0 2633.3679940881802 0.0 0.0 0.0
63.0 51735896.778205 51735898.398725 51735900.019245 0.0 0.0 2633.3679940881802 0.0 0.0 0.0
64.0 51735900.019245 51735901.639764994 51735903.260285 0.0 0.0 2633.3679940881802 0.0 0.0 0.0
65.0 51735903.260285 51735904.880805 51735906.501325 0.0 0.0 2633.3679940881802 0.0 0.0 0.0
66.0 51735906.501325 51735908.12184499 51735909.742364995 0.0 0.0 2633.3679940881802 0.0 0.0 0.0
67.0 51735909.742364995 51735911.362885 51735912.983404994 0.0 0.0 2633.3679940881802 0.0 0.0 0.0
68.0 51735912.983405 51735914.603925005 51735916.224445 0.0 0.0 2633.3679940881802 0.0 0.0 0.0
69.0 51735916.224445 51735917.844964996 51735919.465485 0.0 0.0 2633.3679940881802 0.0 0.0 0.0
70.0 51735919.465485 51735921.086005 51735922.706525 0.0 0.0 2633.3679940881802 0.0 0.0 0.0
71.0 51735922.706525 51735924.32704499 51735925.947565 0.0 0.0 2633.3679940881802 0.0 0.0 0.0
72.0 51735925.947565 51735927.568085 51735929.188604996 0.0 0.0 2633.3679940881802 0.0 0.0 0.0
73.0 51735929.188604996 51735930.80912499 51735932.429644994 0.0 0.0 2633.3679940881802 0.0 0.0 0.0
74.0 51735932.429644994 51735934.050165 51735935.67068499 0.0 0.0 2633.3679940881802 0.0 0.0 0.0
75.0 51735935.670685 51735937.291205004 51735938.911725 0.0 0.0 2633.3679940881802 0.0 0.0 0.0
76.0 51735938.911725 51735940.532244995 51735942.152765 0.0 0.0 2633.3679940881802 0.0 0.0 0.0
77.0 51735942.152765 51735943.773285 51735945.393805 0.0 0.0 2633.3679940881802 0.0 0.0 0.0
78.0 51735945.393805 51735947.01432499 51735948.634844996 0.0 0.0 2633.3679940881802 0.0 0.0 0.0
79.0 51735948.634844996 51735950.255365 51735951.875884995 0.0 0.0 2633.3679940881802 0.0 0.0 0.0
80.0 51735951.875884995 51735953.49640499 51735955.11692499 0.0 0.0 2633.3679940881802 0.0 0.0 0.0
81.0 51735955.116925 51735956.737445 51735958.357965 0.0 0.0 2633.3679940881802 0.0 0.0 0.0
82.0 51735958.357965 51735959.978485 51735961.599005 0.0 0.0 2633.3679940881802 0.0 0.0 0.0
83.0 51735961.599005 51735963.219524994 51735964.840045 0.0 0.0 2633.3679940881802 0.0 0.0 0.0
84.0 51735964.840045 51735966.460565 51735968.081085 0.0 0.0 2633.3679940881802 0.0 0.0 0.0
85.0 51735968.081085 51735969.70160499 51735971.322124995 0.0 0.0 2633.3679940881802 0.0 0.0 0.0
86.0 51735971.322124995 51735972.942645 51735974.563164994 0.0 0.0 2633.3679940881802 0.0 0.0 0.0
87.0 51735974.563165 51735976.183685005 51735977.804205 0.0 0.0 2633.3679940881802 0.0 0.0 0.0
88.0 51735977.804205 51735979.424724996 51735981.045245 0.0 0.0 2633.3679940881802 0.0 0.0 0.0
89.0 51735981.045245 51735982.665765 51735984.286285 0.0 0.0 2633.3679940881802 0.0 0.0 0.0
90.0 51735984.286285 51735985.906804994 51735987.527325 0.0 0.0 2633.3679940881802 0.0 0.0 0.0
91.0 51735987.527325 51735989.147845 51735990.768364996 0.0 0.0 2633.3679940881802 0.0 0.0 0.0
92.0 51735990.768364996 51735992.38888499 51735994.009404995 0.0 0.0 2633.3679940881802 0.0 0.0 0.0
93.0 51735994.009404995 51735995.629925 51735997.25044499 0.0 0.0 2633.3679940881802 0.0 0.0 0.0
94.0 51735997.250445 51735998.870965004 51736000.491485 0.0 0.0 2633.3679940881802 0.0 0.0 0.0
95.0 51736000.491485 51736002.112004995 51736003.732525 0.0 0.0 2633.3679940881802 0.0 0.0 0.0
96.0 51736003.732525 51736005.353045 51736006.973565 0.0 0.0 2633.3679940881802 0.0 0.0 0.0
97.0 51736006.973565 51736008.59408499 51736010.214604996 0.0 0.0 2633.3679940881802 0.0 0.0 0.0
98.0 51736010.214604996 51736011.835125 51736013.455644995 0.0 0.0 2633.3679940881802 0.0 0.0 0.0
99.0 51736013.455644995 51736015.07616499 51736016.696684994 0.0 0.0 2633.3679940881802 0.0 0.0 0.0
100.0 51736016.696685 51736018.317205 51736019.937725 0.0 0.0 2633.3679940881802 0.0 0.0 0.0
101.0 51736019.937725 51736021.558245 51736023.178765 0.0 0.0 2633.3679940881802 0.0 0.0 0.0
102.0 51736023.178765 51736024.799284995 51736026.419805 0.0 0.0 2633.3679940881802 0.0 0.0 0.0
103.0 51736026.419805 51736028.040325 51736029.660845 0.0 0.0 2633.3679940881802 0.0 0.0 0.0
104.0 51736029.660845 51736031.28136499 51736032.901884995 0.0 0.0 2633.3679940881802 0.0 0.0 0.0
105.0 51736032.901884995 51736034.522405 51736036.142924994 0.0 0.0 2633.3679940881802 0.0 0.0 0.0
106.0 51736036.142924994 51736037.76344499 51736039.38396499 0.0 0.0 2633.3679940881802 0.0 0.0 0.0
107.0 51736039.383965 51736041.004484996 51736042.625005 0.0 0.0 2633.3679940881802 0.0 0.0 0.0
108.0 51736042.625005 51736044.245525 51736045.866045 0.0 0.0 2633.3679940881802 0.0 0.0 0.0
109.0 51736045.866045 51736047.486564994 51736049.107085 0.0 0.0 2633.3679940881802 0.0 0.0 0.0
110.0 51736049.107085 51736050.727605 51736052.348124996 0.0 0.0 2633.3679940881802 0.0 0.0 0.0
111.0 51736052.348124996 51736053.96864499 51736055.589164995 0.0 0.0 2633.3679940881802 0.0 0.0 0.0
112.0 51736055.589164995 51736057.209685 51736058.83020499 0.0 0.0 2633.3679940881802 0.0 0.0 0.0
113.0 51736058.830205 51736060.450725004 51736062.071245 0.0 0.0 2633.3679940881802 0.0 0.0 0.0
114.0 51736062.071245 51736063.691764995 51736065.312285 0.0 0.0 2633.3679940881802 0.0 0.0 0.0
115.0 51736065.312285 51736066.932805 51736068.553325 0.0 0.0 2633.3679940881802 0.0 0.0 0.0
116.0 51736068.553325 51736070.17384499 51736071.794364996 0.0 0.0 2633.3679940881802 0.0 0.0 0.0
117.0 51736071.794364996 51736073.414885 51736075.035404995 0.0 0.0 2633.3679940881802 0.0 0.0 0.0
118.0 51736075.035404995 51736076.65592499 51736078.276444994 0.0 0.0 2633.3679940881802 0.0 0.0 0.0
119.0 51736078.276445 51736079.896965 51736081.517485 0.0 0.0 2633.3679940881802 0.0 0.0 0.0
120.0 51736081.517485 51736083.138005 51736084.758525 0.0 0.0 2633.3679940881802 0.0 0.0 0.0
121.0 51736084.758525 51736086.379044995 51736087.999565 0.0 0.0 2633.3679940881802 0.0 0.0 0.0
122.0 51736087.999565 51736089.620085 51736091.240605 0.0 0.0 2633.3679940881802 0.0 0.0 0.0
123.0 51736091.240605 51736092.86112499 51736094.481644996 0.0 0.0 2633.3679940881802 0.0 0.0 0.0
124.0 51736094.481644996 51736096.102165 51736097.722684994 0.0 0.0 2633.3679940881802 0.0 0.0 0.0
125.0 51736097.722684994 51736099.34320499 51736100.96372499 0.0 0.0 2633.3679940881802 0.0 0.0 0.0
126.0 51736100.963725 51736102.584245 51736104.204765 0.0 0.0 2633.3679940881802 0.0 0.0 0.0
127.0 51736104.204765 51736105.825285 51736107.445805 0.0 0.0 2633.3679940881802 0.0 0.0 0.0
128.0 51736107.445805 51736109.066324994 51736110.686845 0.0 0.0 2633.3679940881802 0.0 0.0 0.0
129.0 51736110.686845 51736112.307365 51736113.927884996 0.0 0.0 2633.3679940881802 0.0 0.0 0.0
130.0 51736113.927884996 51736115.54840499 51736117.168924995 0.0 0.0 2633.3679940881802 0.0 0.0 0.0
131.0 51736117.168924995 51736118.789445 51736120.40996499 0.0 0.0 2633.3679940881802 0.0 0.0 0.0
132.0 51736120.409965 51736122.030485004 51736123.651005 0.0 0.0 2633.3679940881802 0.0 0.0 0.0
133.0 51736123.651005 51736125.271524996 51736126.892045 0.0 0.0 2633.3679940881802 0.0 0.0 0.0
134.0 51736126.892045 51736128.512565 51736130.133085 0.0 0.0 2633.3679940881802 0.0 0.0 0.0
135.0 51736130.133085 51736131.75360499 51736133.374125 0.0 0.0 2633.3679940881802 0.0 0.0 0.0
136.0 51736133.374125 51736134.994645 51736136.615164995 0.0 0.0 2633.3679940881802 0.0 0.0 0.0
137.0 51736136.615164995 51736138.23568499 51736139.856204994 0.0 0.0 2633.3679940881802 0.0 0.0 0.0
138.0 51736139.856205 51736141.476725 51736143.097245 0.0 0.0 2633.3679940881802 0.0 0.0 0.0
139.0 51736143.097245 51736144.717765 51736146.338285 0.0 0.0 2633.3679940881802 0.0 0.0 0.0
140.0 51736146.338285 51736147.958804995 51736149.579325 0.0 0.0 2633.3679940881802 0.0 0.0 0.0
141.0 51736149.579325 51736151.199845 51736152.820365 0.0 0.0 2633.3679940881802 0.0 0.0 0.0
142.0 51736152.820365 51736154.44088499 51736156.061404996 0.0 0.0 2633.3679940881802 0.0 0.0 0.0
143.0 51736156.061404996 51736157.681925 51736159.302444994 0.0 0.0 2633.3679940881802 0.0 0.0 0.0
144.0 51736159.302444994 51736160.92296499 51736162.54348499 0.0 0.0 2633.3679940881802 0.0 0.0 0.0
145.0 51736162.543485 51736164.164005 51736165.784525 0.0 0.0 2633.3679940881802 0.0 0.0 0.0
146.0 51736165.784525 51736167.405045 51736169.025565 0.0 0.0 2633.3679940881802 0.0 0.0 0.0
147.0 51736169.025565 51736170.646084994 51736172.266605 0.0 0.0 2633.3679940881802 0.0 0.0 0.0
148.0 51736172.266605 51736173.887125 51736175.507644996 0.0 0.0 2633.3679940881802 0.0 0.0 0.0
149.0 51736175.507644996 51736177.12816499 51736178.748684995 0.0 0.0 2633.3679940881802 0.0 0.0 0.0
150.0 51736178.748684995 51736180.369205 51736181.98972499 0.0 0.0 2633.3679940881802 0.0 0.0 0.0
151.0 51736181.989725 51736183.610245004 51736185.230765 0.0 0.0 2633.3679940881802 0.0 0.0 0.0
152.0 51736185.230765 51736186.851284996 51736188.471805 0.0 0.0 2633.3679940881802 0.0 0.0 0.0
153.0 51736188.471805 51736190.092325 51736191.712845 0.0 0.0 2633.3679940881802 0.0 0.0 0.0
154.0 51736191.712845 51736193.33336499 51736194.953885 0.0 0.0 2633.3679940881802 0.0 0.0 0.0
155.0 51736194.953885 51736196.574405 51736198.194924995 0.0 0.0 2633.3679940881802 0.0 0.0 0.0
156.0 51736198.194924995 51736199.81544499 51736201.435964994 0.0 0.0 2633.3679940881802 0.0 0.0 0.0
157.0 51736201.435965 51736203.056485 51736204.677005 0.0 0.0 2633.3679940881802 0.0 0.0 0.0
158.0 51736204.677005 51736206.297525 51736207.918045 0.0 0.0 2633.3679940881802 0.0 0.0 0.0
159.0 51736207.918045 51736209.538564995 51736211.159085 0.0 0.0 2633.3679940881802 0.0 0.0 0.0
160.0 51736211.159085 51736212.779605 51736214.400125 0.0 0.0 2633.3679940881802 0.0 0.0 0.0
161.0 51736214.400125 51736216.02064499 51736217.641164996 0.0 0.0 2633.3679940881802 0.0 0.0 0.0
162.0 51736217.641164996 51736219.261685 51736220.882204995 0.0 0.0 2633.3679940881802 0.0 0.0 0.0
163.0 51736220.882204995 51736222.50272499 51736224.12324499 0.0 0.0 2633.3679940881802 0.0 0.0 0.0
164.0 51736224.123245 51736225.743765 51736227.364285 0.0 0.0 2633.3679940881802 0.0 0.0 0.0
165.0 51736227.364285 51736228.984805 51736230.605325 0.0 0.0 2633.3679940881802 0.0 0.0 0.0
166.0 51736230.605325 51736232.225844994 51736233.846365 0.0 0.0 2633.3679940881802 0.0 0.0 0.0
167.0 51736233.846365 51736235.466885 51736237.087404996 0.0 0.0 2633.3679940881802 0.0 0.0 0.0
168.0 51736237.087404996 51736238.70792499 51736240.328444995 0.0 0.0 2633.3679940881802 0.0 0.0 0.0
169.0 51736240.328444995 51736241.948965 51736243.569484994 0.0 0.0 2633.3679940881802 0.0 0.0 0.0
170.0 51736243.569485 51736245.190005004 51736246.810525 0.0 0.0 2633.3679940881802 0.0 0.0 0.0
171.0 51736246.810525 51736248.431044996 51736250.051565 0.0 0.0 2633.3679940881802 0.0 0.0 0.0
172.0 51736250.051565 51736251.672085 51736253.292605 0.0 0.0 2633.3679940881802 0.0 0.0 0.0
173.0 51736253.292605 51736254.91312499 51736256.533645 0.0 0.0 2633.3679940881802 0.0 0.0 0.0
174.0 51736256.533645 51736258.154165 51736259.774684995 0.0 0.0 2633.3679940881802 0.0 0.0 0.0
175.0 51736259.774684995 51736261.39520499 51736263.015724994 0.0 0.0 2633.3679940881802 0.0 0.0 0.0
176.0 51736263.015724994 51736264.636245 51736266.25676499 0.0 0.0 2633.3679940881802 0.0 0.0 0.0
177.0 51736266.256765 51736267.877285 51736269.497805 0.0 0.0 2633.3679940881802 0.0 0.0 0.0
178.0 51736269.497805 51736271.118324995 51736272.738845 0.0 0.0 2633.3679940881802 0.0 0.0 0.0
179.0 51736272.738845 51736274.359365 51736275.979885 0.0 0.0 2633.3679940881802 0.0 0.0 0.0
180.0 51736275.979885 51736277.60040499 51736279.220924996 0.0 0.0 2633.3679940881802 0.0 0.0 0.0
181.0 51736279.220924996 51736280.841445 51736282.461964995 0.0 0.0 2633.3679940881802 0.0 0.0 0.0
182.0 51736282.461964995 51736284.08248499 51736285.70300499 0.0 0.0 2633.3679940881802 0.0 0.0 0.0
183.0 51736285.703005 51736287.323525 51736288.944045 0.0 0.0 2633.3679940881802 0.0 0.0 0.0
184.0 51736288.944045 51736290.564565 51736292.185085 0.0 0.0 2633.3679940881802 0.0 0.0 0.0
185.0 51736292.185085 51736293.805604994 51736295.426125 0.0 0.0 2633.3679940881802 0.0 0.0 0.0
186.0 51736295.426125 51736297.046645 51736298.667164996 0.0 0.0 2633.3679940881802 0.0 0.0 0.0
187.0 51736298.667164996 51736300.28768499 51736301.908204995 0.0 0.0 2633.3679940881802 0.0 0.0 0.0
188.0 51736301.908204995 51736303.528725 51736305.149244994 0.0 0.0 2633.3679940881802 0.0 0.0 0.0
189.0 51736305.149245 51736306.769765005 51736308.390285 0.0 0.0 2633.3679940881802 0.0 0.0 0.0
190.0 51736308.390285 51736310.010804996 51736311.631325 0.0 0.0 2633.3679940881802 0.0 0.0 0.0
191.0 51736311.631325 51736313.251845 51736314.872365 0.0 0.0 2633.3679940881802 0.0 0.0 0.0
192.0 51736314.872365 51736316.49288499 51736318.113405 0.0 0.0 2633.3679940881802 0.0 0.0 0.0
193.0 51736318.113405 51736319.733925 51736321.354444996 0.0 0.0 2633.3679940881802 0.0 0.0 0.0
194.0 51736321.354444996 51736322.97496499 51736324.595484994 0.0 0.0 2633.3679940881802 0.0 0.0 0.0
195.0 51736324.595484994 51736326.216005 51736327.83652499 0.0 0.0 2633.3679940881802 0.0 0.0 0.0
196.0 51736327.836525 51736329.457045004 51736331.077565 0.0 0.0 2633.3679940881802 0.0 0.0 0.0
197.0 51736331.077565 51736332.698084995 51736334.318605 0.0 0.0 2633.3679940881802 0.0 0.0 0.0
198.0 51736334.318605 51736335.939125 51736337.559645 0.0 0.0 2633.3679940881802 0.0 0.0 0.0
199.0 51736337.559645 51736339.18016499 51736340.800684996 0.0 0.0 2633.3679940881802 0.0 0.0 0.0
200.0 51736340.800684996 51736342.421205 51736344.041724995 0.0 0.0 2633.3679940881802 0.0 0.0 0.0
201.0 51736344.041724995 51736345.66224499 51736347.28276499 0.0 0.0 2633.3679940881802 0.0 0.0 0.0
202.0 51736347.282765 51736348.903285 51736350.523805 0.0 0.0 2633.3679940881802 0.0 0.0 0.0
203.0 51736350.523805 51736352.144325 51736353.764845 0.0 0.0 2633.3679940881802 0.0 0.0 0.0
204.0 51736353.764845 51736355.385364994 51736357.005885 0.0 0.0 2633.3679940881802 0.0 0.0 0.0
205.0 51736357.005885 51736358.626405 51736360.246925 0.0 0.0 2633.3679940881802 0.0 0.0 0.0
206.0 51736360.246925 51736361.86744499 51736363.487964995 0.0 0.0 2633.3679940881802 0.0 0.0 0.0
207.0 51736363.487964995 51736365.108485 51736366.729004994 0.0 0.0 2633.3679940881802 0.0 0.0 0.0
208.0 51736366.729005 51736368.349525005 51736369.970045 0.0 0.0 2633.3679940881802 0.0 0.0 0.0
209.0 51736369.970045 51736371.590564996 51736373.211085 0.0 0.0 2633.3679940881802 0.0 0.0 0.0
210.0 51736373.211085 51736374.831605 51736376.452125 0.0 0.0 2633.3679940881802 0.0 0.0 0.0
211.0 51736376.452125 51736378.07264499 51736379.693165 0.0 0.0 2633.3679940881802 0.0 0.0 0.0
212.0 51736379.693165 51736381.313685 51736382.934204996 0.0 0.0 2633.3679940881802 0.0 0.0 0.0
213.0 51736382.934204996 51736384.55472499 51736386.175244994 0.0 0.0 2633.3679940881802 0.0 0.0 0.0
214.0 51736386.175244994 51736387.795765 51736389.41628499 0.0 0.0 2633.3679940881802 0.0 0.0 0.0
215.0 51736389.416285 51736391.036805004 51736392.657325 0.0 0.0 2633.3679940881802 0.0 0.0 0.0
216.0 51736392.657325 51736394.277844995 51736395.898365 0.0 0.0 2633.3679940881802 0.0 0.0 0.0
217.0 51736395.898365 51736397.518885 51736399.139405 0.0 0.0 2633.3679940881802 0.0 0.0 0.0
218.0 51736399.139405 51736400.75992499 51736402.380444996 0.0 0.0 2633.3679940881802 0.0 0.0 0.0
219.0 51736402.380444996 51736404.000965 51736405.621484995 0.0 0.0 2633.3679940881802 0.0 0.0 0.0
220.0 51736405.621484995 51736407.24200499 51736408.86252499 0.0 0.0 2633.3679940881802 0.0 0.0 0.0
221.0 51736408.862525 51736410.483045 51736412.103565 0.0 0.0 2633.3679940881802 0.0 0.0 0.0
222.0 51736412.103565 51736413.724085 51736415.344605 0.0 0.0 2633.3679940881802 0.0 0.0 0.0
223.0 51736415.344605 51736416.965124995 51736418.585645 0.0 0.0 2633.3679940881802 0.0 0.0 0.0
224.0 51736418.585645 51736420.206165 51736421.826685 0.0 0.0 2633.3679940881802 0.0 0.0 0.0
225.0 51736421.826685 51736423.44720499 51736425.067724995 0.0 0.0 2633.3679940881802 0.0 0.0 0.0
226.0 51736425.067724995 51736426.688245 51736428.308764994 0.0 0.0 2633.3679940881802 0.0 0.0 0.0
227.0 51736428.308765 51736429.929285005 51736431.549805 0.0 0.0 2633.3679940881802 0.0 0.0 0.0
228.0 51736431.549805 51736433.170324996 51736434.790845 0.0 0.0 2633.3679940881802 0.0 0.0 0.0
229.0 51736434.790845 51736436.411365 51736438.031885 0.0 0.0 2633.3679940881802 0.0 0.0 0.0
230.0 51736438.031885 51736439.652404994 51736441.272925 0.0 0.0 2633.3679940881802 0.0 0.0 0.0
231.0 51736441.272925 51736442.893445 51736444.513964996 0.0 0.0 2633.3679940881802 0.0 0.0 0.0
232.0 51736444.513964996 51736446.13448499 51736447.755004995 0.0 0.0 2633.3679940881802 0.0 0.0 0.0
233.0 51736447.755004995 51736449.375525 51736450.99604499 0.0 0.0 2633.3679940881802 0.0 0.0 0.0
234.0 51736450.996045 51736452.616565004 51736454.237085 0.0 0.0 2633.3679940881802 0.0 0.0 0.0
235.0 51736454.237085 51736455.857604995 51736457.478125 0.0 0.0 2633.3679940881802 0.0 0.0 0.0
236.0 51736457.478125 51736459.098645 51736460.719165 0.0 0.0 2633.3679940881802 0.0 0.0 0.0
237.0 51736460.719165 51736462.33968499 51736463.960204996 0.0 0.0 2633.3679940881802 0.0 0.0 0.0
238.0 51736463.960204996 51736465.580725 51736467.201244995 0.0 0.0 2633.3679940881802 0.0 0.0 0.0
239.0 51736467.201244995 51736468.82176499 51736470.442284994 0.0 0.0 2633.3679940881802 0.0 0.0 0.0
240.0 51736470.442285 51736472.062805 51736473.683325 0.0 0.0 2633.3679940881802 0.0 0.0 0.0
241.0 51736473.683325 51736475.303845 51736476.924365 0.0 0.0 2633.3679940881802 0.0 0.0 0.0
242.0 51736476.924365 51736478.544884995 51736480.165405 0.0 0.0 2633.3679940881802 0.0 0.0 0.0
243.0 51736480.165405 51736481.785925 51736483.406445 0.0 0.0 2633.3679940881802 0.0 0.0 0.0
244.0 51736483.406445 51736485.02696499 51736486.647484995 0.0 0.0 2633.3679940881802 0.0 0.0 0.0
245.0 51736486.647484995 51736488.268005 51736489.888524994 0.0 0.0 2633.3679940881802 0.0 0.0 0.0
246.0 51736489.888524994 51736491.50904499 51736493.12956499 0.0 0.0 2633.3679940881802 0.0 0.0 0.0
247.0 51736493.129565 51736494.750084996 51736496.370605 0.0 0.0 2633.3679940881802 0.0 0.0 0.0
248.0 51736496.370605 51736497.991125 51736499.611645 0.0 0.0 2633.3679940881802 0.0 0.0 0.0
249.0 51736499.611645 51736501.232164994 51736502.852685 0.0 0.0 2633.3679940881802 0.0 0.0 0.0
250.0 51736502.852685 51736504.473205 51736506.093724996 0.0 0.0 2633.3679940881802 0.0 0.0 0.0
251.0 51736506.093724996 51736507.71424499 51736509.334764995 0.0 0.0 2633.3679940881802 0.0 0.0 0.0
252.0 51736509.334764995 51736510.955285 51736512.57580499 0.0 0.0 2633.3679940881802 0.0 0.0 0.0
253.0 51736512.575805 51736514.196325004 51736515.816845 0.0 0.0 2633.3679940881802 0.0 0.0 0.0
254.0 51736515.816845 51736517.437364995 51736519.057885 0.0 0.0 2633.3679940881802 0.0 0.0 0.0
255.0 51736519.057885 51736520.678405 51736522.298925 0.0 0.0 2633.3679940881802 0.0 0.0 0.0
256.0 51736522.298925 51736523.91944499 51736525.539965 0.0 0.0 2633.3679940881802 0.0 0.0 0.0
257.0 51736525.539965 51736527.160485 51736528.781004995 0.0 0.0 2633.3679940881802 0.0 0.0 0.0
258.0 51736528.781004995 51736530.40152499 51736532.022044994 0.0 0.0 2633.3679940881802 0.0 0.0 0.0
259.0 51736532.022045 51736533.642565 51736535.263085 0.0 0.0 2633.3679940881802 0.0 0.0 0.0
260.0 51736535.263085 51736536.883605 51736538.504125 0.0 0.0 2633.3679940881802 0.0 0.0 0.0
261.0 51736538.504125 51736540.124644995 51736541.745165 0.0 0.0 2633.3679940881802 0.0 0.0 0.0
262.0 51736541.745165 51736543.365685 51736544.986205 0.0 0.0 2633.3679940881802 0.0 0.0 0.0
263.0 51736544.986205 51736546.60672499 51736548.227244996 0.0 0.0 2633.3679940881802 0.0 0.0 0.0
264.0 51736548.227244996 51736549.847765 51736551.468284994 0.0 0.0 2633.3679940881802 0.0 0.0 0.0
265.0 51736551.468284994 51736553.08880499 51736554.70932499 0.0 0.0 2633.3679940881802 0.0 0.0 0.0
266.0 51736554.709325 51736556.329845 51736557.950365 0.0 0.0 2633.3679940881802 0.0 0.0 0.0
267.0 51736557.950365 51736559.570885 51736561.191405 0.0 0.0 2633.3679940881802 0.0 0.0 0.0
268.0 51736561.191405 51736562.811924994 51736564.432445 0.0 0.0 2633.3679940881802 0.0 0.0 0.0
269.0 51736564.432445 51736566.052965 51736567.673484996 0.0 0.0 2633.3679940881802 0.0 0.0 0.0
270.0 51736567.673484996 51736569.29400499 51736570.914524995 0.0 0.0 2633.3679940881802 0.0 0.0 0.0
271.0 51736570.914524995 51736572.535045 51736574.15556499 0.0 0.0 2633.3679940881802 0.0 0.0 0.0
272.0 51736574.155565 51736575.776085004 51736577.396605 0.0 0.0 2633.3679940881802 0.0 0.0 0.0
273.0 51736577.396605 51736579.017124996 51736580.637645 0.0 0.0 2633.3679940881802 0.0 0.0 0.0
274.0 51736580.637645 51736582.258165 51736583.878685 0.0 0.0 2633.3679940881802 0.0 0.0 0.0
275.0 51736583.878685 51736585.49920499 51736587.119725 0.0 0.0 2633.3679940881802 0.0 0.0 0.0
276.0 51736587.119725 51736588.740245 51736590.360764995 0.0 0.0 2633.3679940881802 0.0 0.0 0.0
277.0 51736590.360764995 51736591.98128499 51736593.601804994 0.0 0.0 2633.3679940881802 0.0 0.0 0.0
278.0 51736593.601805 51736595.222325 51736596.842845 0.0 0.0 2633.3679940881802 0.0 0.0 0.0
279.0 51736596.842845 51736598.463365 51736600.083885 0.0 0.0 2633.3679940881802 0.0 0.0 0.0
280.0 51736600.083885 51736601.704404995 51736603.324925 0.0 0.0 2633.3679940881802 0.0 0.0 0.0
281.0 51736603.324925 51736604.945445 51736606.565965 0.0 0.0 2633.3679940881802 1.6767137026441392 0.0 0.0
282.0 51736606.565965 51736608.18648499 51736609.807004996 0.0 0.0 2633.3679940881802 3.199999998844195 0.0 0.0
283.0 51736609.807004996 51736611.427525 51736613.048044994 0.0 0.0 2633.3679940881802 3.199999998844195 0.0 0.0
284.0 51736613.048044994 51736614.66856499 51736616.28908499 0.0 0.0 2633.3679940881802 3.199999998844195 0.0 0.0
285.0 51736616.289085 51736617.909605 51736619.530125 1.0 1.0 2633.3679940881802 3.199999998844195 0.3125000001128716 0.3125000001128716
286.0 51736619.530125 51736621.150645 51736622.771165 0.0 0.0 2633.3679940881802 3.199999998844195 0.0 0.0
287.0 51736622.771165 51736624.391684994 51736626.012205 0.0 0.0 2633.3679940881802 3.199999998844195 0.0 0.0
288.0 51736626.012205 51736627.632725 51736629.253244996 0.0 0.0 2633.3679940881802 3.199999998844195 0.0 0.0
289.0 51736629.253244996 51736630.87376499 51736632.494284995 0.0 0.0 2633.3679940881802 3.199999998844195 0.0 0.0
290.0 51736632.494284995 51736634.114805 51736635.735324994 0.0 0.0 2633.3679940881802 3.199999998844195 0.0 0.0
291.0 51736635.735325 51736637.355845004 51736638.976365 0.0 0.0 2633.3679940881802 3.199999998844195 0.0 0.0
292.0 51736638.976365 51736640.596884996 51736642.217405 0.0 0.0 2633.3679940881802 3.199999998844195 0.0 0.0
293.0 51736642.217405 51736643.837925 51736645.458445 0.0 0.0 2633.3679940881802 3.199999998844195 0.0 0.0
294.0 51736645.458445 51736647.07896499 51736648.699485 0.0 0.0 2633.3679940881802 3.199999998844195 0.0 0.0
295.0 51736648.699485 51736650.320005 51736651.940524995 0.0 0.0 2633.3679940881802 3.199999998844195 0.0 0.0
296.0 51736651.940524995 51736653.56104499 51736655.181564994 0.0 0.0 2633.3679940881802 3.199999998844195 0.0 0.0
297.0 51736655.181565 51736656.802085 51736658.422605 0.0 0.0 2633.3679940881802 3.199999998844195 0.0 0.0
298.0 51736658.422605 51736660.043125 51736661.663645 0.0 0.0 2633.3679940881802 3.199999998844195 0.0 0.0
299.0 51736661.663645 51736663.284164995 51736664.904685 0.0 0.0 2633.3679940881802 3.199999998844195 0.0 0.0
300.0 51736664.904685 51736666.525205 51736668.145725 0.0 0.0 2633.3679940881802 3.199999998844195 0.0 0.0
301.0 51736668.145725 51736669.76624499 51736671.386764996 0.0 0.0 2633.3679940881802 3.199999998844195 0.0 0.0
302.0 51736671.386764996 51736673.007285 51736674.627804995 0.0 0.0 2633.3679940881802 3.199999998844195 0.0 0.0
303.0 51736674.627804995 51736676.24832499 51736677.86884499 0.0 0.0 2633.3679940881802 3.199999998844195 0.0 0.0
304.0 51736677.868845 51736679.489365 51736681.109885 0.0 0.0 2633.3679940881802 3.199999998844195 0.0 0.0
305.0 51736681.109885 51736682.730405 51736684.350925 0.0 0.0 2633.3679940881802 3.199999998844195 0.0 0.0
306.0 51736684.350925 51736685.971444994 51736687.591965 0.0 0.0 2633.3679940881802 3.199999998844195 0.0 0.0
307.0 51736687.591965 51736689.212485 51736690.833004996 1.0 1.0 2633.3679940881802 3.199999998844195 0.3125000001128716 0.3125000001128716
308.0 51736690.833004996 51736692.45352499 51736694.074044995 0.0 0.0 2633.3679940881802 3.199999998844195 0.0 0.0
309.0 51736694.074044995 51736695.694565 51736697.315084994 0.0 0.0 2633.3679940881802 3.199999998844195 0.0 0.0
310.0 51736697.315085 51736698.935605004 51736700.556125 1.0 1.0 2633.3679940881802 3.199999998844195 0.3125000001128716 0.3125000001128716
311.0 51736700.556125 51736702.176644996 51736703.797165 1.0 1.0 2633.3679940881802 3.199999998844195 0.3125000001128716 0.3125000001128716
312.0 51736703.797165 51736705.417685 51736707.038205 0.0 0.0 2633.3679940881802 3.199999998844195 0.0 0.0
313.0 51736707.038205 51736708.65872499 51736710.279245 0.0 0.0 2633.3679940881802 3.199999998844195 0.0 0.0
314.0 51736710.279245 51736711.899765 51736713.520284995 1.0 1.0 2633.3679940881802 3.199999998844195 0.3125000001128716 0.3125000001128716
315.0 51736713.520284995 51736715.14080499 51736716.761324994 0.0 0.0 2633.3679940881802 3.199999998844195 0.0 0.0
316.0 51736716.761324994 51736718.381845 51736720.00236499 1.0 1.0 2633.3679940881802 3.199999998844195 0.3125000001128716 0.3125000001128716
317.0 51736720.002365 51736721.622885 51736723.243405 0.0 0.0 2633.3679940881802 3.199999998844195 0.0 0.0
318.0 51736723.243405 51736724.863924995 51736726.484445 0.0 0.0 2633.3679940881802 3.199999998844195 0.0 0.0
319.0 51736726.484445 51736728.104965 51736729.725485 0.0 0.0 2633.3679940881802 3.199999998844195 0.0 0.0
320.0 51736729.725485 51736731.34600499 51736732.966524996 0.0 0.0 2633.3679940881802 3.199999998844195 0.0 0.0
321.0 51736732.966524996 51736734.587045 51736736.207564995 0.0 0.0 2633.3679940881802 3.199999998844195 0.0 0.0
322.0 51736736.207564995 51736737.82808499 51736739.44860499 0.0 0.0 2633.3679940881802 3.199999998844195 0.0 0.0
323.0 51736739.448605 51736741.069125 51736742.689645 0.0 0.0 2633.3679940881802 3.199999998844195 0.0 0.0
324.0 51736742.689645 51736744.310165 51736745.930685 0.0 0.0 2633.3679940881802 3.199999998844195 0.0 0.0
325.0 51736745.930685 51736747.551204994 51736749.171725 0.0 0.0 2633.3679940881802 3.199999998844195 0.0 0.0
326.0 51736749.171725 51736750.792245 51736752.412765 0.0 0.0 2633.3679940881802 3.199999998844195 0.0 0.0
327.0 51736752.412765 51736754.03328499 51736755.653804995 0.0 0.0 2633.3679940881802 3.199999998844195 0.0 0.0
328.0 51736755.653804995 51736757.274325 51736758.894844994 0.0 0.0 2633.3679940881802 3.199999998844195 0.0 0.0
329.0 51736758.894845 51736760.515365005 51736762.135885 0.0 0.0 2633.3679940881802 3.199999998844195 0.0 0.0
330.0 51736762.135885 51736763.756404996 51736765.376925 0.0 0.0 2633.3679940881802 3.199999998844195 0.0 0.0
331.0 51736765.376925 51736766.997445 51736768.617965 0.0 0.0 2633.3679940881802 3.199999998844195 0.0 0.0
332.0 51736768.617965 51736770.23848499 51736771.859005 0.0 0.0 2633.3679940881802 3.199999998844195 0.0 0.0
333.0 51736771.859005 51736773.479525 51736775.100044996 0.0 0.0 2633.3679940881802 3.199999998844195 0.0 0.0
334.0 51736775.100044996 51736776.72056499 51736778.341084994 0.0 0.0 2633.3679940881802 3.199999998844195 0.0 0.0
335.0 51736778.341084994 51736779.961605 51736781.58212499 1.0 1.0 2633.3679940881802 3.199999998844195 0.3125000001128716 0.3125000001128716
336.0 51736781.582125 51736783.202645004 51736784.823165 0.0 0.0 2633.3679940881802 3.199999998844195 0.0 0.0
337.0 51736784.823165 51736786.443684995 51736788.064205 0.0 0.0 2633.3679940881802 3.199999998844195 0.0 0.0
338.0 51736788.064205 51736789.684725 51736791.305245 1.0 1.0 2633.3679940881802 3.199999998844195 0.3125000001128716 0.3125000001128716
339.0 51736791.305245 51736792.92576499 51736794.546284996 0.0 0.0 2633.3679940881802 3.199999998844195 0.0 0.0
340.0 51736794.546284996 51736796.166805 51736797.787324995 2.0 1.4142135623730951 2633.3679940881802 3.199999998844195 0.6250000002257432 0.44194173840121675
341.0 51736797.787324995 51736799.40784499 51736801.02836499 1.0 1.0 2633.3679940881802 3.199999998844195 0.3125000001128716 0.3125000001128716
342.0 51736801.028365 51736802.648885 51736804.269405 0.0 0.0 2633.3679940881802 3.199999998844195 0.0 0.0
343.0 51736804.269405 51736805.889925 51736807.510445 0.0 0.0 2633.3679940881802 3.199999998844195 0.0 0.0
344.0 51736807.510445 51736809.130964994 51736810.751485 0.0 0.0 2633.3679940881802 3.199999998844195 0.0 0.0
345.0 51736810.751485 51736812.372005 51736813.992525 0.0 0.0 2633.3679940881802 3.199999998844195 0.0 0.0
346.0 51736813.992525 51736815.61304499 51736817.233564995 0.0 0.0 2633.3679940881802 3.199999998844195 0.0 0.0
347.0 51736817.233564995 51736818.854085 51736820.474604994 0.0 0.0 2633.3679940881802 3.199999998844195 0.0 0.0
348.0 51736820.474605 51736822.095125005 51736823.715645 0.0 0.0 2633.3679940881802 3.199999998844195 0.0 0.0
349.0 51736823.715645 51736825.336164996 51736826.956685 0.0 0.0 2633.3679940881802 3.199999998844195 0.0 0.0
350.0 51736826.956685 51736828.577205 51736830.197725 1.0 1.0 2633.3679940881802 3.199999998844195 0.3125000001128716 0.3125000001128716
351.0 51736830.197725 51736831.81824499 51736833.438765 0.0 0.0 2633.3679940881802 3.199999998844195 0.0 0.0
352.0 51736833.438765 51736835.059285 51736836.679804996 0.0 0.0 2633.3679940881802 3.199999998844195 0.0 0.0
353.0 51736836.679804996 51736838.30032499 51736839.920844994 0.0 0.0 2633.3679940881802 3.199999998844195 0.0 0.0
354.0 51736839.920844994 51736841.541365 51736843.16188499 0.0 0.0 2633.3679940881802 3.199999998844195 0.0 0.0
355.0 51736843.161885 51736844.782405004 51736846.402925 0.0 0.0 2633.3679940881802 3.199999998844195 0.0 0.0
356.0 51736846.402925 51736848.023444995 51736849.643965 0.0 0.0 2633.3679940881802 3.199999998844195 0.0 0.0
357.0 51736849.643965 51736851.264485 51736852.885005 0.0 0.0 2633.3679940881802 3.199999998844195 0.0 0.0
358.0 51736852.885005 51736854.50552499 51736856.126044996 0.0 0.0 2633.3679940881802 3.199999998844195 0.0 0.0
359.0 51736856.126044996 51736857.746565 51736859.367084995 1.0 1.0 2633.3679940881802 3.199999998844195 0.3125000001128716 0.3125000001128716
360.0 51736859.367084995 51736860.98760499 51736862.608124994 0.0 0.0 2633.3679940881802 3.199999998844195 0.0 0.0
361.0 51736862.608125 51736864.228645 51736865.849165 0.0 0.0 2633.3679940881802 3.199999998844195 0.0 0.0
362.0 51736865.849165 51736867.469685 51736869.090205 0.0 0.0 2633.3679940881802 3.199999998844195 0.0 0.0
363.0 51736869.090205 51736870.710724995 51736872.331245 0.0 0.0 2633.3679940881802 3.199999998844195 0.0 0.0
364.0 51736872.331245 51736873.951765 51736875.572285 1.0 1.0 2633.3679940881802 3.199999998844195 0.3125000001128716 0.3125000001128716
365.0 51736875.572285 51736877.19280499 51736878.813324995 0.0 0.0 2633.3679940881802 3.199999998844195 0.0 0.0
366.0 51736878.813324995 51736880.433845 51736882.054364994 0.0 0.0 2633.3679940881802 3.199999998844195 0.0 0.0
367.0 51736882.054365 51736883.674885005 51736885.295405 0.0 0.0 2633.3679940881802 3.199999998844195 0.0 0.0
368.0 51736885.295405 51736886.915924996 51736888.536445 0.0 0.0 2633.3679940881802 3.199999998844195 0.0 0.0
369.0 51736888.536445 51736890.156965 51736891.777485 0.0 0.0 2633.3679940881802 3.199999998844195 0.0 0.0
370.0 51736891.777485 51736893.398004994 51736895.018525 0.0 0.0 2633.3679940881802 3.199999998844195 0.0 0.0
371.0 51736895.018525 51736896.639045 51736898.259564996 0.0 0.0 2633.3679940881802 3.199999998844195 0.0 0.0
372.0 51736898.259564996 51736899.88008499 51736901.500604995 0.0 0.0 2633.3679940881802 3.199999998844195 0.0 0.0
373.0 51736901.500604995 51736903.121125 51736904.74164499 1.0 1.0 2633.3679940881802 3.199999998844195 0.3125000001128716 0.3125000001128716
374.0 51736904.741645 51736906.362165004 51736907.982685 0.0 0.0 2633.3679940881802 3.199999998844195 0.0 0.0
375.0 51736907.982685 51736909.603204995 51736911.223725 0.0 0.0 2633.3679940881802 3.199999998844195 0.0 0.0
376.0 51736911.223725 51736912.844245 51736914.464765 1.0 1.0 2633.3679940881802 3.199999998844195 0.3125000001128716 0.3125000001128716
377.0 51736914.464765 51736916.08528499 51736917.705804996 0.0 0.0 2633.3679940881802 3.199999998844195 0.0 0.0
378.0 51736917.705804996 51736919.326325 51736920.946844995 0.0 0.0 2633.3679940881802 3.199999998844195 0.0 0.0
379.0 51736920.946844995 51736922.56736499 51736924.187884994 0.0 0.0 2633.3679940881802 3.199999998844195 0.0 0.0
380.0 51736924.187885 51736925.808405 51736927.428925 0.0 0.0 2633.3679940881802 3.199999998844195 0.0 0.0
381.0 51736927.428925 51736929.049445 51736930.669965 0.0 0.0 2633.3679940881802 3.199999998844195 0.0 0.0
382.0 51736930.669965 51736932.290484995 51736933.911005 0.0 0.0 2633.3679940881802 3.199999998844195 0.0 0.0
383.0 51736933.911005 51736935.531525 51736937.152045 0.0 0.0 2633.3679940881802 3.199999998844195 0.0 0.0
384.0 51736937.152045 51736938.77256499 51736940.393084995 0.0 0.0 2633.3679940881802 3.199999998844195 0.0 0.0
385.0 51736940.393084995 51736942.013605 51736943.634124994 0.0 0.0 2633.3679940881802 3.199999998844195 0.0 0.0
386.0 51736943.634124994 51736945.25464499 51736946.87516499 0.0 0.0 2633.3679940881802 3.199999998844195 0.0 0.0
387.0 51736946.875165 51736948.495684996 51736950.116205 0.0 0.0 2633.3679940881802 3.199999998844195 0.0 0.0
388.0 51736950.116205 51736951.736725 51736953.357245 0.0 0.0 2633.3679940881802 3.199999998844195 0.0 0.0
389.0 51736953.357245 51736954.977764994 51736956.598285 0.0 0.0 2633.3679940881802 3.199999998844195 0.0 0.0
390.0 51736956.598285 51736958.218805 51736959.839324996 0.0 0.0 2633.3679940881802 3.199999998844195 0.0 0.0
391.0 51736959.839324996 51736961.45984499 51736963.080364995 0.0 0.0 2633.3679940881802 3.199999998844195 0.0 0.0
392.0 51736963.080364995 51736964.700885 51736966.32140499 0.0 0.0 2633.3679940881802 3.199999998844195 0.0 0.0
393.0 51736966.321405 51736967.941925004 51736969.562445 0.0 0.0 2633.3679940881802 3.199999998844195 0.0 0.0
394.0 51736969.562445 51736971.182964996 51736972.803485 0.0 0.0 2633.3679940881802 3.199999998844195 0.0 0.0
395.0 51736972.803485 51736974.424005 51736976.044525 0.0 0.0 2633.3679940881802 3.199999998844195 0.0 0.0
396.0 51736976.044525 51736977.66504499 51736979.285565 0.0 0.0 2633.3679940881802 3.199999998844195 0.0 0.0
397.0 51736979.285565 51736980.906085 51736982.526604995 0.0 0.0 2633.3679940881802 3.199999998844195 0.0 0.0
398.0 51736982.526604995 51736984.14712499 51736985.767644994 0.0 0.0 2633.3679940881802 3.199999998844195 0.0 0.0
399.0 51736985.767645 51736987.388165 51736989.008685 0.0 0.0 2633.3679940881802 3.199999998844195 0.0 0.0
400.0 51736989.008685 51736990.629205 51736992.249725 0.0 0.0 2633.3679940881802 3.199999998844195 0.0 0.0
401.0 51736992.249725 51736993.870244995 51736995.490765 0.0 0.0 2633.3679940881802 3.199999998844195 0.0 0.0
402.0 51736995.490765 51736997.111285 51736998.731805 1.0 1.0 2633.3679940881802 3.199999998844195 0.3125000001128716 0.3125000001128716
403.0 51736998.731805 51737000.35232499 51737001.972844996 1.0 1.0 2633.3679940881802 3.199999998844195 0.3125000001128716 0.3125000001128716
404.0 51737001.972844996 51737003.593365 51737005.213884994 0.0 0.0 2633.3679940881802 3.199999998844195 0.0 0.0
405.0 51737005.213884994 51737006.83440499 51737008.45492499 0.0 0.0 2633.3679940881802 3.199999998844195 0.0 0.0
406.0 51737008.454925 51737010.075445 51737011.695965 0.0 0.0 2633.3679940881802 3.199999998844195 0.0 0.0
407.0 51737011.695965 51737013.316485 51737014.937005 0.0 0.0 2633.3679940881802 3.199999998844195 0.0 0.0
408.0 51737014.937005 51737016.557524994 51737018.178045 0.0 0.0 2633.3679940881802 3.199999998844195 0.0 0.0
409.0 51737018.178045 51737019.798565 51737021.419084996 0.0 0.0 2633.3679940881802 3.199999998844195 0.0 0.0
410.0 51737021.419084996 51737023.03960499 51737024.660124995 0.0 0.0 2633.3679940881802 3.199999998844195 0.0 0.0
411.0 51737024.660124995 51737026.280645 51737027.90116499 0.0 0.0 2633.3679940881802 3.199999998844195 0.0 0.0
412.0 51737027.901165 51737029.521685004 51737031.142205 0.0 0.0 2633.3679940881802 3.199999998844195 0.0 0.0
413.0 51737031.142205 51737032.762724996 51737034.383245 0.0 0.0 2633.3679940881802 3.199999998844195 0.0 0.0
414.0 51737034.383245 51737036.003765 51737037.624285 0.0 0.0 2633.3679940881802 3.199999998844195 0.0 0.0
415.0 51737037.624285 51737039.24480499 51737040.865325 0.0 0.0 2633.3679940881802 3.199999998844195 0.0 0.0
416.0 51737040.865325 51737042.485845 51737044.106364995 1.0 1.0 2633.3679940881802 3.199999998844195 0.3125000001128716 0.3125000001128716
417.0 51737044.106364995 51737045.72688499 51737047.347404994 0.0 0.0 2633.3679940881802 3.199999998844195 0.0 0.0
418.0 51737047.347405 51737048.967925 51737050.588445 0.0 0.0 2633.3679940881802 3.199999998844195 0.0 0.0
419.0 51737050.588445 51737052.208965 51737053.829485 0.0 0.0 2633.3679940881802 3.199999998844195 0.0 0.0
420.0 51737053.829485 51737055.450004995 51737057.070525 0.0 0.0 2633.3679940881802 3.199999998844195 0.0 0.0
421.0 51737057.070525 51737058.691045 51737060.311565 0.0 0.0 2633.3679940881802 3.199999998844195 0.0 0.0
422.0 51737060.311565 51737061.93208499 51737063.552604996 0.0 0.0 2633.3679940881802 3.199999998844195 0.0 0.0
423.0 51737063.552604996 51737065.173125 51737066.793644994 0.0 0.0 2633.3679940881802 3.199999998844195 0.0 0.0
424.0 51737066.793644994 51737068.41416499 51737070.03468499 0.0 0.0 2633.3679940881802 3.199999998844195 0.0 0.0
425.0 51737070.034685 51737071.655205 51737073.275725 0.0 0.0 2633.3679940881802 3.199999998844195 0.0 0.0
426.0 51737073.275725 51737074.896245 51737076.516765 1.0 1.0 2633.3679940881802 3.199999998844195 0.3125000001128716 0.3125000001128716
427.0 51737076.516765 51737078.137284994 51737079.757805 1.0 1.0 2633.3679940881802 3.199999998844195 0.3125000001128716 0.3125000001128716
428.0 51737079.757805 51737081.378325 51737082.998844996 1.0 1.0 2633.3679940881802 3.199999998844195 0.3125000001128716 0.3125000001128716
429.0 51737082.998844996 51737084.61936499 51737086.239884995 1.0 1.0 2633.3679940881802 3.199999998844195 0.3125000001128716 0.3125000001128716
430.0 51737086.239884995 51737087.860405 51737089.480924994 0.0 0.0 2633.3679940881802 3.199999998844195 0.0 0.0
431.0 51737089.480925 51737091.101445004 51737092.721965 0.0 0.0 2633.3679940881802 3.199999998844195 0.0 0.0
432.0 51737092.721965 51737094.342484996 51737095.963005 0.0 0.0 2633.3679940881802 3.199999998844195 0.0 0.0
433.0 51737095.963005 51737097.583525 51737099.204045 0.0 0.0 2633.3679940881802 3.199999998844195 0.0 0.0
434.0 51737099.204045 51737100.82456499 51737102.445085 0.0 0.0 2633.3679940881802 3.199999998844195 0.0 0.0
435.0 51737102.445085 51737104.065605 51737105.686124995 0.0 0.0 2633.3679940881802 3.199999998844195 0.0 0.0
436.0 51737105.686124995 51737107.30664499 51737108.927164994 0.0 0.0 2633.3679940881802 3.199999998844195 0.0 0.0
437.0 51737108.927165 51737110.547685 51737112.168205 0.0 0.0 2633.3679940881802 3.199999998844195 0.0 0.0
438.0 51737112.168205 51737113.788725 51737115.409245 0.0 0.0 2633.3679940881802 3.199999998844195 0.0 0.0
439.0 51737115.409245 51737117.029764995 51737118.650285 1.0 1.0 2633.3679940881802 3.199999998844195 0.3125000001128716 0.3125000001128716
440.0 51737118.650285 51737120.270805 51737121.891325 1.0 1.0 2633.3679940881802 3.199999998844195 0.3125000001128716 0.3125000001128716
441.0 51737121.891325 51737123.51184499 51737125.132364996 1.0 1.0 2633.3679940881802 3.199999998844195 0.3125000001128716 0.3125000001128716
442.0 51737125.132364996 51737126.752885 51737128.373404995 0.0 0.0 2633.3679940881802 3.199999998844195 0.0 0.0
443.0 51737128.373404995 51737129.99392499 51737131.61444499 0.0 0.0 2633.3679940881802 3.199999998844195 0.0 0.0
444.0 51737131.614445 51737133.234965 51737134.855485 0.0 0.0 2633.3679940881802 3.199999998844195 0.0 0.0
445.0 51737134.855485 51737136.476005 51737138.096525 0.0 0.0 2633.3679940881802 3.199999998844195 0.0 0.0
446.0 51737138.096525 51737139.717044994 51737141.337565 0.0 0.0 2633.3679940881802 3.199999998844195 0.0 0.0
447.0 51737141.337565 51737142.958085 51737144.578604996 0.0 0.0 2633.3679940881802 3.199999998844195 0.0 0.0
448.0 51737144.578604996 51737146.19912499 51737147.819644995 0.0 0.0 2633.3679940881802 3.199999998844195 0.0 0.0
449.0 51737147.819644995 51737149.440165 51737151.060684994 0.0 0.0 2633.3679940881802 3.199999998844195 0.0 0.0
450.0 51737151.060685 51737152.681205004 51737154.301725 0.0 0.0 2633.3679940881802 3.199999998844195 0.0 0.0
451.0 51737154.301725 51737155.922244996 51737157.542765 0.0 0.0 2633.3679940881802 3.199999998844195 0.0 0.0
452.0 51737157.542765 51737159.163285 51737160.783805 1.0 1.0 2633.3679940881802 3.199999998844195 0.3125000001128716 0.3125000001128716
453.0 51737160.783805 51737162.40432499 51737164.024845 0.0 0.0 2633.3679940881802 3.199999998844195 0.0 0.0
454.0 51737164.024845 51737165.645365 51737167.265884995 0.0 0.0 2633.3679940881802 3.199999998844195 0.0 0.0
455.0 51737167.265884995 51737168.88640499 51737170.506924994 0.0 0.0 2633.3679940881802 3.199999998844195 0.0 0.0
456.0 51737170.506924994 51737172.127445 51737173.74796499 0.0 0.0 2633.3679940881802 3.199999998844195 0.0 0.0
457.0 51737173.747965 51737175.368485 51737176.989005 0.0 0.0 2633.3679940881802 3.199999998844195 0.0 0.0
458.0 51737176.989005 51737178.609524995 51737180.230045 0.0 0.0 2633.3679940881802 3.199999998844195 0.0 0.0
459.0 51737180.230045 51737181.850565 51737183.471085 1.0 1.0 2633.3679940881802 3.199999998844195 0.3125000001128716 0.3125000001128716
460.0 51737183.471085 51737185.09160499 51737186.712124996 0.0 0.0 2633.3679940881802 3.199999998844195 0.0 0.0
461.0 51737186.712124996 51737188.332645 51737189.953164995 0.0 0.0 2633.3679940881802 3.199999998844195 0.0 0.0
462.0 51737189.953164995 51737191.57368499 51737193.19420499 0.0 0.0 2633.3679940881802 3.199999998844195 0.0 0.0
463.0 51737193.194205 51737194.814725 51737196.435245 0.0 0.0 2633.3679940881802 3.199999998844195 0.0 0.0
464.0 51737196.435245 51737198.055765 51737199.676285 0.0 0.0 2633.3679940881802 3.199999998844195 0.0 0.0
465.0 51737199.676285 51737201.296804994 51737202.917325 0.0 0.0 2633.3679940881802 3.199999998844195 0.0 0.0
466.0 51737202.917325 51737204.537845 51737206.158365 0.0 0.0 2633.3679940881802 3.199999998844195 0.0 0.0
467.0 51737206.158365 51737207.77888499 51737209.399404995 0.0 0.0 2633.3679940881802 3.199999998844195 0.0 0.0
468.0 51737209.399404995 51737211.019925 51737212.640444994 0.0 0.0 2633.3679940881802 3.199999998844195 0.0 0.0
469.0 51737212.640445 51737214.260965005 51737215.881485 0.0 0.0 2633.3679940881802 3.199999998844195 0.0 0.0
470.0 51737215.881485 51737217.502004996 51737219.122525 0.0 0.0 2633.3679940881802 3.199999998844195 0.0 0.0
471.0 51737219.122525 51737220.743045 51737222.363565 0.0 0.0 2633.3679940881802 3.199999998844195 0.0 0.0
472.0 51737222.363565 51737223.98408499 51737225.604605 0.0 0.0 2633.3679940881802 3.199999998844195 0.0 0.0
473.0 51737225.604605 51737227.225125 51737228.845644996 0.0 0.0 2633.3679940881802 3.199999998844195 0.0 0.0
474.0 51737228.845644996 51737230.46616499 51737232.086684994 0.0 0.0 2633.3679940881802 3.199999998844195 0.0 0.0
475.0 51737232.086684994 51737233.707205 51737235.32772499 0.0 0.0 2633.3679940881802 3.199999998844195 0.0 0.0
476.0 51737235.327725 51737236.948245004 51737238.568765 1.0 1.0 2633.3679940881802 3.199999998844195 0.3125000001128716 0.3125000001128716
477.0 51737238.568765 51737240.189284995 51737241.809805 0.0 0.0 2633.3679940881802 3.199999998844195 0.0 0.0
478.0 51737241.809805 51737243.430325 51737245.050845 0.0 0.0 2633.3679940881802 3.199999998844195 0.0 0.0
479.0 51737245.050845 51737246.67136499 51737248.291884996 0.0 0.0 2633.3679940881802 3.199999998844195 0.0 0.0
480.0 51737248.291884996 51737249.912405 51737251.532924995 0.0 0.0 2633.3679940881802 3.199999998844195 0.0 0.0
481.0 51737251.532924995 51737253.15344499 51737254.77396499 0.0 0.0 2633.3679940881802 3.199999998844195 0.0 0.0
482.0 51737254.773965 51737256.394485 51737258.015005 0.0 0.0 2633.3679940881802 3.199999998844195 0.0 0.0
483.0 51737258.015005 51737259.635525 51737261.256045 1.0 1.0 2633.3679940881802 3.199999998844195 0.3125000001128716 0.3125000001128716
484.0 51737261.256045 51737262.876564994 51737264.497085 0.0 0.0 2633.3679940881802 3.199999998844195 0.0 0.0
485.0 51737264.497085 51737266.117605 51737267.738125 0.0 0.0 2633.3679940881802 3.199999998844195 0.0 0.0
486.0 51737267.738125 51737269.35864499 51737270.979164995 0.0 0.0 2633.3679940881802 3.199999998844195 0.0 0.0
487.0 51737270.979164995 51737272.599685 51737274.220204994 0.0 0.0 2633.3679940881802 3.199999998844195 0.0 0.0
488.0 51737274.220205 51737275.840725005 51737277.461245 0.0 0.0 2633.3679940881802 3.199999998844195 0.0 0.0
489.0 51737277.461245 51737279.081764996 51737280.702285 0.0 0.0 2633.3679940881802 3.199999998844195 0.0 0.0
490.0 51737280.702285 51737282.322805 51737283.943325 1.0 1.0 2633.3679940881802 3.199999998844195 0.3125000001128716 0.3125000001128716
491.0 51737283.943325 51737285.56384499 51737287.184365 1.0 1.0 2633.3679940881802 3.199999998844195 0.3125000001128716 0.3125000001128716
492.0 51737287.184365 51737288.804885 51737290.425404996 0.0 0.0 2633.3679940881802 3.199999998844195 0.0 0.0
493.0 51737290.425404996 51737292.04592499 51737293.666444995 0.0 0.0 2633.3679940881802 3.199999998844195 0.0 0.0
494.0 51737293.666444995 51737295.286965 51737296.90748499 0.0 0.0 2633.3679940881802 3.199999998844195 0.0 0.0
495.0 51737296.907485 51737298.528005004 51737300.148525 1.0 1.0 2633.3679940881802 3.199999998844195 0.3125000001128716 0.3125000001128716
496.0 51737300.148525 51737301.769044995 51737303.389565 0.0 0.0 2633.3679940881802 3.199999998844195 0.0 0.0
497.0 51737303.389565 51737305.010085 51737306.630605 0.0 0.0 2633.3679940881802 3.199999998844195 0.0 0.0
498.0 51737306.630605 51737308.25112499 51737309.871644996 0.0 0.0 2633.3679940881802 3.199999998844195 0.0 0.0
499.0 51737309.871644996 51737311.492165 51737313.112684995 0.0 0.0 2633.3679940881802 3.199999998844195 0.0 0.0
500.0 51737313.112684995 51737314.73320499 51737316.353724994 0.0 0.0 2633.3679940881802 3.199999998844195 0.0 0.0
501.0 51737316.353725 51737317.974245 51737319.594765 1.0 1.0 2633.3679940881802 3.199999998844195 0.3125000001128716 0.3125000001128716
502.0 51737319.594765 51737321.215285 51737322.835805 0.0 0.0 2633.3679940881802 3.199999998844195 0.0 0.0
503.0 51737322.835805 51737324.456324995 51737326.076845 0.0 0.0 2633.3679940881802 3.199999998844195 0.0 0.0
504.0 51737326.076845 51737327.697365 51737329.317885 0.0 0.0 2633.3679940881802 3.199999998844195 0.0 0.0
505.0 51737329.317885 51737330.93840499 51737332.558924995 0.0 0.0 2633.3679940881802 3.199999998844195 0.0 0.0
506.0 51737332.558924995 51737334.179445 51737335.799964994 0.0 0.0 2633.3679940881802 3.199999998844195 0.0 0.0
507.0 51737335.799965 51737337.420485005 51737339.041005 0.0 0.0 2633.3679940881802 3.199999998844195 0.0 0.0
508.0 51737339.041005 51737340.661524996 51737342.282045 0.0 0.0 2633.3679940881802 3.199999998844195 0.0 0.0
509.0 51737342.282045 51737343.902565 51737345.523085 0.0 0.0 2633.3679940881802 3.199999998844195 0.0 0.0
510.0 51737345.523085 51737347.143604994 51737348.764125 1.0 1.0 2633.3679940881802 3.199999998844195 0.3125000001128716 0.3125000001128716
511.0 51737348.764125 51737350.384645 51737352.005164996 1.0 1.0 2633.3679940881802 3.199999998844195 0.3125000001128716 0.3125000001128716
512.0 51737352.005164996 51737353.62568499 51737355.246204995 0.0 0.0 2633.3679940881802 3.199999998844195 0.0 0.0
513.0 51737355.246204995 51737356.866725 51737358.48724499 0.0 0.0 2633.3679940881802 3.199999998844195 0.0 0.0
514.0 51737358.487245 51737360.107765004 51737361.728285 0.0 0.0 2633.3679940881802 3.199999998844195 0.0 0.0
515.0 51737361.728285 51737363.348804995 51737364.969325 0.0 0.0 2633.3679940881802 3.199999998844195 0.0 0.0
516.0 51737364.969325 51737366.589845 51737368.210365 0.0 0.0 2633.3679940881802 3.199999998844195 0.0 0.0
517.0 51737368.210365 51737369.83088499 51737371.451404996 0.0 0.0 2633.3679940881802 3.199999998844195 0.0 0.0
518.0 51737371.451404996 51737373.071925 51737374.692444995 0.0 0.0 2633.3679940881802 3.199999998844195 0.0 0.0
519.0 51737374.692444995 51737376.31296499 51737377.933484994 0.0 0.0 2633.3679940881802 3.199999998844195 0.0 0.0
520.0 51737377.933485 51737379.554005 51737381.174525 0.0 0.0 2633.3679940881802 3.199999998844195 0.0 0.0
521.0 51737381.174525 51737382.795045 51737384.415565 0.0 0.0 2633.3679940881802 3.199999998844195 0.0 0.0
522.0 51737384.415565 51737386.036084995 51737387.656605 0.0 0.0 2633.3679940881802 3.199999998844195 0.0 0.0
523.0 51737387.656605 51737389.277125 51737390.897645 0.0 0.0 2633.3679940881802 3.199999998844195 0.0 0.0
524.0 51737390.897645 51737392.51816499 51737394.138684995 0.0 0.0 2633.3679940881802 3.199999998844195 0.0 0.0
525.0 51737394.138684995 51737395.759205 51737397.379724994 0.0 0.0 2633.3679940881802 3.199999998844195 0.0 0.0
526.0 51737397.379724994 51737399.00024499 51737400.62076499 0.0 0.0 2633.3679940881802 3.199999998844195 0.0 0.0
527.0 51737400.620765 51737402.241284996 51737403.861805 0.0 0.0 2633.3679940881802 3.199999998844195 0.0 0.0
528.0 51737403.861805 51737405.482325 51737407.102845 0.0 0.0 2633.3679940881802 3.199999998844195 0.0 0.0
529.0 51737407.102845 51737408.723364994 51737410.343885 0.0 0.0 2633.3679940881802 3.199999998844195 0.0 0.0
530.0 51737410.343885 51737411.964405 51737413.584924996 0.0 0.0 2633.3679940881802 3.199999998844195 0.0 0.0
531.0 51737413.584924996 51737415.20544499 51737416.825964995 0.0 0.0 2633.3679940881802 3.199999998844195 0.0 0.0
532.0 51737416.825964995 51737418.446485 51737420.06700499 0.0 0.0 2633.3679940881802 3.199999998844195 0.0 0.0
533.0 51737420.067005 51737421.687525004 51737423.308045 0.0 0.0 2633.3679940881802 3.199999998844195 0.0 0.0
534.0 51737423.308045 51737424.928564996 51737426.549085 0.0 0.0 2633.3679940881802 3.199999998844195 0.0 0.0
535.0 51737426.549085 51737428.169605 51737429.790125 0.0 0.0 2633.3679940881802 3.199999998844195 0.0 0.0
536.0 51737429.790125 51737431.41064499 51737433.031165 0.0 0.0 2633.3679940881802 3.199999998844195 0.0 0.0
537.0 51737433.031165 51737434.651685 51737436.272204995 0.0 0.0 2633.3679940881802 3.199999998844195 0.0 0.0
538.0 51737436.272204995 51737437.89272499 51737439.513244994 0.0 0.0 2633.3679940881802 3.199999998844195 0.0 0.0
539.0 51737439.513245 51737441.133765 51737442.754285 0.0 0.0 2633.3679940881802 3.199999998844195 0.0 0.0
540.0 51737442.754285 51737444.374805 51737445.995325 0.0 0.0 2633.3679940881802 3.199999998844195 0.0 0.0
541.0 51737445.995325 51737447.615844995 51737449.236365 0.0 0.0 2633.3679940881802 3.199999998844195 0.0 0.0
542.0 51737449.236365 51737450.856885 51737452.477405 0.0 0.0 2633.3679940881802 3.199999998844195 0.0 0.0
543.0 51737452.477405 51737454.09792499 51737455.718444996 0.0 0.0 2633.3679940881802 3.199999998844195 0.0 0.0
544.0 51737455.718444996 51737457.338965 51737458.959484994 0.0 0.0 2633.3679940881802 3.199999998844195 0.0 0.0
545.0 51737458.959484994 51737460.58000499 51737462.20052499 0.0 0.0 2633.3679940881802 3.199999998844195 0.0 0.0
546.0 51737462.200525 51737463.821045 51737465.441565 1.0 1.0 2633.3679940881802 3.199999998844195 0.3125000001128716 0.3125000001128716
547.0 51737465.441565 51737467.062085 51737468.682605 0.0 0.0 2633.3679940881802 3.199999998844195 0.0 0.0
548.0 51737468.682605 51737470.303124994 51737471.923645 0.0 0.0 2633.3679940881802 3.199999998844195 0.0 0.0
549.0 51737471.923645 51737473.544165 51737475.164684996 0.0 0.0 2633.3679940881802 3.199999998844195 0.0 0.0
550.0 51737475.164684996 51737476.78520499 51737478.405724995 0.0 0.0 2633.3679940881802 3.199999998844195 0.0 0.0
551.0 51737478.405724995 51737480.026245 51737481.64676499 0.0 0.0 2633.3679940881802 3.199999998844195 0.0 0.0
552.0 51737481.646765 51737483.267285004 51737484.887805 1.0 1.0 2633.3679940881802 3.199999998844195 0.3125000001128716 0.3125000001128716
553.0 51737484.887805 51737486.508324996 51737488.128845 0.0 0.0 2633.3679940881802 3.199999998844195 0.0 0.0
554.0 51737488.128845 51737489.749365 51737491.369885 0.0 0.0 2633.3679940881802 3.199999998844195 0.0 0.0
555.0 51737491.369885 51737492.99040499 51737494.610925 0.0 0.0 2633.3679940881802 3.199999998844195 0.0 0.0
556.0 51737494.610925 51737496.231445 51737497.851964995 1.0 1.0 2633.3679940881802 3.199999998844195 0.3125000001128716 0.3125000001128716
557.0 51737497.851964995 51737499.47248499 51737501.093004994 0.0 0.0 2633.3679940881802 3.199999998844195 0.0 0.0
558.0 51737501.093005 51737502.713525 51737504.334045 0.0 0.0 2633.3679940881802 3.199999998844195 0.0 0.0
559.0 51737504.334045 51737505.954565 51737507.575085 0.0 0.0 2633.3679940881802 3.199999998844195 0.0 0.0
560.0 51737507.575085 51737509.195604995 51737510.816125 0.0 0.0 2633.3679940881802 3.199999998844195 0.0 0.0
561.0 51737510.816125 51737512.436645 51737514.057165 1.0 1.0 2633.3679940881802 3.199999998844195 0.3125000001128716 0.3125000001128716
562.0 51737514.057165 51737515.67768499 51737517.298204996 0.0 0.0 2633.3679940881802 3.199999998844195 0.0 0.0
563.0 51737517.298204996 51737518.918725 51737520.539244995 0.0 0.0 2633.3679940881802 3.199999998844195 0.0 0.0
564.0 51737520.539244995 51737522.15976499 51737523.78028499 0.0 0.0 2633.3679940881802 3.199999998844195 0.0 0.0
565.0 51737523.780285 51737525.400805 51737527.021325 0.0 0.0 2633.3679940881802 3.199999998844195 0.0 0.0
566.0 51737527.021325 51737528.641845 51737530.262365 0.0 0.0 2633.3679940881802 3.199999998844195 0.0 0.0
567.0 51737530.262365 51737531.882884994 51737533.503405 0.0 0.0 2633.3679940881802 3.199999998844195 0.0 0.0
568.0 51737533.503405 51737535.123925 51737536.744444996 0.0 0.0 2633.3679940881802 3.199999998844195 0.0 0.0
569.0 51737536.744444996 51737538.36496499 51737539.985484995 1.0 1.0 2633.3679940881802 3.199999998844195 0.3125000001128716 0.3125000001128716
570.0 51737539.985484995 51737541.606005 51737543.226524994 0.0 0.0 2633.3679940881802 3.199999998844195 0.0 0.0
571.0 51737543.226525 51737544.847045004 51737546.467565 1.0 1.0 2633.3679940881802 3.199999998844195 0.3125000001128716 0.3125000001128716
572.0 51737546.467565 51737548.088084996 51737549.708605 0.0 0.0 2633.3679940881802 3.199999998844195 0.0 0.0
573.0 51737549.708605 51737551.329125 51737552.949645 0.0 0.0 2633.3679940881802 3.199999998844195 0.0 0.0
574.0 51737552.949645 51737554.57016499 51737556.190685 1.0 1.0 2633.3679940881802 3.199999998844195 0.3125000001128716 0.3125000001128716
575.0 51737556.190685 51737557.811205 51737559.431724995 0.0 0.0 2633.3679940881802 3.199999998844195 0.0 0.0
576.0 51737559.431724995 51737561.05224499 51737562.672764994 0.0 0.0 2633.3679940881802 3.199999998844195 0.0 0.0
577.0 51737562.672765 51737564.293285 51737565.913805 1.0 1.0 2633.3679940881802 3.199999998844195 0.3125000001128716 0.3125000001128716
578.0 51737565.913805 51737567.534325 51737569.154845 0.0 0.0 2633.3679940881802 3.199999998844195 0.0 0.0
579.0 51737569.154845 51737570.775364995 51737572.395885 0.0 0.0 2633.3679940881802 3.199999998844195 0.0 0.0
580.0 51737572.395885 51737574.016405 51737575.636925 0.0 0.0 2633.3679940881802 3.199999998844195 0.0 0.0
581.0 51737575.636925 51737577.25744499 51737578.877964996 0.0 0.0 2633.3679940881802 3.199999998844195 0.0 0.0
582.0 51737578.877964996 51737580.498485 51737582.119004995 0.0 0.0 2633.3679940881802 3.199999998844195 0.0 0.0
583.0 51737582.119004995 51737583.73952499 51737585.36004499 0.0 0.0 2633.3679940881802 3.199999998844195 0.0 0.0
584.0 51737585.360045 51737586.980565 51737588.601085 3.0 1.7320508075688772 2633.3679940881802 3.199999998844195 0.9375000003386148 0.5412658775607735
585.0 51737588.601085 51737590.221605 51737591.842125 1.0 1.0 2633.3679940881802 3.199999998844195 0.3125000001128716 0.3125000001128716
586.0 51737591.842125 51737593.462644994 51737595.083165 0.0 0.0 2633.3679940881802 3.199999998844195 0.0 0.0
587.0 51737595.083165 51737596.703685 51737598.324204996 0.0 0.0 2633.3679940881802 3.199999998844195 0.0 0.0
588.0 51737598.324204996 51737599.94472499 51737601.565244995 0.0 0.0 2633.3679940881802 3.199999998844195 0.0 0.0
589.0 51737601.565244995 51737603.185765 51737604.806284994 0.0 0.0 2633.3679940881802 3.199999998844195 0.0 0.0
590.0 51737604.806285 51737606.426805004 51737608.047325 0.0 0.0 2633.3679940881802 3.199999998844195 0.0 0.0
591.0 51737608.047325 51737609.667844996 51737611.288365 0.0 0.0 2633.3679940881802 3.199999998844195 0.0 0.0
592.0 51737611.288365 51737612.908885 51737614.529405 0.0 0.0 2633.3679940881802 3.199999998844195 0.0 0.0
593.0 51737614.529405 51737616.14992499 51737617.770445 0.0 0.0 2633.3679940881802 3.199999998844195 0.0 0.0
594.0 51737617.770445 51737619.390965 51737621.011484995 1.0 1.0 2633.3679940881802 3.199999998844195 0.3125000001128716 0.3125000001128716
595.0 51737621.011484995 51737622.63200499 51737624.252524994 1.0 1.0 2633.3679940881802 3.199999998844195 0.3125000001128716 0.3125000001128716
596.0 51737624.252524994 51737625.873045 51737627.49356499 0.0 0.0 2633.3679940881802 3.199999998844195 0.0 0.0
597.0 51737627.493565 51737629.114085004 51737630.734605 0.0 0.0 2633.3679940881802 3.199999998844195 0.0 0.0
598.0 51737630.734605 51737632.355124995 51737633.975645 0.0 0.0 2633.3679940881802 3.199999998844195 0.0 0.0
599.0 51737633.975645 51737635.596165 51737637.216685 0.0 0.0 2633.3679940881802 3.199999998844195 0.0 0.0
600.0 51737637.216685 51737638.83720499 51737640.457724996 0.0 0.0 2633.3679940881802 3.199999998844195 0.0 0.0
601.0 51737640.457724996 51737642.078245 51737643.698764995 0.0 0.0 2633.3679940881802 3.199999998844195 0.0 0.0
602.0 51737643.698764995 51737645.31928499 51737646.93980499 0.0 0.0 2633.3679940881802 3.199999998844195 0.0 0.0
603.0 51737646.939805 51737648.560325 51737650.180845 0.0 0.0 2633.3679940881802 3.199999998844195 0.0 0.0
604.0 51737650.180845 51737651.801365 51737653.421885 0.0 0.0 2633.3679940881802 3.199999998844195 0.0 0.0
605.0 51737653.421885 51737655.042404994 51737656.662925 0.0 0.0 2633.3679940881802 3.199999998844195 0.0 0.0
606.0 51737656.662925 51737658.283445 51737659.903965 0.0 0.0 2633.3679940881802 3.199999998844195 0.0 0.0
607.0 51737659.903965 51737661.52448499 51737663.145004995 0.0 0.0 2633.3679940881802 3.199999998844195 0.0 0.0
608.0 51737663.145004995 51737664.765525 51737666.386044994 0.0 0.0 2633.3679940881802 3.199999998844195 0.0 0.0
609.0 51737666.386045 51737668.006565005 51737669.627085 0.0 0.0 2633.3679940881802 3.199999998844195 0.0 0.0
610.0 51737669.627085 51737671.247604996 51737672.868125 0.0 0.0 2633.3679940881802 3.199999998844195 0.0 0.0
611.0 51737672.868125 51737674.488645 51737676.109165 0.0 0.0 2633.3679940881802 3.199999998844195 0.0 0.0
612.0 51737676.109165 51737677.72968499 51737679.350205 0.0 0.0 2633.3679940881802 3.199999998844195 0.0 0.0
613.0 51737679.350205 51737680.970725 51737682.591244996 0.0 0.0 2633.3679940881802 3.199999998844195 0.0 0.0
614.0 51737682.591244996 51737684.21176499 51737685.832284994 0.0 0.0 2633.3679940881802 3.199999998844195 0.0 0.0
615.0 51737685.832284994 51737687.452805 51737689.07332499 0.0 0.0 2633.3679940881802 3.199999998844195 0.0 0.0
616.0 51737689.073325 51737690.693845004 51737692.314365 0.0 0.0 2633.3679940881802 3.199999998844195 0.0 0.0
617.0 51737692.314365 51737693.934884995 51737695.555405 0.0 0.0 2633.3679940881802 3.199999998844195 0.0 0.0
618.0 51737695.555405 51737697.175925 51737698.796445 0.0 0.0 2633.3679940881802 3.199999998844195 0.0 0.0
619.0 51737698.796445 51737700.41696499 51737702.037484996 0.0 0.0 2633.3679940881802 3.199999998844195 0.0 0.0
620.0 51737702.037484996 51737703.658005 51737705.278524995 0.0 0.0 2633.3679940881802 3.199999998844195 0.0 0.0
621.0 51737705.278524995 51737706.89904499 51737708.51956499 0.0 0.0 2633.3679940881802 3.199999998844195 0.0 0.0
622.0 51737708.519565 51737710.140085 51737711.760605 0.0 0.0 2633.3679940881802 3.199999998844195 0.0 0.0
623.0 51737711.760605 51737713.381125 51737715.001645 0.0 0.0 2633.3679940881802 3.199999998844195 0.0 0.0
624.0 51737715.001645 51737716.622164994 51737718.242685 0.0 0.0 2633.3679940881802 3.199999998844195 0.0 0.0
625.0 51737718.242685 51737719.863205 51737721.483725 0.0 0.0 2633.3679940881802 3.199999998844195 0.0 0.0
626.0 51737721.483725 51737723.10424499 51737724.724764995 0.0 0.0 2633.3679940881802 3.199999998844195 0.0 0.0
627.0 51737724.724764995 51737726.345285 51737727.965804994 0.0 0.0 2633.3679940881802 3.199999998844195 0.0 0.0
628.0 51737727.965805 51737729.586325005 51737731.206845 1.0 1.0 2633.3679940881802 3.199999998844195 0.3125000001128716 0.3125000001128716
629.0 51737731.206845 51737732.827364996 51737734.447885 1.0 1.0 2633.3679940881802 3.199999998844195 0.3125000001128716 0.3125000001128716
630.0 51737734.447885 51737736.068405 51737737.688925 0.0 0.0 2633.3679940881802 3.199999998844195 0.0 0.0
631.0 51737737.688925 51737739.309444994 51737740.929965 0.0 0.0 2633.3679940881802 3.199999998844195 0.0 0.0
632.0 51737740.929965 51737742.550485 51737744.171004996 0.0 0.0 2633.3679940881802 3.199999998844195 0.0 0.0
633.0 51737744.171004996 51737745.79152499 51737747.412044995 0.0 0.0 2633.3679940881802 3.199999998844195 0.0 0.0
634.0 51737747.412044995 51737749.032565 51737750.65308499 0.0 0.0 2633.3679940881802 3.199999998844195 0.0 0.0
635.0 51737750.653085 51737752.273605004 51737753.894125 0.0 0.0 2633.3679940881802 3.199999998844195 0.0 0.0
636.0 51737753.894125 51737755.514644995 51737757.135165 1.0 1.0 2633.3679940881802 3.199999998844195 0.3125000001128716 0.3125000001128716
637.0 51737757.135165 51737758.755685 51737760.376205 0.0 0.0 2633.3679940881802 3.199999998844195 0.0 0.0
638.0 51737760.376205 51737761.99672499 51737763.617244996 0.0 0.0 2633.3679940881802 3.199999998844195 0.0 0.0
639.0 51737763.617244996 51737765.237765 51737766.858284995 1.0 1.0 2633.3679940881802 3.199999998844195 0.3125000001128716 0.3125000001128716
640.0 51737766.858284995 51737768.47880499 51737770.099324994 0.0 0.0 2633.3679940881802 3.199999998844195 0.0 0.0
641.0 51737770.099325 51737771.719845 51737773.340365 0.0 0.0 2633.3679940881802 3.199999998844195 0.0 0.0
642.0 51737773.340365 51737774.960885 51737776.581405 0.0 0.0 2633.3679940881802 3.199999998844195 0.0 0.0
643.0 51737776.581405 51737778.201924995 51737779.822445 1.0 1.0 2633.3679940881802 3.199999998844195 0.3125000001128716 0.3125000001128716
644.0 51737779.822445 51737781.442965 51737783.063485 0.0 0.0 2633.3679940881802 3.199999998844195 0.0 0.0
645.0 51737783.063485 51737784.68400499 51737786.304524995 2.0 1.4142135623730951 2633.3679940881802 3.199999998844195 0.6250000002257432 0.44194173840121675
646.0 51737786.304524995 51737787.925045 51737789.545564994 0.0 0.0 2633.3679940881802 3.199999998844195 0.0 0.0
647.0 51737789.545564994 51737791.16608499 51737792.78660499 0.0 0.0 2633.3679940881802 3.199999998844195 0.0 0.0
648.0 51737792.786605 51737794.407124996 51737796.027645 0.0 0.0 2633.3679940881802 3.199999998844195 0.0 0.0
649.0 51737796.027645 51737797.648165 51737799.268685 2.0 1.4142135623730951 2633.3679940881802 3.199999998844195 0.6250000002257432 0.44194173840121675
650.0 51737799.268685 51737800.889204994 51737802.509725 0.0 0.0 2633.3679940881802 3.199999998844195 0.0 0.0
651.0 51737802.509725 51737804.130245 51737805.750764996 0.0 0.0 2633.3679940881802 3.199999998844195 0.0 0.0
652.0 51737805.750764996 51737807.37128499 51737808.991804995 0.0 0.0 2633.3679940881802 3.199999998844195 0.0 0.0
653.0 51737808.991804995 51737810.612325 51737812.23284499 0.0 0.0 2633.3679940881802 3.199999998844195 0.0 0.0
654.0 51737812.232845 51737813.853365004 51737815.473885 1.0 1.0 2633.3679940881802 3.199999998844195 0.3125000001128716 0.3125000001128716
655.0 51737815.473885 51737817.094404995 51737818.714925 1.0 1.0 2633.3679940881802 3.199999998844195 0.3125000001128716 0.3125000001128716
656.0 51737818.714925 51737820.335445 51737821.955965 1.0 1.0 2633.3679940881802 3.199999998844195 0.3125000001128716 0.3125000001128716
657.0 51737821.955965 51737823.57648499 51737825.197004996 0.0 0.0 2633.3679940881802 3.199999998844195 0.0 0.0
658.0 51737825.197004996 51737826.817525 51737828.438044995 0.0 0.0 2633.3679940881802 3.199999998844195 0.0 0.0
659.0 51737828.438044995 51737830.05856499 51737831.679084994 0.0 0.0 2633.3679940881802 3.199999998844195 0.0 0.0
660.0 51737831.679085 51737833.299605 51737834.920125 0.0 0.0 2633.3679940881802 3.199999998844195 0.0 0.0
661.0 51737834.920125 51737836.540645 51737838.161165 0.0 0.0 2633.3679940881802 3.199999998844195 0.0 0.0
662.0 51737838.161165 51737839.781684995 51737841.402205 0.0 0.0 2633.3679940881802 3.199999998844195 0.0 0.0
663.0 51737841.402205 51737843.022725 51737844.643245 0.0 0.0 2633.3679940881802 3.199999998844195 0.0 0.0
664.0 51737844.643245 51737846.26376499 51737847.884284995 0.0 0.0 2633.3679940881802 3.199999998844195 0.0 0.0
665.0 51737847.884284995 51737849.504805 51737851.125324994 0.0 0.0 2633.3679940881802 3.199999998844195 0.0 0.0
666.0 51737851.125324994 51737852.74584499 51737854.36636499 0.0 0.0 2633.3679940881802 3.199999998844195 0.0 0.0
667.0 51737854.366365 51737855.986885 51737857.607405 0.0 0.0 2633.3679940881802 3.199999998844195 0.0 0.0
668.0 51737857.607405 51737859.227925 51737860.848445 1.0 1.0 2633.3679940881802 3.199999998844195 0.3125000001128716 0.3125000001128716
669.0 51737860.848445 51737862.468964994 51737864.089485 0.0 0.0 2633.3679940881802 3.199999998844195 0.0 0.0
670.0 51737864.089485 51737865.710005 51737867.330524996 0.0 0.0 2633.3679940881802 3.199999998844195 0.0 0.0
671.0 51737867.330524996 51737868.95104499 51737870.571564995 0.0 0.0 2633.3679940881802 3.199999998844195 0.0 0.0
672.0 51737870.571564995 51737872.192085 51737873.81260499 0.0 0.0 2633.3679940881802 3.199999998844195 0.0 0.0
673.0 51737873.812605 51737875.433125004 51737877.053645 0.0 0.0 2633.3679940881802 3.199999998844195 0.0 0.0
674.0 51737877.053645 51737878.674164996 51737880.294685 0.0 0.0 2633.3679940881802 3.199999998844195 0.0 0.0
675.0 51737880.294685 51737881.915205 51737883.535725 0.0 0.0 2633.3679940881802 3.199999998844195 0.0 0.0
676.0 51737883.535725 51737885.15624499 51737886.776765 0.0 0.0 2633.3679940881802 3.199999998844195 0.0 0.0
677.0 51737886.776765 51737888.397285 51737890.017804995 0.0 0.0 2633.3679940881802 3.199999998844195 0.0 0.0
678.0 51737890.017804995 51737891.63832499 51737893.258844994 0.0 0.0 2633.3679940881802 3.199999998844195 0.0 0.0
679.0 51737893.258845 51737894.879365 51737896.499885 0.0 0.0 2633.3679940881802 3.199999998844195 0.0 0.0
680.0 51737896.499885 51737898.120405 51737899.740925 1.0 1.0 2633.3679940881802 3.199999998844195 0.3125000001128716 0.3125000001128716
681.0 51737899.740925 51737901.361444995 51737902.981965 0.0 0.0 2633.3679940881802 3.199999998844195 0.0 0.0
682.0 51737902.981965 51737904.602485 51737906.223005 1.0 1.0 2633.3679940881802 3.199999998844195 0.3125000001128716 0.3125000001128716
683.0 51737906.223005 51737907.84352499 51737909.464044996 1.0 1.0 2633.3679940881802 3.199999998844195 0.3125000001128716 0.3125000001128716
684.0 51737909.464044996 51737911.084565 51737912.705084994 1.0 1.0 2633.3679940881802 3.199999998844195 0.3125000001128716 0.3125000001128716
685.0 51737912.705084994 51737914.32560499 51737915.94612499 2.0 1.4142135623730951 2633.3679940881802 3.199999998844195 0.6250000002257432 0.44194173840121675
686.0 51737915.946125 51737917.566645 51737919.187165 0.0 0.0 2633.3679940881802 3.199999998844195 0.0 0.0
687.0 51737919.187165 51737920.807685 51737922.428205 1.0 1.0 2633.3679940881802 3.199999998844195 0.3125000001128716 0.3125000001128716
688.0 51737922.428205 51737924.048724994 51737925.669245 0.0 0.0 2633.3679940881802 3.199999998844195 0.0 0.0
689.0 51737925.669245 51737927.289765 51737928.910284996 0.0 0.0 2633.3679940881802 3.199999998844195 0.0 0.0
690.0 51737928.910284996 51737930.53080499 51737932.151324995 0.0 0.0 2633.3679940881802 3.199999998844195 0.0 0.0
691.0 51737932.151324995 51737933.771845 51737935.39236499 1.0 1.0 2633.3679940881802 3.199999998844195 0.3125000001128716 0.3125000001128716
692.0 51737935.392365 51737937.012885004 51737938.633405 1.0 1.0 2633.3679940881802 3.199999998844195 0.3125000001128716 0.3125000001128716
693.0 51737938.633405 51737940.253924996 51737941.874445 0.0 0.0 2633.3679940881802 3.199999998844195 0.0 0.0
694.0 51737941.874445 51737943.494965 51737945.115485 0.0 0.0 2633.3679940881802 3.199999998844195 0.0 0.0
695.0 51737945.115485 51737946.73600499 51737948.356525 0.0 0.0 2633.3679940881802 3.199999998844195 0.0 0.0
696.0 51737948.356525 51737949.977045 51737951.597564995 0.0 0.0 2633.3679940881802 3.199999998844195 0.0 0.0
697.0 51737951.597564995 51737953.21808499 51737954.838604994 0.0 0.0 2633.3679940881802 3.199999998844195 0.0 0.0
698.0 51737954.838605 51737956.459125 51737958.079645 0.0 0.0 2633.3679940881802 3.199999998844195 0.0 0.0
699.0 51737958.079645 51737959.700165 51737961.320685 0.0 0.0 2633.3679940881802 3.199999998844195 0.0 0.0
700.0 51737961.320685 51737962.941204995 51737964.561725 0.0 0.0 2633.3679940881802 3.199999998844195 0.0 0.0
701.0 51737964.561725 51737966.182245 51737967.802765 0.0 0.0 2633.3679940881802 3.199999998844195 0.0 0.0
702.0 51737967.802765 51737969.42328499 51737971.043804996 0.0 0.0 2633.3679940881802 3.199999998844195 0.0 0.0
703.0 51737971.043804996 51737972.664325 51737974.284844995 0.0 0.0 2633.3679940881802 3.199999998844195 0.0 0.0
704.0 51737974.284844995 51737975.90536499 51737977.52588499 0.0 0.0 2633.3679940881802 3.199999998844195 0.0 0.0
705.0 51737977.525885 51737979.146405 51737980.766925 0.0 0.0 2633.3679940881802 3.199999998844195 0.0 0.0
706.0 51737980.766925 51737982.387445 51737984.007965 0.0 0.0 2633.3679940881802 3.199999998844195 0.0 0.0
707.0 51737984.007965 51737985.628484994 51737987.249005 1.0 1.0 2633.3679940881802 3.199999998844195 0.3125000001128716 0.3125000001128716
708.0 51737987.249005 51737988.869525 51737990.490044996 0.0 0.0 2633.3679940881802 3.199999998844195 0.0 0.0
709.0 51737990.490044996 51737992.11056499 51737993.731084995 0.0 0.0 2633.3679940881802 3.199999998844195 0.0 0.0
710.0 51737993.731084995 51737995.351605 51737996.972124994 0.0 0.0 2633.3679940881802 3.199999998844195 0.0 0.0
711.0 51737996.972125 51737998.592645004 51738000.213165 0.0 0.0 2633.3679940881802 3.199999998844195 0.0 0.0
712.0 51738000.213165 51738001.833684996 51738003.454205 1.0 1.0 2633.3679940881802 3.199999998844195 0.3125000001128716 0.3125000001128716
713.0 51738003.454205 51738005.074725 51738006.695245 0.0 0.0 2633.3679940881802 3.199999998844195 0.0 0.0
714.0 51738006.695245 51738008.31576499 51738009.936285 0.0 0.0 2633.3679940881802 3.199999998844195 0.0 0.0
715.0 51738009.936285 51738011.556805 51738013.177324995 0.0 0.0 2633.3679940881802 3.199999998844195 0.0 0.0
716.0 51738013.177324995 51738014.79784499 51738016.418364994 0.0 0.0 2633.3679940881802 3.199999998844195 0.0 0.0
717.0 51738016.418364994 51738018.038885 51738019.65940499 0.0 0.0 2633.3679940881802 3.199999998844195 0.0 0.0
718.0 51738019.659405 51738021.279925 51738022.900445 0.0 0.0 2633.3679940881802 3.199999998844195 0.0 0.0
719.0 51738022.900445 51738024.520964995 51738026.141485 1.0 1.0 2633.3679940881802 3.199999998844195 0.3125000001128716 0.3125000001128716
720.0 51738026.141485 51738027.762005 51738029.382525 0.0 0.0 2633.3679940881802 3.199999998844195 0.0 0.0
721.0 51738029.382525 51738031.00304499 51738032.623564996 0.0 0.0 2633.3679940881802 3.199999998844195 0.0 0.0
722.0 51738032.623564996 51738034.244085 51738035.864604995 0.0 0.0 2633.3679940881802 3.199999998844195 0.0 0.0
723.0 51738035.864604995 51738037.48512499 51738039.10564499 0.0 0.0 2633.3679940881802 3.199999998844195 0.0 0.0
724.0 51738039.105645 51738040.726165 51738042.346685 0.0 0.0 2633.3679940881802 3.199999998844195 0.0 0.0
725.0 51738042.346685 51738043.967205 51738045.587725 0.0 0.0 2633.3679940881802 3.199999998844195 0.0 0.0
726.0 51738045.587725 51738047.208244994 51738048.828765 0.0 0.0 2633.3679940881802 3.199999998844195 0.0 0.0
727.0 51738048.828765 51738050.449285 51738052.069804996 0.0 0.0 2633.3679940881802 3.199999998844195 0.0 0.0
728.0 51738052.069804996 51738053.69032499 51738055.310844995 0.0 0.0 2633.3679940881802 3.199999998844195 0.0 0.0
729.0 51738055.310844995 51738056.931365 51738058.551884994 0.0 0.0 2633.3679940881802 3.199999998844195 0.0 0.0
730.0 51738058.551885 51738060.172405005 51738061.792925 0.0 0.0 2633.3679940881802 3.199999998844195 0.0 0.0
731.0 51738061.792925 51738063.413444996 51738065.033965 0.0 0.0 2633.3679940881802 3.199999998844195 0.0 0.0
732.0 51738065.033965 51738066.654485 51738068.275005 0.0 0.0 2633.3679940881802 3.199999998844195 0.0 0.0
733.0 51738068.275005 51738069.89552499 51738071.516045 0.0 0.0 2633.3679940881802 3.199999998844195 0.0 0.0
734.0 51738071.516045 51738073.136565 51738074.757084996 1.0 1.0 2633.3679940881802 3.199999998844195 0.3125000001128716 0.3125000001128716
735.0 51738074.757084996 51738076.37760499 51738077.998124994 0.0 0.0 2633.3679940881802 3.199999998844195 0.0 0.0
736.0 51738077.998124994 51738079.618645 51738081.23916499 0.0 0.0 2633.3679940881802 3.199999998844195 0.0 0.0
737.0 51738081.239165 51738082.859685004 51738084.480205 0.0 0.0 2633.3679940881802 3.199999998844195 0.0 0.0
738.0 51738084.480205 51738086.100724995 51738087.721245 0.0 0.0 2633.3679940881802 3.199999998844195 0.0 0.0
739.0 51738087.721245 51738089.341765 51738090.962285 0.0 0.0 2633.3679940881802 3.199999998844195 0.0 0.0
740.0 51738090.962285 51738092.58280499 51738094.203324996 0.0 0.0 2633.3679940881802 3.199999998844195 0.0 0.0
741.0 51738094.203324996 51738095.823845 51738097.444364995 0.0 0.0 2633.3679940881802 3.199999998844195 0.0 0.0
742.0 51738097.444364995 51738099.06488499 51738100.68540499 0.0 0.0 2633.3679940881802 3.199999998844195 0.0 0.0
743.0 51738100.685405 51738102.305925 51738103.926445 1.0 1.0 2633.3679940881802 3.199999998844195 0.3125000001128716 0.3125000001128716
744.0 51738103.926445 51738105.546965 51738107.167485 0.0 0.0 2633.3679940881802 3.199999998844195 0.0 0.0
745.0 51738107.167485 51738108.788004994 51738110.408525 0.0 0.0 2633.3679940881802 3.199999998844195 0.0 0.0
746.0 51738110.408525 51738112.029045 51738113.649565 0.0 0.0 2633.3679940881802 3.199999998844195 0.0 0.0
747.0 51738113.649565 51738115.27008499 51738116.890604995 0.0 0.0 2633.3679940881802 3.199999998844195 0.0 0.0
748.0 51738116.890604995 51738118.511125 51738120.131644994 0.0 0.0 2633.3679940881802 3.199999998844195 0.0 0.0
749.0 51738120.131645 51738121.752165005 51738123.372685 0.0 0.0 2633.3679940881802 3.199999998844195 0.0 0.0
750.0 51738123.372685 51738124.993204996 51738126.613725 0.0 0.0 2633.3679940881802 3.199999998844195 0.0 0.0
751.0 51738126.613725 51738128.234245 51738129.854765 0.0 0.0 2633.3679940881802 3.199999998844195 0.0 0.0
752.0 51738129.854765 51738131.47528499 51738133.095805 0.0 0.0 2633.3679940881802 3.199999998844195 0.0 0.0
753.0 51738133.095805 51738134.716325 51738136.336844996 0.0 0.0 2633.3679940881802 3.199999998844195 0.0 0.0
754.0 51738136.336844996 51738137.95736499 51738139.577884994 0.0 0.0 2633.3679940881802 3.199999998844195 0.0 0.0
755.0 51738139.577884994 51738141.198405 51738142.81892499 2.0 1.4142135623730951 2633.3679940881802 3.199999998844195 0.6250000002257432 0.44194173840121675
756.0 51738142.818925 51738144.439445004 51738146.059965 1.0 1.0 2633.3679940881802 3.199999998844195 0.3125000001128716 0.3125000001128716
757.0 51738146.059965 51738147.680484995 51738149.301005 0.0 0.0 2633.3679940881802 3.199999998844195 0.0 0.0
758.0 51738149.301005 51738150.921525 51738152.542045 0.0 0.0 2633.3679940881802 3.199999998844195 0.0 0.0
759.0 51738152.542045 51738154.16256499 51738155.783084996 0.0 0.0 2633.3679940881802 3.199999998844195 0.0 0.0
760.0 51738155.783084996 51738157.403605 51738159.024124995 0.0 0.0 2633.3679940881802 3.199999998844195 0.0 0.0
761.0 51738159.024124995 51738160.64464499 51738162.26516499 0.0 0.0 2633.3679940881802 3.199999998844195 0.0 0.0
762.0 51738162.265165 51738163.885685 51738165.506205 1.0 1.0 2633.3679940881802 3.199999998844195 0.3125000001128716 0.3125000001128716
763.0 51738165.506205 51738167.126725 51738168.747245 0.0 0.0 2633.3679940881802 3.199999998844195 0.0 0.0
764.0 51738168.747245 51738170.367764995 51738171.988285 0.0 0.0 2633.3679940881802 3.199999998844195 0.0 0.0
765.0 51738171.988285 51738173.608805 51738175.229325 0.0 0.0 2633.3679940881802 3.199999998844195 0.0 0.0
766.0 51738175.229325 51738176.84984499 51738178.470364995 1.0 1.0 2633.3679940881802 3.199999998844195 0.3125000001128716 0.3125000001128716
767.0 51738178.470364995 51738180.090885 51738181.711404994 1.0 1.0 2633.3679940881802 3.199999998844195 0.3125000001128716 0.3125000001128716
768.0 51738181.711405 51738183.331925005 51738184.952445 0.0 0.0 2633.3679940881802 3.199999998844195 0.0 0.0
769.0 51738184.952445 51738186.572964996 51738188.193485 1.0 1.0 2633.3679940881802 3.199999998844195 0.3125000001128716 0.3125000001128716
770.0 51738188.193485 51738189.814005 51738191.434525 0.0 0.0 2633.3679940881802 3.199999998844195 0.0 0.0
771.0 51738191.434525 51738193.055044994 51738194.675565 0.0 0.0 2633.3679940881802 3.199999998844195 0.0 0.0
772.0 51738194.675565 51738196.296085 51738197.916604996 0.0 0.0 2633.3679940881802 3.199999998844195 0.0 0.0
773.0 51738197.916604996 51738199.53712499 51738201.157644995 0.0 0.0 2633.3679940881802 3.199999998844195 0.0 0.0
774.0 51738201.157644995 51738202.778165 51738204.39868499 0.0 0.0 2633.3679940881802 3.199999998844195 0.0 0.0
775.0 51738204.398685 51738206.019205004 51738207.639725 1.0 1.0 2633.3679940881802 3.199999998844195 0.3125000001128716 0.3125000001128716
776.0 51738207.639725 51738209.260244995 51738210.880765 0.0 0.0 2633.3679940881802 3.199999998844195 0.0 0.0
777.0 51738210.880765 51738212.501285 51738214.121805 0.0 0.0 2633.3679940881802 3.199999998844195 0.0 0.0
778.0 51738214.121805 51738215.74232499 51738217.362844996 1.0 1.0 2633.3679940881802 3.199999998844195 0.3125000001128716 0.3125000001128716
779.0 51738217.362844996 51738218.983365 51738220.603884995 0.0 0.0 2633.3679940881802 3.199999998844195 0.0 0.0
780.0 51738220.603884995 51738222.22440499 51738223.844924994 0.0 0.0 2633.3679940881802 3.199999998844195 0.0 0.0
781.0 51738223.844925 51738225.465445 51738227.085965 0.0 0.0 2633.3679940881802 3.199999998844195 0.0 0.0
782.0 51738227.085965 51738228.706485 51738230.327005 0.0 0.0 2633.3679940881802 3.199999998844195 0.0 0.0
783.0 51738230.327005 51738231.947524995 51738233.568045 0.0 0.0 2633.3679940881802 3.199999998844195 0.0 0.0
784.0 51738233.568045 51738235.188565 51738236.809085 0.0 0.0 2633.3679940881802 3.199999998844195 0.0 0.0
785.0 51738236.809085 51738238.42960499 51738240.050124995 0.0 0.0 2633.3679940881802 3.199999998844195 0.0 0.0
786.0 51738240.050124995 51738241.670645 51738243.291164994 0.0 0.0 2633.3679940881802 3.199999998844195 0.0 0.0
787.0 51738243.291164994 51738244.91168499 51738246.53220499 1.0 1.0 2633.3679940881802 3.199999998844195 0.3125000001128716 0.3125000001128716
788.0 51738246.532205 51738248.152724996 51738249.773245 0.0 0.0 2633.3679940881802 3.199999998844195 0.0 0.0
789.0 51738249.773245 51738251.393765 51738253.014285 0.0 0.0 2633.3679940881802 3.199999998844195 0.0 0.0
790.0 51738253.014285 51738254.634804994 51738256.255325 0.0 0.0 2633.3679940881802 3.199999998844195 0.0 0.0
791.0 51738256.255325 51738257.875845 51738259.496364996 0.0 0.0 2633.3679940881802 3.199999998844195 0.0 0.0
792.0 51738259.496364996 51738261.11688499 51738262.737404995 0.0 0.0 2633.3679940881802 3.199999998844195 0.0 0.0
793.0 51738262.737404995 51738264.357925 51738265.97844499 0.0 0.0 2633.3679940881802 3.199999998844195 0.0 0.0
794.0 51738265.978445 51738267.598965004 51738269.219485 0.0 0.0 2633.3679940881802 3.199999998844195 0.0 0.0
795.0 51738269.219485 51738270.840004995 51738272.460525 0.0 0.0 2633.3679940881802 3.199999998844195 0.0 0.0
796.0 51738272.460525 51738274.081045 51738275.701565 1.0 1.0 2633.3679940881802 3.199999998844195 0.3125000001128716 0.3125000001128716
797.0 51738275.701565 51738277.32208499 51738278.942604996 1.0 1.0 2633.3679940881802 3.199999998844195 0.3125000001128716 0.3125000001128716
798.0 51738278.942604996 51738280.563125 51738282.183644995 0.0 0.0 2633.3679940881802 3.199999998844195 0.0 0.0
799.0 51738282.183644995 51738283.80416499 51738285.424684994 1.0 1.0 2633.3679940881802 3.199999998844195 0.3125000001128716 0.3125000001128716
800.0 51738285.424685 51738287.045205 51738288.665725 0.0 0.0 2633.3679940881802 3.199999998844195 0.0 0.0
801.0 51738288.665725 51738290.286245 51738291.906765 0.0 0.0 2633.3679940881802 3.199999998844195 0.0 0.0
802.0 51738291.906765 51738293.527284995 51738295.147805 0.0 0.0 2633.3679940881802 3.199999998844195 0.0 0.0
803.0 51738295.147805 51738296.768325 51738298.388845 0.0 0.0 2633.3679940881802 3.199999998844195 0.0 0.0
804.0 51738298.388845 51738300.00936499 51738301.629884996 0.0 0.0 2633.3679940881802 3.199999998844195 0.0 0.0
805.0 51738301.629884996 51738303.250405 51738304.870924994 0.0 0.0 2633.3679940881802 3.199999998844195 0.0 0.0
806.0 51738304.870924994 51738306.49144499 51738308.11196499 0.0 0.0 2633.3679940881802 3.199999998844195 0.0 0.0
807.0 51738308.111965 51738309.732485 51738311.353005 0.0 0.0 2633.3679940881802 3.199999998844195 0.0 0.0
808.0 51738311.353005 51738312.973525 51738314.594045 0.0 0.0 2633.3679940881802 3.199999998844195 0.0 0.0
809.0 51738314.594045 51738316.214564994 51738317.835085 0.0 0.0 2633.3679940881802 3.199999998844195 0.0 0.0
810.0 51738317.835085 51738319.455605 51738321.076124996 0.0 0.0 2633.3679940881802 3.199999998844195 0.0 0.0
811.0 51738321.076124996 51738322.69664499 51738324.317164995 0.0 0.0 2633.3679940881802 3.199999998844195 0.0 0.0
812.0 51738324.317164995 51738325.937685 51738327.55820499 0.0 0.0 2633.3679940881802 3.199999998844195 0.0 0.0
813.0 51738327.558205 51738329.178725004 51738330.799245 0.0 0.0 2633.3679940881802 3.199999998844195 0.0 0.0
814.0 51738330.799245 51738332.419764996 51738334.040285 0.0 0.0 2633.3679940881802 3.199999998844195 0.0 0.0
815.0 51738334.040285 51738335.660805 51738337.281325 0.0 0.0 2633.3679940881802 3.199999998844195 0.0 0.0
816.0 51738337.281325 51738338.90184499 51738340.522365 0.0 0.0 2633.3679940881802 3.199999998844195 0.0 0.0
817.0 51738340.522365 51738342.142885 51738343.763404995 0.0 0.0 2633.3679940881802 3.199999998844195 0.0 0.0
818.0 51738343.763404995 51738345.38392499 51738347.004444994 1.0 1.0 2633.3679940881802 3.199999998844195 0.3125000001128716 0.3125000001128716
819.0 51738347.004445 51738348.624965 51738350.245485 0.0 0.0 2633.3679940881802 3.199999998844195 0.0 0.0
820.0 51738350.245485 51738351.866005 51738353.486525 0.0 0.0 2633.3679940881802 3.199999998844195 0.0 0.0
821.0 51738353.486525 51738355.107044995 51738356.727565 1.0 1.0 2633.3679940881802 3.199999998844195 0.3125000001128716 0.3125000001128716
822.0 51738356.727565 51738358.348085 51738359.968605 0.0 0.0 2633.3679940881802 3.199999998844195 0.0 0.0
823.0 51738359.968605 51738361.58912499 51738363.209644996 0.0 0.0 2633.3679940881802 3.199999998844195 0.0 0.0
824.0 51738363.209644996 51738364.830165 51738366.450684994 0.0 0.0 2633.3679940881802 1.4999144135503604 0.0 0.0
825.0 51738366.450684994 51738368.07120499 51738369.69172499 0.0 0.0 2633.3679940881802 0.0 0.0 0.0
826.0 51738369.691725 51738371.312245 51738372.932765 0.0 0.0 2633.3679940881802 0.0 0.0 0.0
827.0 51738372.932765 51738374.553285 51738376.173805 0.0 0.0 2633.3679940881802 0.0 0.0 0.0
828.0 51738376.173805 51738377.794324994 51738379.414845 0.0 0.0 2633.3679940881802 0.0 0.0 0.0
829.0 51738379.414845 51738381.035365 51738382.655884996 0.0 0.0 2633.3679940881802 0.0 0.0 0.0
830.0 51738382.655884996 51738384.27640499 51738385.896924995 0.0 0.0 2633.3679940881802 0.0 0.0 0.0
831.0 51738385.896924995 51738387.517445 51738389.13796499 0.0 0.0 2633.3679940881802 0.0 0.0 0.0
832.0 51738389.137965 51738390.758485004 51738392.379005 0.0 0.0 2633.3679940881802 0.0 0.0 0.0
833.0 51738392.379005 51738393.999524996 51738395.620045 0.0 0.0 2633.3679940881802 0.0 0.0 0.0
834.0 51738395.620045 51738397.240565 51738398.861085 0.0 0.0 2633.3679940881802 0.0 0.0 0.0
835.0 51738398.861085 51738400.48160499 51738402.102125 0.0 0.0 2633.3679940881802 0.0 0.0 0.0
836.0 51738402.102125 51738403.722645 51738405.343164995 0.0 0.0 2633.3679940881802 0.0 0.0 0.0
837.0 51738405.343164995 51738406.96368499 51738408.584204994 0.0 0.0 2633.3679940881802 0.0 0.0 0.0
838.0 51738408.584205 51738410.204725 51738411.825245 0.0 0.0 2633.3679940881802 0.0 0.0 0.0
839.0 51738411.825245 51738413.445765 51738415.066285 0.0 0.0 2633.3679940881802 0.0 0.0 0.0
840.0 51738415.066285 51738416.686804995 51738418.307325 0.0 0.0 2633.3679940881802 0.0 0.0 0.0
841.0 51738418.307325 51738419.927845 51738421.548365 0.0 0.0 2633.3679940881802 0.0 0.0 0.0
842.0 51738421.548365 51738423.16888499 51738424.789404996 0.0 0.0 2633.3679940881802 0.0 0.0 0.0
843.0 51738424.789404996 51738426.409925 51738428.030444995 0.0 0.0 2633.3679940881802 0.0 0.0 0.0
844.0 51738428.030444995 51738429.65096499 51738431.27148499 0.0 0.0 2633.3679940881802 0.0 0.0 0.0
845.0 51738431.271485 51738432.892005 51738434.512525 0.0 0.0 2633.3679940881802 0.0 0.0 0.0
846.0 51738434.512525 51738436.133045 51738437.753565 0.0 0.0 2633.3679940881802 0.0 0.0 0.0
847.0 51738437.753565 51738439.374084994 51738440.994605 0.0 0.0 2633.3679940881802 0.0 0.0 0.0
848.0 51738440.994605 51738442.615125 51738444.235644996 0.0 0.0 2633.3679940881802 0.0 0.0 0.0
849.0 51738444.235644996 51738445.85616499 51738447.476684995 0.0 0.0 2633.3679940881802 0.0 0.0 0.0
850.0 51738447.476684995 51738449.097205 51738450.717724994 0.0 0.0 2633.3679940881802 0.0 0.0 0.0
851.0 51738450.717725 51738452.338245004 51738453.958765 0.0 0.0 2633.3679940881802 0.0 0.0 0.0
852.0 51738453.958765 51738455.579284996 51738457.199805 0.0 0.0 2633.3679940881802 0.0 0.0 0.0
853.0 51738457.199805 51738458.820325 51738460.440845 0.0 0.0 2633.3679940881802 0.0 0.0 0.0
854.0 51738460.440845 51738462.06136499 51738463.681885 0.0 0.0 2633.3679940881802 0.0 0.0 0.0
855.0 51738463.681885 51738465.302405 51738466.922924995 0.0 0.0 2633.3679940881802 0.0 0.0 0.0
856.0 51738466.922924995 51738468.54344499 51738470.163964994 0.0 0.0 2633.3679940881802 0.0 0.0 0.0
857.0 51738470.163964994 51738471.784485 51738473.40500499 0.0 0.0 2633.3679940881802 0.0 0.0 0.0
858.0 51738473.405005 51738475.025525 51738476.646045 0.0 0.0 2633.3679940881802 0.0 0.0 0.0
859.0 51738476.646045 51738478.266564995 51738479.887085 0.0 0.0 2633.3679940881802 0.0 0.0 0.0
860.0 51738479.887085 51738481.507605 51738483.128125 0.0 0.0 2633.3679940881802 0.0 0.0 0.0
861.0 51738483.128125 51738484.74864499 51738486.369164996 0.0 0.0 2633.3679940881802 0.0 0.0 0.0
862.0 51738486.369164996 51738487.989685 51738489.610204995 0.0 0.0 2633.3679940881802 0.0 0.0 0.0
863.0 51738489.610204995 51738491.23072499 51738492.85124499 0.0 0.0 2633.3679940881802 0.0 0.0 0.0
864.0 51738492.851245 51738494.471765 51738496.092285 0.0 0.0 2633.3679940881802 0.0 0.0 0.0
865.0 51738496.092285 51738497.712805 51738499.333325 0.0 0.0 2633.3679940881802 0.0 0.0 0.0
