TIME_BIN TIME_MIN TIME TIME_MAX COUNTS STAT_ERR AREA EXPOSURE COUNT_RATE COUNT_RATE_ERR
1.0 54330480.864409 54330482.484928995 54330484.105449 0.0 0.0 1216.437984695637 0.0 0.0 0.0
2.0 54330484.105449 54330485.725969 54330487.346489 0.0 0.0 1216.437984695637 0.0 0.0 0.0
3.0 54330487.346489 54330488.96700899 54330490.587528996 0.0 0.0 1216.437984695637 0.0 0.0 0.0
4.0 54330490.587528996 54330492.208049 54330493.828568995 0.0 0.0 1216.437984695637 0.0 0.0 0.0
5.0 54330493.828569 54330495.449089006 54330497.069609 0.0 0.0 1216.437984695637 0.0 0.0 0.0
6.0 54330497.069609 54330498.690129 54330500.310649 0.0 0.0 1216.437984695637 0.0 0.0 0.0
7.0 54330500.310649 54330501.931169 54330503.551689 0.0 0.0 1216.437984695637 0.0 0.0 0.0
8.0 54330503.551689 54330505.172208995 54330506.792729 0.0 0.0 1216.437984695637 0.0 0.0 0.0
9.0 54330506.792729 54330508.413249 54330510.033769 0.0 0.0 1216.437984695637 0.0 0.0 0.0
10.0 54330510.033769 54330511.65428899 54330513.274808995 0.0 0.0 1216.437984695637 0.0 0.0 0.0
11.0 54330513.274809 54330514.895329 54330516.515849 0.0 0.0 1216.437984695637 0.0 0.0 0.0
12.0 54330516.515849 54330518.136369005 54330519.756889 0.0 0.0 1216.437984695637 0.0 0.0 0.0
13.0 54330519.756889 54330521.377408996 54330522.997929 0.0 0.0 1216.437984695637 0.0 0.0 0.0
14.0 54330522.997929 54330524.618449 54330526.238969 0.0 0.0 1216.437984695637 0.0 0.0 0.0
15.0 54330526.238969 54330527.859488994 54330529.480009 0.0 0.0 1216.437984695637 0.0 0.0 0.0
16.0 54330529.480009 54330531.100529 54330532.721048996 0.0 0.0 1216.437984695637 0.0 0.0 0.0
17.0 54330532.721049 54330534.34156901 54330535.962089 0.0 0.0 1216.437984695637 0.0 0.0 0.0
18.0 54330535.962089 54330537.582609 54330539.203129 0.0 0.0 1216.437984695637 0.0 0.0 0.0
19.0 54330539.203129 54330540.823649004 54330542.444169 0.0 0.0 1216.437984695637 0.0 0.0 0.0
20.0 54330542.444169 54330544.064688995 54330545.685209 0.0 0.0 1216.437984695637 0.0 0.0 0.0
21.0 54330545.685209 54330547.305729 54330548.926249 0.0 0.0 1216.437984695637 0.0 0.0 0.0
22.0 54330548.926249 54330550.54676899 54330552.167289 0.0 0.0 1216.437984695637 0.0 0.0 0.0
23.0 54330552.167289 54330553.787809 54330555.408328995 0.0 0.0 1216.437984695637 0.0 0.0 0.0
24.0 54330555.408329 54330557.028849006 54330558.649369 0.0 0.0 1216.437984695637 0.0 0.0 0.0
25.0 54330558.649369 54330560.269889 54330561.890409 0.0 0.0 1216.437984695637 0.0 0.0 0.0
26.0 54330561.890409 54330563.510929 54330565.131449 0.0 0.0 1216.437984695637 0.0 0.0 0.0
27.0 54330565.131449 54330566.751968995 54330568.372489 0.0 0.0 1216.437984695637 0.0 0.0 0.0
28.0 54330568.372489 54330569.993009 54330571.613529 0.0 0.0 1216.437984695637 0.0 0.0 0.0
29.0 54330571.613529 54330573.23404899 54330574.854568996 0.0 0.0 1216.437984695637 0.0 0.0 0.0
30.0 54330574.854569 54330576.475089 54330578.095609 0.0 0.0 1216.437984695637 0.0 0.0 0.0
31.0 54330578.095609 54330579.716129005 54330581.336649 0.0 0.0 1216.437984695637 0.0 0.0 0.0
32.0 54330581.336649 54330582.957169 54330584.577689 0.0 0.0 1216.437984695637 0.0 0.0 0.0
33.0 54330584.577689 54330586.198209 54330587.818729 0.0 0.0 1216.437984695637 0.0 0.0 0.0
34.0 54330587.818729 54330589.439248994 54330591.059769 0.0 0.0 1216.437984695637 0.0 0.0 0.0
35.0 54330591.059769 54330592.680289 54330594.300808996 0.0 0.0 1216.437984695637 0.0 0.0 0.0
36.0 54330594.300808996 54330595.92132899 54330597.541848995 0.0 0.0 1216.437984695637 0.0 0.0 0.0
37.0 54330597.541849 54330599.162369 54330600.782889 0.0 0.0 1216.437984695637 0.0 0.0 0.0
38.0 54330600.782889 54330602.403409004 54330604.023929 0.0 0.0 1216.437984695637 0.0 0.0 0.0
39.0 54330604.023929 54330605.644448996 54330607.264969 0.0 0.0 1216.437984695637 0.0 0.0 0.0
40.0 54330607.264969 54330608.885489 54330610.506009 0.0 0.0 1216.437984695637 0.0 0.0 0.0
41.0 54330610.506009 54330612.12652899 54330613.747049 0.0 0.0 1216.437984695637 0.0 0.0 0.0
42.0 54330613.747049 54330615.367569 54330616.988088995 0.0 0.0 1216.437984695637 0.0 0.0 0.0
43.0 54330616.988089 54330618.608609006 54330620.229129 0.0 0.0 1216.437984695637 0.0 0.0 0.0
44.0 54330620.229129 54330621.849649 54330623.470169 0.0 0.0 1216.437984695637 0.0 0.0 0.0
45.0 54330623.470169 54330625.090689 54330626.711209 0.0 0.0 1216.437984695637 0.0 0.0 0.0
46.0 54330626.711209 54330628.331728995 54330629.952249 0.0 0.0 1216.437984695637 0.0 0.0 0.0
47.0 54330629.952249 54330631.572769 54330633.193289 0.0 0.0 1216.437984695637 0.0 0.0 0.0
48.0 54330633.193289 54330634.81380899 54330636.434328996 0.0 0.0 1216.437984695637 0.0 0.0 0.0
49.0 54330636.434329 54330638.054849 54330639.675369 0.0 0.0 1216.437984695637 0.0 0.0 0.0
50.0 54330639.675369 54330641.295889005 54330642.916409 0.0 0.0 1216.437984695637 0.0 0.0 0.0
51.0 54330642.916409 54330644.536929 54330646.157449 0.0 0.0 1216.437984695637 0.0 0.0 0.0
52.0 54330646.157449 54330647.777969 54330649.398489 0.0 0.0 1216.437984695637 0.0 0.0 0.0
53.0 54330649.398489 54330651.019008994 54330652.639529 0.0 0.0 1216.437984695637 0.0 0.0 0.0
54.0 54330652.639529 54330654.260049 54330655.880568996 0.0 0.0 1216.437984695637 0.0 0.0 0.0
55.0 54330655.880568996 54330657.50108899 54330659.121608995 0.0 0.0 1216.437984695637 0.0 0.0 0.0
56.0 54330659.121609 54330660.742129 54330662.362649 0.0 0.0 1216.437984695637 0.0 0.0 0.0
57.0 54330662.362649 54330663.983169004 54330665.603689 0.0 0.0 1216.437984695637 0.0 0.0 0.0
58.0 54330665.603689 54330667.224208996 54330668.844729 0.0 0.0 1216.437984695637 0.0 0.0 0.0
59.0 54330668.844729 54330670.465249 54330672.085769 0.0 0.0 1216.437984695637 0.0 0.0 0.0
60.0 54330672.085769 54330673.70628899 54330675.326809 0.0 0.0 1216.437984695637 0.0 0.0 0.0
61.0 54330675.326809 54330676.947329 54330678.567848995 0.0 0.0 1216.437984695637 0.0 0.0 0.0
62.0 54330678.567849 54330680.188369006 54330681.808889 0.0 0.0 1216.437984695637 0.0 0.0 0.0
63.0 54330681.808889 54330683.429409 54330685.049929 0.0 0.0 1216.437984695637 0.0 0.0 0.0
64.0 54330685.049929 54330686.670449 54330688.290969 0.0 0.0 1216.437984695637 0.0 0.0 0.0
65.0 54330688.290969 54330689.911488995 54330691.532009 0.0 0.0 1216.437984695637 0.0 0.0 0.0
66.0 54330691.532009 54330693.152529 54330694.773049 0.0 0.0 1216.437984695637 0.0 0.0 0.0
67.0 54330694.773049 54330696.39356899 54330698.014088996 0.0 0.0 1216.437984695637 0.0 0.0 0.0
68.0 54330698.014089 54330699.634609 54330701.255129 0.0 0.0 1216.437984695637 0.0 0.0 0.0
69.0 54330701.255129 54330702.875649005 54330704.496169 0.0 0.0 1216.437984695637 0.0 0.0 0.0
70.0 54330704.496169 54330706.116689 54330707.737209 0.0 0.0 1216.437984695637 0.0 0.0 0.0
71.0 54330707.737209 54330709.357729 54330710.978249 0.0 0.0 1216.437984695637 0.0 0.0 0.0
72.0 54330710.978249 54330712.598768994 54330714.219289 0.0 0.0 1216.437984695637 0.0 0.0 0.0
73.0 54330714.219289 54330715.839809 54330717.460328996 0.0 0.0 1216.437984695637 0.0 0.0 0.0
74.0 54330717.460328996 54330719.08084899 54330720.701368995 0.0 0.0 1216.437984695637 0.0 0.0 0.0
75.0 54330720.701369 54330722.321889 54330723.942409 0.0 0.0 1216.437984695637 0.0 0.0 0.0
76.0 54330723.942409 54330725.562929004 54330727.183449 0.0 0.0 1216.437984695637 0.0 0.0 0.0
77.0 54330727.183449 54330728.803968996 54330730.424489 0.0 0.0 1216.437984695637 0.0 0.0 0.0
78.0 54330730.424489 54330732.045009 54330733.665529 0.0 0.0 1216.437984695637 0.0 0.0 0.0
79.0 54330733.665529 54330735.28604899 54330736.906569 0.0 0.0 1216.437984695637 0.0 0.0 0.0
80.0 54330736.906569 54330738.527089 54330740.147608995 0.0 0.0 1216.437984695637 0.0 0.0 0.0
81.0 54330740.147609 54330741.768129006 54330743.388649 0.0 0.0 1216.437984695637 0.0 0.0 0.0
82.0 54330743.388649 54330745.009169 54330746.629689 0.0 0.0 1216.437984695637 0.0 0.0 0.0
83.0 54330746.629689 54330748.250209 54330749.870729 0.0 0.0 1216.437984695637 0.0 0.0 0.0
84.0 54330749.870729 54330751.491248995 54330753.111769 0.0 0.0 1216.437984695637 0.0 0.0 0.0
85.0 54330753.111769 54330754.732289 54330756.352809 0.0 0.0 1216.437984695637 0.0 0.0 0.0
86.0 54330756.352809 54330757.97332899 54330759.593848996 0.0 0.0 1216.437984695637 0.0 0.0 0.0
87.0 54330759.593849 54330761.214369 54330762.834889 0.0 0.0 1216.437984695637 0.0 0.0 0.0
88.0 54330762.834889 54330764.455409005 54330766.075929 0.0 0.0 1216.437984695637 0.0 0.0 0.0
89.0 54330766.075929 54330767.696449 54330769.316969 0.0 0.0 1216.437984695637 0.0 0.0 0.0
90.0 54330769.316969 54330770.937489 54330772.558009 0.0 0.0 1216.437984695637 0.0 0.0 0.0
91.0 54330772.558009 54330774.178528994 54330775.799049 0.0 0.0 1216.437984695637 0.0 0.0 0.0
92.0 54330775.799049 54330777.419569 54330779.040089 0.0 0.0 1216.437984695637 0.0 0.0 0.0
93.0 54330779.040089 54330780.66060899 54330782.281128995 0.0 0.0 1216.437984695637 0.0 0.0 0.0
94.0 54330782.281129 54330783.901649 54330785.522169 0.0 0.0 1216.437984695637 0.0 0.0 0.0
95.0 54330785.522169 54330787.142689005 54330788.763209 0.0 0.0 1216.437984695637 0.0 0.0 0.0
96.0 54330788.763209 54330790.383728996 54330792.004249 0.0 0.0 1216.437984695637 0.0 0.0 0.0
97.0 54330792.004249 54330793.624769 54330795.245289 0.0 0.0 1216.437984695637 0.0 0.0 0.0
98.0 54330795.245289 54330796.86580899 54330798.486329 0.0 0.0 1216.437984695637 0.0 0.0 0.0
99.0 54330798.486329 54330800.106849 54330801.727368996 0.0 0.0 1216.437984695637 0.0 0.0 0.0
100.0 54330801.727369 54330803.347889006 54330804.968409 0.0 0.0 1216.437984695637 0.0 0.0 0.0
101.0 54330804.968409 54330806.588929 54330808.209449 0.0 0.0 1216.437984695637 0.0 0.0 0.0
102.0 54330808.209449 54330809.829969004 54330811.450489 0.0 0.0 1216.437984695637 0.0 0.0 0.0
103.0 54330811.450489 54330813.071008995 54330814.691529 0.0 0.0 1216.437984695637 0.0 0.0 0.0
104.0 54330814.691529 54330816.312049 54330817.932569 0.0 0.0 1216.437984695637 0.0 0.0 0.0
105.0 54330817.932569 54330819.55308899 54330821.173608996 0.0 0.0 1216.437984695637 0.0 0.0 0.0
106.0 54330821.173608996 54330822.794129 54330824.414648995 0.0 0.0 1216.437984695637 0.0 0.0 0.0
107.0 54330824.414649 54330826.035169005 54330827.655689 0.0 0.0 1216.437984695637 0.0 0.0 0.0
108.0 54330827.655689 54330829.276209 54330830.896729 0.0 0.0 1216.437984695637 0.0 0.0 0.0
109.0 54330830.896729 54330832.517249 54330834.137769 0.0 0.0 1216.437984695637 0.0 0.0 0.0
110.0 54330834.137769 54330835.758288994 54330837.378809 0.0 0.0 1216.437984695637 0.0 0.0 0.0
111.0 54330837.378809 54330838.999329 54330840.619849 0.0 0.0 1216.437984695637 0.0 0.0 0.0
112.0 54330840.619849 54330842.24036899 54330843.860888995 0.0 0.0 1216.437984695637 0.0 0.0 0.0
113.0 54330843.860889 54330845.481409 54330847.101929 0.0 0.0 1216.437984695637 0.0 0.0 0.0
114.0 54330847.101929 54330848.722449005 54330850.342969 0.0 0.0 1216.437984695637 0.0 0.0 0.0
115.0 54330850.342969 54330851.963488996 54330853.584009 0.0 0.0 1216.437984695637 0.0 0.0 0.0
116.0 54330853.584009 54330855.204529 54330856.825049 0.0 0.0 1216.437984695637 0.0 0.0 0.0
117.0 54330856.825049 54330858.44556899 54330860.066089 0.0 0.0 1216.437984695637 0.0 0.0 0.0
118.0 54330860.066089 54330861.686609 54330863.307128996 0.0 0.0 1216.437984695637 0.0 0.0 0.0
119.0 54330863.307129 54330864.927649006 54330866.548169 0.0 0.0 1216.437984695637 0.0 0.0 0.0
120.0 54330866.548169 54330868.168689 54330869.789209 0.0 0.0 1216.437984695637 0.0 0.0 0.0
121.0 54330869.789209 54330871.409729004 54330873.030249 0.0 0.0 1216.437984695637 0.0 0.0 0.0
122.0 54330873.030249 54330874.650768995 54330876.271289 0.0 0.0 1216.437984695637 0.0 0.0 0.0
123.0 54330876.271289 54330877.891809 54330879.512329 0.0 0.0 1216.437984695637 0.0 0.0 0.0
124.0 54330879.512329 54330881.13284899 54330882.753368996 0.0 0.0 1216.437984695637 0.0 0.0 0.0
125.0 54330882.753368996 54330884.373889 54330885.994408995 0.0 0.0 1216.437984695637 0.0 0.0 0.0
126.0 54330885.994409 54330887.614929006 54330889.235449 0.0 0.0 1216.437984695637 0.0 0.0 0.0
127.0 54330889.235449 54330890.855969 54330892.476489 0.0 0.0 1216.437984695637 0.0 0.0 0.0
128.0 54330892.476489 54330894.097009 54330895.717529 0.0 0.0 1216.437984695637 0.0 0.0 0.0
129.0 54330895.717529 54330897.338048995 54330898.958569 0.0 0.0 1216.437984695637 0.0 0.0 0.0
130.0 54330898.958569 54330900.579089 54330902.199609 0.0 0.0 1216.437984695637 0.0 0.0 0.0
131.0 54330902.199609 54330903.82012899 54330905.440648995 0.0 0.0 1216.437984695637 0.0 0.0 0.0
132.0 54330905.440649 54330907.061169 54330908.681689 0.0 0.0 1216.437984695637 0.0 0.0 0.0
133.0 54330908.681689 54330910.302209005 54330911.922729 0.0 0.0 1216.437984695637 0.0 0.0 0.0
134.0 54330911.922729 54330913.543248996 54330915.163769 0.0 0.0 1216.437984695637 0.0 0.0 0.0
135.0 54330915.163769 54330916.784289 54330918.404809 0.0 0.0 1216.437984695637 0.0 0.0 0.0
136.0 54330918.404809 54330920.025328994 54330921.645849 0.0 0.0 1216.437984695637 0.0 0.0 0.0
137.0 54330921.645849 54330923.266369 54330924.886888996 0.0 0.0 1216.437984695637 0.0 0.0 0.0
138.0 54330924.886889 54330926.50740901 54330928.127929 0.0 0.0 1216.437984695637 0.0 0.0 0.0
139.0 54330928.127929 54330929.748449 54330931.368969 0.0 0.0 1216.437984695637 0.0 0.0 0.0
140.0 54330931.368969 54330932.989489004 54330934.610009 0.0 0.0 1216.437984695637 0.0 0.0 0.0
141.0 54330934.610009 54330936.230528995 54330937.851049 0.0 0.0 1216.437984695637 0.0 0.0 0.0
142.0 54330937.851049 54330939.471569 54330941.092089 0.0 0.0 1216.437984695637 0.0 0.0 0.0
143.0 54330941.092089 54330942.71260899 54330944.333128996 0.0 0.0 1216.437984695637 0.0 0.0 0.0
144.0 54330944.333128996 54330945.953649 54330947.574168995 0.0 0.0 1216.437984695637 0.0 0.0 0.0
145.0 54330947.574169 54330949.194689006 54330950.815209 0.0 0.0 1216.437984695637 0.0 0.0 0.0
146.0 54330950.815209 54330952.435729 54330954.056249 0.0 0.0 1216.437984695637 0.0 0.0 0.0
147.0 54330954.056249 54330955.676769 54330957.297289 0.0 0.0 1216.437984695637 0.0 0.0 0.0
148.0 54330957.297289 54330958.917808995 54330960.538329 0.0 0.0 1216.437984695637 0.0 0.0 0.0
149.0 54330960.538329 54330962.158849 54330963.779369 0.0 0.0 1216.437984695637 0.0 0.0 0.0
150.0 54330963.779369 54330965.39988899 54330967.020408995 0.0 0.0 1216.437984695637 0.0 0.0 0.0
151.0 54330967.020409 54330968.640929 54330970.261449 0.0 0.0 1216.437984695637 0.0 0.0 0.0
152.0 54330970.261449 54330971.881969005 54330973.502489 0.0 0.0 1216.437984695637 0.0 0.0 0.0
153.0 54330973.502489 54330975.123008996 54330976.743529 0.0 0.0 1216.437984695637 0.0 0.0 0.0
154.0 54330976.743529 54330978.364049 54330979.984569 0.0 0.0 1216.437984695637 0.0 0.0 0.0
155.0 54330979.984569 54330981.605088994 54330983.225609 0.0 0.0 1216.437984695637 0.0 0.0 0.0
156.0 54330983.225609 54330984.846129 54330986.466648996 0.0 0.0 1216.437984695637 0.0 0.0 0.0
157.0 54330986.466649 54330988.08716901 54330989.707689 0.0 0.0 1216.437984695637 0.0 0.0 0.0
158.0 54330989.707689 54330991.328209 54330992.948729 0.0 0.0 1216.437984695637 0.0 0.0 0.0
159.0 54330992.948729 54330994.569249004 54330996.189769 0.0 0.0 1216.437984695637 0.0 0.0 0.0
160.0 54330996.189769 54330997.810288996 54330999.430809 0.0 0.0 1216.437984695637 0.0 0.0 0.0
161.0 54330999.430809 54331001.051329 54331002.671849 0.0 0.0 1216.437984695637 0.0 0.0 0.0
162.0 54331002.671849 54331004.29236899 54331005.912889 0.0 0.0 1216.437984695637 0.0 0.0 0.0
163.0 54331005.912889 54331007.533409 54331009.153928995 0.0 0.0 1216.437984695637 0.0 0.0 0.0
164.0 54331009.153929 54331010.774449006 54331012.394969 0.0 0.0 1216.437984695637 0.0 0.0 0.0
165.0 54331012.394969 54331014.015489 54331015.636009 0.0 0.0 1216.437984695637 0.0 0.0 0.0
166.0 54331015.636009 54331017.256529 54331018.877049 0.0 0.0 1216.437984695637 0.0 0.0 0.0
167.0 54331018.877049 54331020.497568995 54331022.118089 0.0 0.0 1216.437984695637 0.0 0.0 0.0
168.0 54331022.118089 54331023.738609 54331025.359129 0.0 0.0 1216.437984695637 0.0 0.0 0.0
169.0 54331025.359129 54331026.97964899 54331028.600168996 0.0 0.0 1216.437984695637 0.0 0.0 0.0
170.0 54331028.600169 54331030.220689 54331031.841209 0.0 0.0 1216.437984695637 0.0 0.0 0.0
171.0 54331031.841209 54331033.461729005 54331035.082249 0.0 0.0 1216.437984695637 0.0 0.0 0.0
172.0 54331035.082249 54331036.702769 54331038.323289 0.0 0.0 1216.437984695637 0.0 0.0 0.0
173.0 54331038.323289 54331039.943809 54331041.564329 0.0 0.0 1216.437984695637 0.0 0.0 0.0
174.0 54331041.564329 54331043.184848994 54331044.805369 0.0 0.0 1216.437984695637 0.0 0.0 0.0
175.0 54331044.805369 54331046.425889 54331048.046408996 0.0 0.0 1216.437984695637 0.0 0.0 0.0
176.0 54331048.046408996 54331049.66692899 54331051.287448995 0.0 0.0 1216.437984695637 0.0 0.0 0.0
177.0 54331051.287449 54331052.907969 54331054.528489 0.0 0.0 1216.437984695637 0.0 0.0 0.0
178.0 54331054.528489 54331056.149009004 54331057.769529 0.0 0.0 1216.437984695637 0.0 0.0 0.0
179.0 54331057.769529 54331059.390048996 54331061.010569 0.0 0.0 1216.437984695637 0.0 0.0 0.0
180.0 54331061.010569 54331062.631089 54331064.251609 0.0 0.0 1216.437984695637 0.0 0.0 0.0
181.0 54331064.251609 54331065.87212899 54331067.492649 0.0 0.0 1216.437984695637 0.0 0.0 0.0
182.0 54331067.492649 54331069.113169 54331070.733688995 0.0 0.0 1216.437984695637 0.0 0.0 0.0
183.0 54331070.733689 54331072.354209006 54331073.974729 0.0 0.0 1216.437984695637 0.0 0.0 0.0
184.0 54331073.974729 54331075.595249 54331077.215769 0.0 0.0 1216.437984695637 0.0 0.0 0.0
185.0 54331077.215769 54331078.836289 54331080.456809 0.0 0.0 1216.437984695637 0.0 0.0 0.0
186.0 54331080.456809 54331082.077328995 54331083.697849 0.0 0.0 1216.437984695637 0.0 0.0 0.0
187.0 54331083.697849 54331085.318369 54331086.938889 0.0 0.0 1216.437984695637 0.0 0.0 0.0
188.0 54331086.938889 54331088.55940899 54331090.179928996 0.0 0.0 1216.437984695637 0.0 0.0 0.0
189.0 54331090.179929 54331091.800449 54331093.420969 0.0 0.0 1216.437984695637 0.0 0.0 0.0
190.0 54331093.420969 54331095.041489005 54331096.662009 0.0 0.0 1216.437984695637 0.0 0.0 0.0
191.0 54331096.662009 54331098.282529 54331099.903049 0.0 0.0 1216.437984695637 0.0 0.0 0.0
192.0 54331099.903049 54331101.523569 54331103.144089 0.0 0.0 1216.437984695637 0.0 0.0 0.0
193.0 54331103.144089 54331104.764608994 54331106.385129 0.0 0.0 1216.437984695637 0.0 0.0 0.0
194.0 54331106.385129 54331108.005649 54331109.626168996 0.0 0.0 1216.437984695637 0.0 0.0 0.0
195.0 54331109.626168996 54331111.24668899 54331112.867208995 0.0 0.0 1216.437984695637 0.0 0.0 0.0
196.0 54331112.867209 54331114.487729 54331116.108249 0.0 0.0 1216.437984695637 0.0 0.0 0.0
197.0 54331116.108249 54331117.728769004 54331119.349289 0.0 0.0 1216.437984695637 0.0 0.0 0.0
198.0 54331119.349289 54331120.969808996 54331122.590329 0.0 0.0 1216.437984695637 0.0 0.0 0.0
199.0 54331122.590329 54331124.210849 54331125.831369 0.0 0.0 1216.437984695637 0.0 0.0 0.0
200.0 54331125.831369 54331127.45188899 54331129.072409 0.0 0.0 1216.437984695637 0.0 0.0 0.0
201.0 54331129.072409 54331130.692929 54331132.313448995 0.0 0.0 1216.437984695637 0.0 0.0 0.0
202.0 54331132.313449 54331133.933969006 54331135.554489 0.0 0.0 1216.437984695637 0.0 0.0 0.0
203.0 54331135.554489 54331137.175009 54331138.795529 0.0 0.0 1216.437984695637 0.0 0.0 0.0
204.0 54331138.795529 54331140.416049 54331142.036569 0.0 0.0 1216.437984695637 0.0 0.0 0.0
205.0 54331142.036569 54331143.657088995 54331145.277609 0.0 0.0 1216.437984695637 0.0 0.0 0.0
206.0 54331145.277609 54331146.898129 54331148.518649 0.0 0.0 1216.437984695637 0.0 0.0 0.0
207.0 54331148.518649 54331150.13916899 54331151.759688996 0.0 0.0 1216.437984695637 0.0 0.0 0.0
208.0 54331151.759689 54331153.380209 54331155.000729 0.0 0.0 1216.437984695637 0.0 0.0 0.0
209.0 54331155.000729 54331156.621249005 54331158.241769 0.0 0.0 1216.437984695637 0.0 0.0 0.0
210.0 54331158.241769 54331159.862289 54331161.482809 0.0 0.0 1216.437984695637 0.0 0.0 0.0
211.0 54331161.482809 54331163.103329 54331164.723849 0.0 0.0 1216.437984695637 0.0 0.0 0.0
212.0 54331164.723849 54331166.344368994 54331167.964889 0.0 0.0 1216.437984695637 0.0 0.0 0.0
213.0 54331167.964889 54331169.585409 54331171.205928996 0.0 0.0 1216.437984695637 0.0 0.0 0.0
214.0 54331171.205928996 54331172.82644899 54331174.446968995 0.0 0.0 1216.437984695637 0.0 0.0 0.0
215.0 54331174.446969 54331176.067489 54331177.688009 0.0 0.0 1216.437984695637 0.0 0.0 0.0
216.0 54331177.688009 54331179.308529004 54331180.929049 0.0 0.0 1216.437984695637 0.0 0.0 0.0
217.0 54331180.929049 54331182.549568996 54331184.170089 0.0 0.0 1216.437984695637 0.0 0.0 0.0
218.0 54331184.170089 54331185.790609 54331187.411129 0.0 0.0 1216.437984695637 0.0 0.0 0.0
219.0 54331187.411129 54331189.03164899 54331190.652169 0.0 0.0 1216.437984695637 0.0 0.0 0.0
220.0 54331190.652169 54331192.272689 54331193.893208995 0.0 0.0 1216.437984695637 0.0 0.0 0.0
221.0 54331193.893209 54331195.513729006 54331197.134249 0.0 0.0 1216.437984695637 0.0 0.0 0.0
222.0 54331197.134249 54331198.754769 54331200.375289 0.0 0.0 1216.437984695637 0.0 0.0 0.0
223.0 54331200.375289 54331201.995809 54331203.616329 0.0 0.0 1216.437984695637 0.0 0.0 0.0
224.0 54331203.616329 54331205.236848995 54331206.857369 0.0 0.0 1216.437984695637 0.0 0.0 0.0
225.0 54331206.857369 54331208.477889 54331210.098409 0.0 0.0 1216.437984695637 0.0 0.0 0.0
226.0 54331210.098409 54331211.71892899 54331213.339448996 0.0 0.0 1216.437984695637 0.0 0.0 0.0
227.0 54331213.339449 54331214.959969 54331216.580489 0.0 0.0 1216.437984695637 0.0 0.0 0.0
228.0 54331216.580489 54331218.201009005 54331219.821529 0.0 0.0 1216.437984695637 0.0 0.0 0.0
229.0 54331219.821529 54331221.442049 54331223.062569 0.0 0.0 1216.437984695637 0.0 0.0 0.0
230.0 54331223.062569 54331224.683089 54331226.303609 0.0 0.0 1216.437984695637 0.0 0.0 0.0
231.0 54331226.303609 54331227.924128994 54331229.544649 0.0 0.0 1216.437984695637 0.0 0.0 0.0
232.0 54331229.544649 54331231.165169 54331232.785689 0.0 0.0 1216.437984695637 0.0 0.0 0.0
233.0 54331232.785689 54331234.40620899 54331236.026728995 0.0 0.0 1216.437984695637 0.0 0.0 0.0
234.0 54331236.026729 54331237.647249 54331239.267769 0.0 0.0 1216.437984695637 0.0 0.0 0.0
235.0 54331239.267769 54331240.888289005 54331242.508809 0.0 0.0 1216.437984695637 0.0 0.0 0.0
236.0 54331242.508809 54331244.129328996 54331245.749849 0.0 0.0 1216.437984695637 0.0 0.0 0.0
237.0 54331245.749849 54331247.370369 54331248.990889 0.0 0.0 1216.437984695637 0.0 0.0 0.0
238.0 54331248.990889 54331250.61140899 54331252.231929 0.0 0.0 1216.437984695637 0.0 0.0 0.0
239.0 54331252.231929 54331253.852449 54331255.472968996 0.0 0.0 1216.437984695637 0.0 0.0 0.0
240.0 54331255.472969 54331257.093489006 54331258.714009 0.0 0.0 1216.437984695637 0.0 0.0 0.0
241.0 54331258.714009 54331260.334529 54331261.955049 0.0 0.0 1216.437984695637 0.0 0.0 0.0
242.0 54331261.955049 54331263.575569004 54331265.196089 0.0 0.0 1216.437984695637 0.0 0.0 0.0
243.0 54331265.196089 54331266.816608995 54331268.437129 0.0 0.0 1216.437984695637 0.0 0.0 0.0
244.0 54331268.437129 54331270.057649 54331271.678169 0.0 0.0 1216.437984695637 0.0 0.0 0.0
245.0 54331271.678169 54331273.29868899 54331274.919208996 0.0 0.0 1216.437984695637 0.0 0.0 0.0
246.0 54331274.919208996 54331276.539729 54331278.160248995 0.0 0.0 1216.437984695637 0.0 0.0 0.0
247.0 54331278.160249 54331279.780769005 54331281.401289 0.0 0.0 1216.437984695637 0.0 0.0 0.0
248.0 54331281.401289 54331283.021809 54331284.642329 0.0 0.0 1216.437984695637 0.0 0.0 0.0
249.0 54331284.642329 54331286.262849 54331287.883369 0.0 0.0 1216.437984695637 0.0 0.0 0.0
250.0 54331287.883369 54331289.503888994 54331291.124409 0.0 0.0 1216.437984695637 0.0 0.0 0.0
251.0 54331291.124409 54331292.744929 54331294.365449 0.0 0.0 1216.437984695637 0.0 0.0 0.0
252.0 54331294.365449 54331295.98596899 54331297.606488995 0.0 0.0 1216.437984695637 0.0 0.0 0.0
253.0 54331297.606489 54331299.227009 54331300.847529 0.0 0.0 1216.437984695637 0.0 0.0 0.0
254.0 54331300.847529 54331302.468049005 54331304.088569 0.0 0.0 1216.437984695637 0.0 0.0 0.0
255.0 54331304.088569 54331305.709088996 54331307.329609 0.0 0.0 1216.437984695637 0.0 0.0 0.0
256.0 54331307.329609 54331308.950129 54331310.570649 0.0 0.0 1216.437984695637 0.0 0.0 0.0
257.0 54331310.570649 54331312.19116899 54331313.811689 0.0 0.0 1216.437984695637 0.0 0.0 0.0
258.0 54331313.811689 54331315.432209 54331317.052728996 0.0 0.0 1216.437984695637 0.0 0.0 0.0
259.0 54331317.052729 54331318.673249006 54331320.293769 0.0 0.0 1216.437984695637 0.0 0.0 0.0
260.0 54331320.293769 54331321.914289 54331323.534809 0.0 0.0 1216.437984695637 0.0 0.0 0.0
261.0 54331323.534809 54331325.155329004 54331326.775849 0.0 0.0 1216.437984695637 0.0 0.0 0.0
262.0 54331326.775849 54331328.396368995 54331330.016889 0.0 0.0 1216.437984695637 0.0 0.0 0.0
263.0 54331330.016889 54331331.637409 54331333.257929 0.0 0.0 1216.437984695637 0.0 0.0 0.0
264.0 54331333.257929 54331334.87844899 54331336.498968996 0.0 0.0 1216.437984695637 0.0 0.0 0.0
265.0 54331336.498968996 54331338.119489 54331339.740008995 0.0 0.0 1216.437984695637 0.0 0.0 0.0
266.0 54331339.740009 54331341.360529006 54331342.981049 0.0 0.0 1216.437984695637 0.0 0.0 0.0
267.0 54331342.981049 54331344.601569 54331346.222089 0.0 0.0 1216.437984695637 0.0 0.0 0.0
268.0 54331346.222089 54331347.842609 54331349.463129 0.0 0.0 1216.437984695637 0.0 0.0 0.0
269.0 54331349.463129 54331351.083648995 54331352.704169 0.0 0.0 1216.437984695637 0.0 0.0 0.0
270.0 54331352.704169 54331354.324689 54331355.945209 0.0 0.0 1216.437984695637 0.0 0.0 0.0
271.0 54331355.945209 54331357.56572899 54331359.186248995 0.0 0.0 1216.437984695637 0.0 0.0 0.0
272.0 54331359.186249 54331360.806769 54331362.427289 0.0 0.0 1216.437984695637 0.0 0.0 0.0
273.0 54331362.427289 54331364.047809005 54331365.668329 0.0 0.0 1216.437984695637 0.0 0.0 0.0
274.0 54331365.668329 54331367.288848996 54331368.909369 0.0 0.0 1216.437984695637 0.0 0.0 0.0
275.0 54331368.909369 54331370.529889 54331372.150409 0.0 0.0 1216.437984695637 0.0 0.0 0.0
276.0 54331372.150409 54331373.770928994 54331375.391449 0.0 0.0 1216.437984695637 0.0 0.0 0.0
277.0 54331375.391449 54331377.011969 54331378.632488996 0.0 0.0 1216.437984695637 0.0 0.0 0.0
278.0 54331378.632489 54331380.25300901 54331381.873529 0.0 0.0 1216.437984695637 0.0 0.0 0.0
279.0 54331381.873529 54331383.494049 54331385.114569 0.0 0.0 1216.437984695637 0.0 0.0 0.0
280.0 54331385.114569 54331386.735089004 54331388.355609 0.0 0.0 1216.437984695637 0.0 0.0 0.0
281.0 54331388.355609 54331389.976128995 54331391.596649 0.0 0.0 1216.437984695637 0.0 0.0 0.0
282.0 54331391.596649 54331393.217169 54331394.837689 0.0 0.0 1216.437984695637 0.0 0.0 0.0
283.0 54331394.837689 54331396.45820899 54331398.078728996 0.0 0.0 1216.437984695637 0.0 0.0 0.0
284.0 54331398.078728996 54331399.699249 54331401.319768995 0.0 0.0 1216.437984695637 0.0 0.0 0.0
285.0 54331401.319769 54331402.940289006 54331404.560809 0.0 0.0 1216.437984695637 0.0 0.0 0.0
286.0 54331404.560809 54331406.181329 54331407.801849 0.0 0.0 1216.437984695637 0.0 0.0 0.0
287.0 54331407.801849 54331409.422369 54331411.042889 0.0 0.0 1216.437984695637 0.0 0.0 0.0
288.0 54331411.042889 54331412.663408995 54331414.283929 0.0 0.0 1216.437984695637 0.0 0.0 0.0
289.0 54331414.283929 54331415.904449 54331417.524969 0.0 0.0 1216.437984695637 0.0 0.0 0.0
290.0 54331417.524969 54331419.14548899 54331420.766008995 0.0 0.0 1216.437984695637 0.0 0.0 0.0
291.0 54331420.766009 54331422.386529 54331424.007049 0.0 0.0 1216.437984695637 0.0 0.0 0.0
292.0 54331424.007049 54331425.627569005 54331427.248089 0.0 0.0 1216.437984695637 0.0 0.0 0.0
293.0 54331427.248089 54331428.868608996 54331430.489129 0.0 0.0 1216.437984695637 0.0 0.0 0.0
294.0 54331430.489129 54331432.109649 54331433.730169 0.0 0.0 1216.437984695637 0.0 0.0 0.0
295.0 54331433.730169 54331435.350688994 54331436.971209 0.0 0.0 1216.437984695637 0.0 0.0 0.0
296.0 54331436.971209 54331438.591729 54331440.212248996 0.0 0.0 1216.437984695637 0.0 0.0 0.0
297.0 54331440.212249 54331441.83276901 54331443.453289 0.0 0.0 1216.437984695637 0.0 0.0 0.0
298.0 54331443.453289 54331445.073809 54331446.694329 0.0 0.0 1216.437984695637 0.0 0.0 0.0
299.0 54331446.694329 54331448.314849004 54331449.935369 0.0 0.0 1216.437984695637 0.0 0.0 0.0
300.0 54331449.935369 54331451.555888996 54331453.176409 0.0 0.0 1216.437984695637 0.0 0.0 0.0
301.0 54331453.176409 54331454.796929 54331456.417449 0.0 0.0 1216.437984695637 0.0 0.0 0.0
302.0 54331456.417449 54331458.03796899 54331459.658489 0.0 0.0 1216.437984695637 0.0 0.0 0.0
303.0 54331459.658489 54331461.279009 54331462.899528995 0.0 0.0 1216.437984695637 0.0 0.0 0.0
304.0 54331462.899529 54331464.520049006 54331466.140569 0.0 0.0 1216.437984695637 0.0 0.0 0.0
305.0 54331466.140569 54331467.761089 54331469.381609 0.0 0.0 1216.437984695637 0.0 0.0 0.0
306.0 54331469.381609 54331471.002129 54331472.622649 0.0 0.0 1216.437984695637 0.0 0.0 0.0
307.0 54331472.622649 54331474.243168995 54331475.863689 0.0 0.0 1216.437984695637 0.0 0.0 0.0
308.0 54331475.863689 54331477.484209 54331479.104729 0.0 0.0 1216.437984695637 0.0 0.0 0.0
309.0 54331479.104729 54331480.72524899 54331482.345768996 0.0 0.0 1216.437984695637 0.0 0.0 0.0
310.0 54331482.345769 54331483.966289 54331485.586809 0.0 0.0 1216.437984695637 0.0 0.0 0.0
311.0 54331485.586809 54331487.207329005 54331488.827849 0.0 0.0 1216.437984695637 0.0 0.0 0.0
312.0 54331488.827849 54331490.448369 54331492.068889 0.0 0.0 1216.437984695637 0.0 0.0 0.0
313.0 54331492.068889 54331493.689409 54331495.309929 0.0 0.0 1216.437984695637 0.0 0.0 0.0
314.0 54331495.309929 54331496.930448994 54331498.550969 0.0 0.0 1216.437984695637 0.0 0.0 0.0
315.0 54331498.550969 54331500.171489 54331501.792008996 0.0 0.0 1216.437984695637 0.0 0.0 0.0
316.0 54331501.792008996 54331503.41252899 54331505.033048995 0.0 0.0 1216.437984695637 0.0 0.0 0.0
317.0 54331505.033049 54331506.653569 54331508.274089 0.0 0.0 1216.437984695637 0.0 0.0 0.0
318.0 54331508.274089 54331509.894609004 54331511.515129 0.0 0.0 1216.437984695637 0.0 0.0 0.0
319.0 54331511.515129 54331513.135648996 54331514.756169 0.0 0.0 1216.437984695637 0.0 0.0 0.0
320.0 54331514.756169 54331516.376689 54331517.997209 0.0 0.0 1216.437984695637 0.0 0.0 0.0
321.0 54331517.997209 54331519.61772899 54331521.238249 0.0 0.0 1216.437984695637 0.0 0.0 0.0
322.0 54331521.238249 54331522.858769 54331524.479288995 0.0 0.0 1216.437984695637 0.0 0.0 0.0
323.0 54331524.479289 54331526.099809006 54331527.720329 0.0 0.0 1216.437984695637 0.0 0.0 0.0
324.0 54331527.720329 54331529.340849 54331530.961369 0.0 0.0 1216.437984695637 0.0 0.0 0.0
325.0 54331530.961369 54331532.581889 54331534.202409 0.0 0.0 1216.437984695637 0.0 0.0 0.0
326.0 54331534.202409 54331535.822928995 54331537.443449 0.0 0.0 1216.437984695637 0.0 0.0 0.0
327.0 54331537.443449 54331539.063969 54331540.684489 0.0 0.0 1216.437984695637 0.0 0.0 0.0
328.0 54331540.684489 54331542.30500899 54331543.925528996 0.0 0.0 1216.437984695637 0.0 0.0 0.0
329.0 54331543.925529 54331545.546049 54331547.166569 0.0 0.0 1216.437984695637 0.0 0.0 0.0
330.0 54331547.166569 54331548.787089005 54331550.407609 0.0 0.0 1216.437984695637 0.0 0.0 0.0
331.0 54331550.407609 54331552.028129 54331553.648649 0.0 0.0 1216.437984695637 0.0 0.0 0.0
332.0 54331553.648649 54331555.269169 54331556.889689 0.0 0.0 1216.437984695637 0.0 0.0 0.0
333.0 54331556.889689 54331558.510208994 54331560.130729 0.0 0.0 1216.437984695637 0.0 0.0 0.0
334.0 54331560.130729 54331561.751249 54331563.371768996 0.0 0.0 1216.437984695637 0.0 0.0 0.0
335.0 54331563.371768996 54331564.99228899 54331566.612808995 0.0 0.0 1216.437984695637 0.0 0.0 0.0
336.0 54331566.612809 54331568.233329 54331569.853849 0.0 0.0 1216.437984695637 0.0 0.0 0.0
337.0 54331569.853849 54331571.474369004 54331573.094889 0.0 0.0 1216.437984695637 0.0 0.0 0.0
338.0 54331573.094889 54331574.715408996 54331576.335929 0.0 0.0 1216.437984695637 0.0 0.0 0.0
339.0 54331576.335929 54331577.956449 54331579.576969 0.0 0.0 1216.437984695637 0.0 0.0 0.0
340.0 54331579.576969 54331581.19748899 54331582.818009 0.0 0.0 1216.437984695637 0.0 0.0 0.0
341.0 54331582.818009 54331584.438529 54331586.059048995 0.0 0.0 1216.437984695637 0.0 0.0 0.0
342.0 54331586.059049 54331587.679569006 54331589.300089 0.0 0.0 1216.437984695637 0.0 0.0 0.0
343.0 54331589.300089 54331590.920609 54331592.541129 0.0 0.0 1216.437984695637 0.0 0.0 0.0
344.0 54331592.541129 54331594.161649 54331595.782169 0.0 0.0 1216.437984695637 0.0 0.0 0.0
345.0 54331595.782169 54331597.402688995 54331599.023209 0.0 0.0 1216.437984695637 0.0 0.0 0.0
346.0 54331599.023209 54331600.643729 54331602.264249 0.0 0.0 1216.437984695637 0.0 0.0 0.0
347.0 54331602.264249 54331603.88476899 54331605.505288996 0.0 0.0 1216.437984695637 0.0 0.0 0.0
348.0 54331605.505289 54331607.125809 54331608.746329 0.0 0.0 1216.437984695637 0.0 0.0 0.0
349.0 54331608.746329 54331610.366849005 54331611.987369 0.0 0.0 1216.437984695637 0.0 0.0 0.0
350.0 54331611.987369 54331613.607889 54331615.228409 0.0 0.0 1216.437984695637 0.0 0.0 0.0
351.0 54331615.228409 54331616.848929 54331618.469449 0.0 0.0 1216.437984695637 0.0 0.0 0.0
352.0 54331618.469449 54331620.089968994 54331621.710489 0.0 0.0 1216.437984695637 0.0 0.0 0.0
353.0 54331621.710489 54331623.331009 54331624.951528996 0.0 0.0 1216.437984695637 0.0 0.0 0.0
354.0 54331624.951528996 54331626.57204899 54331628.192568995 0.0 0.0 1216.437984695637 0.0 0.0 0.0
355.0 54331628.192569 54331629.813089 54331631.433609 0.0 0.0 1216.437984695637 0.0 0.0 0.0
356.0 54331631.433609 54331633.054129004 54331634.674649 0.0 0.0 1216.437984695637 0.0 0.0 0.0
357.0 54331634.674649 54331636.295168996 54331637.915689 0.0 0.0 1216.437984695637 0.0 0.0 0.0
358.0 54331637.915689 54331639.536209 54331641.156729 0.0 0.0 1216.437984695637 0.0 0.0 0.0
359.0 54331641.156729 54331642.77724899 54331644.397769 0.0 0.0 1216.437984695637 0.0 0.0 0.0
360.0 54331644.397769 54331646.018289 54331647.638808995 0.0 0.0 1216.437984695637 0.0 0.0 0.0
361.0 54331647.638809 54331649.259329006 54331650.879849 0.0 0.0 1216.437984695637 0.0 0.0 0.0
362.0 54331650.879849 54331652.500369 54331654.120889 0.0 0.0 1216.437984695637 0.0 0.0 0.0
363.0 54331654.120889 54331655.741409004 54331657.361929 0.0 0.0 1216.437984695637 0.0 0.0 0.0
364.0 54331657.361929 54331658.982448995 54331660.602969 0.0 0.0 1216.437984695637 0.0 0.0 0.0
365.0 54331660.602969 54331662.223489 54331663.844009 0.0 0.0 1216.437984695637 0.0 0.0 0.0
366.0 54331663.844009 54331665.46452899 54331667.085048996 0.0 0.0 1216.437984695637 0.0 0.0 0.0
367.0 54331667.085049 54331668.705569 54331670.326089 0.0 0.0 1216.437984695637 0.0 0.0 0.0
368.0 54331670.326089 54331671.946609005 54331673.567129 0.0 0.0 1216.437984695637 0.0 0.0 0.0
369.0 54331673.567129 54331675.187649 54331676.808169 0.0 0.0 1216.437984695637 0.0 0.0 0.0
370.0 54331676.808169 54331678.428689 54331680.049209 0.0 0.0 1216.437984695637 0.0 0.0 0.0
371.0 54331680.049209 54331681.669728994 54331683.290249 0.0 0.0 1216.437984695637 0.0 0.0 0.0
372.0 54331683.290249 54331684.910769 54331686.531289 0.0 0.0 1216.437984695637 0.0 0.0 0.0
373.0 54331686.531289 54331688.15180899 54331689.772328995 0.0 0.0 1216.437984695637 0.0 0.0 0.0
374.0 54331689.772329 54331691.392849 54331693.013369 0.0 0.0 1216.437984695637 0.0 0.0 0.0
375.0 54331693.013369 54331694.633889005 54331696.254409 0.0 0.0 1216.437984695637 0.0 0.0 0.0
376.0 54331696.254409 54331697.874928996 54331699.495449 0.0 0.0 1216.437984695637 0.0 0.0 0.0
377.0 54331699.495449 54331701.115969 54331702.736489 0.0 0.0 1216.437984695637 0.0 0.0 0.0
378.0 54331702.736489 54331704.35700899 54331705.977529 0.0 0.0 1216.437984695637 0.0 0.0 0.0
379.0 54331705.977529 54331707.598049 54331709.218568996 0.0 0.0 1216.437984695637 0.0 0.0 0.0
380.0 54331709.218569 54331710.839089006 54331712.459609 0.0 0.0 1216.437984695637 0.0 0.0 0.0
381.0 54331712.459609 54331714.080129 54331715.700649 0.0 0.0 1216.437984695637 0.0 0.0 0.0
382.0 54331715.700649 54331717.321169004 54331718.941689 0.0 0.0 1216.437984695637 0.0 0.0 0.0
383.0 54331718.941689 54331720.562208995 54331722.182729 0.0 0.0 1216.437984695637 0.0 0.0 0.0
384.0 54331722.182729 54331723.803249 54331725.423769 0.0 0.0 1216.437984695637 0.0 0.0 0.0
385.0 54331725.423769 54331727.04428899 54331728.664808996 0.0 0.0 1216.437984695637 0.0 0.0 0.0
386.0 54331728.664808996 54331730.285329 54331731.905848995 0.0 0.0 1216.437984695637 0.0 0.0 0.0
387.0 54331731.905849 54331733.526369005 54331735.146889 0.0 0.0 1216.437984695637 0.0 0.0 0.0
388.0 54331735.146889 54331736.767409 54331738.387929 0.0 0.0 1216.437984695637 0.0 0.0 0.0
389.0 54331738.387929 54331740.008449 54331741.628969 0.0 0.0 1216.437984695637 0.0 0.0 0.0
390.0 54331741.628969 54331743.249488994 54331744.870009 0.0 0.0 1216.437984695637 0.0 0.0 0.0
391.0 54331744.870009 54331746.490529 54331748.111049 0.0 0.0 1216.437984695637 0.0 0.0 0.0
392.0 54331748.111049 54331749.73156899 54331751.352088995 0.0 0.0 1216.437984695637 0.0 0.0 0.0
393.0 54331751.352089 54331752.972609 54331754.593129 0.0 0.0 1216.437984695637 0.0 0.0 0.0
394.0 54331754.593129 54331756.213649005 54331757.834169 0.0 0.0 1216.437984695637 0.0 0.0 0.0
395.0 54331757.834169 54331759.454688996 54331761.075209 0.0 0.0 1216.437984695637 0.0 0.0 0.0
396.0 54331761.075209 54331762.695729 54331764.316249 0.0 0.0 1216.437984695637 0.0 0.0 0.0
397.0 54331764.316249 54331765.936768994 54331767.557289 0.0 0.0 1216.437984695637 0.0 0.0 0.0
398.0 54331767.557289 54331769.177809 54331770.798328996 0.0 0.0 1216.437984695637 0.0 0.0 0.0
399.0 54331770.798329 54331772.41884901 54331774.039369 0.0 0.0 1216.437984695637 0.0 0.0 0.0
400.0 54331774.039369 54331775.659889 54331777.280409 0.0 0.0 1216.437984695637 0.0 0.0 0.0
401.0 54331777.280409 54331778.900929004 54331780.521449 0.0 0.0 1216.437984695637 0.0 0.0 0.0
402.0 54331780.521449 54331782.141968995 54331783.762489 0.0 0.0 1216.437984695637 0.0 0.0 0.0
403.0 54331783.762489 54331785.383009 54331787.003529 0.0 0.0 1216.437984695637 0.0 0.0 0.0
404.0 54331787.003529 54331788.62404899 54331790.244568996 0.0 0.0 1216.437984695637 0.0 0.0 0.0
405.0 54331790.244568996 54331791.865089 54331793.485608995 0.0 0.0 1216.437984695637 0.0 0.0 0.0
406.0 54331793.485609 54331795.106129006 54331796.726649 0.0 0.0 1216.437984695637 0.0 0.0 0.0
407.0 54331796.726649 54331798.347169 54331799.967689 0.0 0.0 1216.437984695637 0.0 0.0 0.0
408.0 54331799.967689 54331801.588209 54331803.208729 0.0 0.0 1216.437984695637 0.0 0.0 0.0
409.0 54331803.208729 54331804.829248995 54331806.449769 0.0 0.0 1216.437984695637 0.0 0.0 0.0
410.0 54331806.449769 54331808.070289 54331809.690809 0.0 0.0 1216.437984695637 0.0 0.0 0.0
411.0 54331809.690809 54331811.31132899 54331812.931848995 0.0 0.0 1216.437984695637 0.0 0.0 0.0
412.0 54331812.931849 54331814.552369 54331816.172889 0.0 0.0 1216.437984695637 0.0 0.0 0.0
413.0 54331816.172889 54331817.793409005 54331819.413929 0.0 0.0 1216.437984695637 0.0 0.0 0.0
414.0 54331819.413929 54331821.034448996 54331822.654969 0.0 0.0 1216.437984695637 0.0 0.0 0.0
415.0 54331822.654969 54331824.275489 54331825.896009 0.0 0.0 1216.437984695637 0.0 0.0 0.0
416.0 54331825.896009 54331827.516528994 54331829.137049 0.0 0.0 1216.437984695637 0.0 0.0 0.0
417.0 54331829.137049 54331830.757569 54331832.378088996 0.0 0.0 1216.437984695637 0.0 0.0 0.0
418.0 54331832.378089 54331833.99860901 54331835.619129 0.0 0.0 1216.437984695637 0.0 0.0 0.0
419.0 54331835.619129 54331837.239649 54331838.860169 0.0 0.0 1216.437984695637 0.0 0.0 0.0
420.0 54331838.860169 54331840.480689004 54331842.101209 0.0 0.0 1216.437984695637 0.0 0.0 0.0
421.0 54331842.101209 54331843.721728995 54331845.342249 0.0 0.0 1216.437984695637 0.0 0.0 0.0
422.0 54331845.342249 54331846.962769 54331848.583289 0.0 0.0 1216.437984695637 0.0 0.0 0.0
423.0 54331848.583289 54331850.20380899 54331851.824328996 0.0 0.0 1216.437984695637 0.0 0.0 0.0
424.0 54331851.824328996 54331853.444849 54331855.065368995 0.0 0.0 1216.437984695637 0.0 0.0 0.0
425.0 54331855.065369 54331856.685889006 54331858.306409 0.0 0.0 1216.437984695637 0.0 0.0 0.0
426.0 54331858.306409 54331859.926929 54331861.547449 0.0 0.0 1216.437984695637 0.0 0.0 0.0
427.0 54331861.547449 54331863.167969 54331864.788489 0.0 0.0 1216.437984695637 0.0 0.0 0.0
428.0 54331864.788489 54331866.409008995 54331868.029529 0.0 0.0 1216.437984695637 0.0 0.0 0.0
429.0 54331868.029529 54331869.650049 54331871.270569 0.0 0.0 1216.437984695637 0.0 0.0 0.0
430.0 54331871.270569 54331872.89108899 54331874.511608995 0.0 0.0 1216.437984695637 0.0 0.0 0.0
431.0 54331874.511609 54331876.132129 54331877.752649 0.0 0.0 1216.437984695637 0.0 0.0 0.0
432.0 54331877.752649 54331879.373169005 54331880.993689 0.0 0.0 1216.437984695637 0.0 0.0 0.0
433.0 54331880.993689 54331882.614209 54331884.234729 0.0 0.0 1216.437984695637 0.0 0.0 0.0
434.0 54331884.234729 54331885.855249 54331887.475769 0.0 0.0 1216.437984695637 0.0 0.0 0.0
435.0 54331887.475769 54331889.096288994 54331890.716809 0.0 0.0 1216.437984695637 0.0 0.0 0.0
436.0 54331890.716809 54331892.337329 54331893.957848996 0.0 0.0 1216.437984695637 0.0 0.0 0.0
437.0 54331893.957849 54331895.57836901 54331897.198889 0.0 0.0 1216.437984695637 0.0 0.0 0.0
438.0 54331897.198889 54331898.819409 54331900.439929 0.0 0.0 1216.437984695637 0.0 0.0 0.0
439.0 54331900.439929 54331902.060449004 54331903.680969 0.0 0.0 1216.437984695637 0.0 0.0 0.0
440.0 54331903.680969 54331905.301488996 54331906.922009 0.0 0.0 1216.437984695637 0.0 0.0 0.0
441.0 54331906.922009 54331908.542529 54331910.163049 0.0 0.0 1216.437984695637 0.0 0.0 0.0
442.0 54331910.163049 54331911.78356899 54331913.404089 0.0 0.0 1216.437984695637 0.0 0.0 0.0
443.0 54331913.404089 54331915.024609 54331916.645128995 0.0 0.0 1216.437984695637 0.0 0.0 0.0
444.0 54331916.645129 54331918.265649006 54331919.886169 0.0 0.0 1216.437984695637 0.0 0.0 0.0
445.0 54331919.886169 54331921.506689 54331923.127209 0.0 0.0 1216.437984695637 0.0 0.0 0.0
446.0 54331923.127209 54331924.747729 54331926.368249 0.0 0.0 1216.437984695637 0.0 0.0 0.0
447.0 54331926.368249 54331927.988768995 54331929.609289 0.0 0.0 1216.437984695637 0.0 0.0 0.0
448.0 54331929.609289 54331931.229809 54331932.850329 0.0 0.0 1216.437984695637 0.0 0.0 0.0
449.0 54331932.850329 54331934.47084899 54331936.091368996 0.0 0.0 1216.437984695637 0.0 0.0 0.0
450.0 54331936.091369 54331937.711889 54331939.332409 0.0 0.0 1216.437984695637 0.0 0.0 0.0
451.0 54331939.332409 54331940.952929005 54331942.573449 0.0 0.0 1216.437984695637 0.0 0.0 0.0
452.0 54331942.573449 54331944.193969 54331945.814489 0.0 0.0 1216.437984695637 0.0 0.0 0.0
453.0 54331945.814489 54331947.435009 54331949.055529 0.0 0.0 1216.437984695637 0.0 0.0 0.0
454.0 54331949.055529 54331950.676048994 54331952.296569 0.0 0.0 1216.437984695637 0.0 0.0 0.0
455.0 54331952.296569 54331953.917089 54331955.537608996 0.0 0.0 1216.437984695637 0.0 0.0 0.0
456.0 54331955.537608996 54331957.15812899 54331958.778648995 0.0 0.0 1216.437984695637 0.0 0.0 0.0
457.0 54331958.778649 54331960.399169 54331962.019689 0.0 0.0 1216.437984695637 0.0 0.0 0.0
458.0 54331962.019689 54331963.640209004 54331965.260729 0.0 0.0 1216.437984695637 0.0 0.0 0.0
459.0 54331965.260729 54331966.881248996 54331968.501769 0.0 0.0 1216.437984695637 0.0 0.0 0.0
460.0 54331968.501769 54331970.122289 54331971.742809 0.0 0.0 1216.437984695637 0.0 0.0 0.0
461.0 54331971.742809 54331973.36332899 54331974.983849 0.0 0.0 1216.437984695637 0.0 0.0 0.0
462.0 54331974.983849 54331976.604369 54331978.224888995 0.0 0.0 1216.437984695637 0.0 0.0 0.0
463.0 54331978.224889 54331979.845409006 54331981.465929 0.0 0.0 1216.437984695637 0.0 0.0 0.0
464.0 54331981.465929 54331983.086449 54331984.706969 0.0 0.0 1216.437984695637 0.0 0.0 0.0
465.0 54331984.706969 54331986.327489 54331987.948009 0.0 0.0 1216.437984695637 0.0 0.0 0.0
466.0 54331987.948009 54331989.568528995 54331991.189049 0.0 0.0 1216.437984695637 0.0 0.0 0.0
467.0 54331991.189049 54331992.809569 54331994.430089 0.0 0.0 1216.437984695637 0.0 0.0 0.0
468.0 54331994.430089 54331996.05060899 54331997.671128996 0.0 0.0 1216.437984695637 0.0 0.0 0.0
469.0 54331997.671129 54331999.291649 54332000.912169 0.0 0.0 1216.437984695637 0.0 0.0 0.0
470.0 54332000.912169 54332002.532689005 54332004.153209 0.0 0.0 1216.437984695637 0.0 0.0 0.0
471.0 54332004.153209 54332005.773729 54332007.394249 0.0 0.0 1216.437984695637 0.0 0.0 0.0
472.0 54332007.394249 54332009.014769 54332010.635289 0.0 0.0 1216.437984695637 0.0 0.0 0.0
473.0 54332010.635289 54332012.255808994 54332013.876329 0.0 0.0 1216.437984695637 0.0 0.0 0.0
474.0 54332013.876329 54332015.496849 54332017.117368996 0.0 0.0 1216.437984695637 0.0 0.0 0.0
475.0 54332017.117368996 54332018.73788899 54332020.358408995 0.0 0.0 1216.437984695637 0.0 0.0 0.0
476.0 54332020.358409 54332021.978929 54332023.599449 0.0 0.0 1216.437984695637 0.0 0.0 0.0
477.0 54332023.599449 54332025.219969004 54332026.840489 0.0 0.0 1216.437984695637 0.0 0.0 0.0
478.0 54332026.840489 54332028.461008996 54332030.081529 0.0 0.0 1216.437984695637 0.0 0.0 0.0
479.0 54332030.081529 54332031.702049 54332033.322569 0.0 0.0 1216.437984695637 0.0 0.0 0.0
480.0 54332033.322569 54332034.94308899 54332036.563609 0.0 0.0 1216.437984695637 0.0 0.0 0.0
481.0 54332036.563609 54332038.184129 54332039.804648995 0.0 0.0 1216.437984695637 0.0 0.0 0.0
482.0 54332039.804649 54332041.425169006 54332043.045689 0.0 0.0 1216.437984695637 0.0 0.0 0.0
483.0 54332043.045689 54332044.666209 54332046.286729 0.0 0.0 1216.437984695637 0.0 0.0 0.0
484.0 54332046.286729 54332047.907249 54332049.527769 0.0 0.0 1216.437984695637 0.0 0.0 0.0
485.0 54332049.527769 54332051.148288995 54332052.768809 0.0 0.0 1216.437984695637 0.0 0.0 0.0
486.0 54332052.768809 54332054.389329 54332056.009849 0.0 0.0 1216.437984695637 0.0 0.0 0.0
487.0 54332056.009849 54332057.63036899 54332059.250888996 0.0 0.0 1216.437984695637 0.0 0.0 0.0
488.0 54332059.250889 54332060.871409 54332062.491929 0.0 0.0 1216.437984695637 0.0 0.0 0.0
489.0 54332062.491929 54332064.112449005 54332065.732969 0.0 0.0 1216.437984695637 0.0 0.0 0.0
490.0 54332065.732969 54332067.353489 54332068.974009 0.0 0.0 1216.437984695637 0.0 0.0 0.0
491.0 54332068.974009 54332070.594529 54332072.215049 0.0 0.0 1216.437984695637 0.0 0.0 0.0
492.0 54332072.215049 54332073.835568994 54332075.456089 0.0 0.0 1216.437984695637 0.0 0.0 0.0
493.0 54332075.456089 54332077.076609 54332078.697128996 0.0 0.0 1216.437984695637 0.0 0.0 0.0
494.0 54332078.697128996 54332080.31764899 54332081.938168995 0.0 0.0 1216.437984695637 0.0 0.0 0.0
495.0 54332081.938169 54332083.558689 54332085.179209 0.0 0.0 1216.437984695637 0.0 0.0 0.0
496.0 54332085.179209 54332086.799729005 54332088.420249 0.0 0.0 1216.437984695637 0.0 0.0 0.0
497.0 54332088.420249 54332090.040768996 54332091.661289 0.0 0.0 1216.437984695637 0.0 0.0 0.0
498.0 54332091.661289 54332093.281809 54332094.902329 0.0 0.0 1216.437984695637 0.0 0.0 0.0
499.0 54332094.902329 54332096.52284899 54332098.143369 0.0 0.0 1216.437984695637 0.0 0.0 0.0
500.0 54332098.143369 54332099.763889 54332101.384408996 0.0 0.0 1216.437984695637 0.0 0.0 0.0
501.0 54332101.384409 54332103.004929006 54332104.625449 0.0 0.0 1216.437984695637 0.0 0.0 0.0
502.0 54332104.625449 54332106.245969 54332107.866489 0.0 0.0 1216.437984695637 0.0 0.0 0.0
503.0 54332107.866489 54332109.487009004 54332111.107529 0.0 0.0 1216.437984695637 0.0 0.0 0.0
504.0 54332111.107529 54332112.728048995 54332114.348569 0.0 0.0 1216.437984695637 0.0 0.0 0.0
505.0 54332114.348569 54332115.969089 54332117.589609 0.0 0.0 1216.437984695637 0.0 0.0 0.0
506.0 54332117.589609 54332119.21012899 54332120.830648996 0.0 0.0 1216.437984695637 0.0 0.0 0.0
507.0 54332120.830649 54332122.451169 54332124.071689 0.0 0.0 1216.437984695637 0.0 0.0 0.0
508.0 54332124.071689 54332125.692209005 54332127.312729 0.0 0.0 1216.437984695637 0.0 0.0 0.0
509.0 54332127.312729 54332128.933249 54332130.553769 0.0 0.0 1216.437984695637 0.0 0.0 0.0
510.0 54332130.553769 54332132.174289 54332133.794809 0.0 0.0 1216.437984695637 0.0 0.0 0.0
511.0 54332133.794809 54332135.415328994 54332137.035849 0.0 0.0 1216.437984695637 0.0 0.0 0.0
512.0 54332137.035849 54332138.656369 54332140.276889 0.0 0.0 1216.437984695637 0.0 0.0 0.0
513.0 54332140.276889 54332141.89740899 54332143.517928995 0.0 0.0 1216.437984695637 0.0 0.0 0.0
514.0 54332143.517929 54332145.138449 54332146.758969 0.0 0.0 1216.437984695637 0.0 0.0 0.0
515.0 54332146.758969 54332148.379489005 54332150.000009 0.0 0.0 1216.437984695637 0.0 0.0 0.0
516.0 54332150.000009 54332151.620528996 54332153.241049 0.0 0.0 1216.437984695637 0.0 0.0 0.0
517.0 54332153.241049 54332154.861569 54332156.482089 0.0 0.0 1216.437984695637 0.0 0.0 0.0
518.0 54332156.482089 54332158.10260899 54332159.723129 0.0 0.0 1216.437984695637 0.0 0.0 0.0
519.0 54332159.723129 54332161.343649 54332162.964168996 0.0 0.0 1216.437984695637 0.0 0.0 0.0
520.0 54332162.964169 54332164.584689006 54332166.205209 0.0 0.0 1216.437984695637 0.0 0.0 0.0
521.0 54332166.205209 54332167.825729 54332169.446249 0.0 0.0 1216.437984695637 0.0 0.0 0.0
522.0 54332169.446249 54332171.066769004 54332172.687289 0.0 0.0 1216.437984695637 0.0 0.0 0.0
523.0 54332172.687289 54332174.307808995 54332175.928329 0.0 0.0 1216.437984695637 0.0 0.0 0.0
524.0 54332175.928329 54332177.548849 54332179.169369 0.0 0.0 1216.437984695637 0.0 0.0 0.0
525.0 54332179.169369 54332180.78988899 54332182.410408996 0.0 0.0 1216.437984695637 0.0 0.0 0.0
526.0 54332182.410408996 54332184.030929 54332185.651448995 0.0 0.0 1216.437984695637 0.0 0.0 0.0
527.0 54332185.651449 54332187.271969005 54332188.892489 0.0 0.0 1216.437984695637 0.0 0.0 0.0
528.0 54332188.892489 54332190.513009 54332192.133529 0.0 0.0 1216.437984695637 0.0 0.0 0.0
529.0 54332192.133529 54332193.754049 54332195.374569 0.0 0.0 1216.437984695637 0.0 0.0 0.0
530.0 54332195.374569 54332196.995088995 54332198.615609 0.0 0.0 1216.437984695637 0.0 0.0 0.0
531.0 54332198.615609 54332200.236129 54332201.856649 0.0 0.0 1216.437984695637 0.0 0.0 0.0
532.0 54332201.856649 54332203.47716899 54332205.097688995 0.0 0.0 1216.437984695637 0.0 0.0 0.0
533.0 54332205.097689 54332206.718209 54332208.338729 0.0 0.0 1216.437984695637 0.0 0.0 0.0
534.0 54332208.338729 54332209.959249005 54332211.579769 0.0 0.0 1216.437984695637 0.0 0.0 0.0
535.0 54332211.579769 54332213.200288996 54332214.820809 0.0 0.0 1216.437984695637 0.0 0.0 0.0
536.0 54332214.820809 54332216.441329 54332218.061849 0.0 0.0 1216.437984695637 0.0 0.0 0.0
537.0 54332218.061849 54332219.682368994 54332221.302889 0.0 0.0 1216.437984695637 0.0 0.0 0.0
538.0 54332221.302889 54332222.923409 54332224.543928996 0.0 0.0 1216.437984695637 0.0 0.0 0.0
539.0 54332224.543929 54332226.16444901 54332227.784969 0.0 0.0 1216.437984695637 0.0 0.0 0.0
540.0 54332227.784969 54332229.405489 54332231.026009 0.0 0.0 1216.437984695637 0.0 0.0 0.0
541.0 54332231.026009 54332232.646529004 54332234.267049 0.0 0.0 1216.437984695637 0.0 0.0 0.0
542.0 54332234.267049 54332235.887568995 54332237.508089 0.0 0.0 1216.437984695637 0.0 0.0 0.0
543.0 54332237.508089 54332239.128609 54332240.749129 0.0 0.0 1216.437984695637 0.0 0.0 0.0
544.0 54332240.749129 54332242.36964899 54332243.990168996 0.0 0.0 1216.437984695637 0.0 0.0 0.0
545.0 54332243.990168996 54332245.610689 54332247.231208995 0.0 0.0 1216.437984695637 0.0 0.0 0.0
546.0 54332247.231209 54332248.851729006 54332250.472249 0.0 0.0 1216.437984695637 0.0 0.0 0.0
547.0 54332250.472249 54332252.092769 54332253.713289 0.0 0.0 1216.437984695637 0.0 0.0 0.0
548.0 54332253.713289 54332255.333809 54332256.954329 0.0 0.0 1216.437984695637 0.0 0.0 0.0
549.0 54332256.954329 54332258.574848995 54332260.195369 0.0 0.0 1216.437984695637 0.0 0.0 0.0
550.0 54332260.195369 54332261.815889 54332263.436409 0.0 0.0 1216.437984695637 0.0 0.0 0.0
551.0 54332263.436409 54332265.05692899 54332266.677448995 0.0 0.0 1216.437984695637 0.0 0.0 0.0
552.0 54332266.677449 54332268.297969 54332269.918489 0.0 0.0 1216.437984695637 0.0 0.0 0.0
553.0 54332269.918489 54332271.539009005 54332273.159529 0.0 0.0 1216.437984695637 0.0 0.0 0.0
554.0 54332273.159529 54332274.780048996 54332276.400569 0.0 0.0 1216.437984695637 0.0 0.0 0.0
555.0 54332276.400569 54332278.021089 54332279.641609 0.0 0.0 1216.437984695637 0.0 0.0 0.0
556.0 54332279.641609 54332281.262128994 54332282.882649 0.0 0.0 1216.437984695637 0.0 0.0 0.0
557.0 54332282.882649 54332284.503169 54332286.123688996 0.0 0.0 1216.437984695637 0.0 0.0 0.0
558.0 54332286.123689 54332287.74420901 54332289.364729 0.0 0.0 1216.437984695637 0.0 0.0 0.0
559.0 54332289.364729 54332290.985249 54332292.605769 0.0 0.0 1216.437984695637 0.0 0.0 0.0
560.0 54332292.605769 54332294.226289004 54332295.846809 0.0 0.0 1216.437984695637 0.0 0.0 0.0
561.0 54332295.846809 54332297.467328995 54332299.087849 0.0 0.0 1216.437984695637 0.0 0.0 0.0
562.0 54332299.087849 54332300.708369 54332302.328889 0.0 0.0 1216.437984695637 0.0 0.0 0.0
563.0 54332302.328889 54332303.94940899 54332305.569928996 0.0 0.0 1216.437984695637 0.0 0.0 0.0
564.0 54332305.569928996 54332307.190449 54332308.810968995 0.0 0.0 1216.437984695637 0.0 0.0 0.0
565.0 54332308.810969 54332310.431489006 54332312.052009 0.0 0.0 1216.437984695637 0.0 0.0 0.0
566.0 54332312.052009 54332313.672529 54332315.293049 0.0 0.0 1216.437984695637 0.0 0.0 0.0
567.0 54332315.293049 54332316.913569 54332318.534089 0.0 0.0 1216.437984695637 0.0 0.0 0.0
568.0 54332318.534089 54332320.154608995 54332321.775129 0.0 0.0 1216.437984695637 0.0 0.0 0.0
569.0 54332321.775129 54332323.395649 54332325.016169 0.0 0.0 1216.437984695637 0.0 0.0 0.0
570.0 54332325.016169 54332326.63668899 54332328.257208996 0.0 0.0 1216.437984695637 0.0 0.0 0.0
571.0 54332328.257209 54332329.877729 54332331.498249 0.0 0.0 1216.437984695637 0.0 0.0 0.0
572.0 54332331.498249 54332333.118769005 54332334.739289 0.0 0.0 1216.437984695637 0.0 0.0 0.0
573.0 54332334.739289 54332336.359809 54332337.980329 0.0 0.0 1216.437984695637 0.0 0.0 0.0
574.0 54332337.980329 54332339.600849 54332341.221369 0.0 0.0 1216.437984695637 0.0 0.0 0.0
575.0 54332341.221369 54332342.841888994 54332344.462409 0.0 0.0 1216.437984695637 0.0 0.0 0.0
576.0 54332344.462409 54332346.082929 54332347.703448996 0.0 0.0 1216.437984695637 0.0 0.0 0.0
577.0 54332347.703449 54332349.32396901 54332350.944489 0.0 0.0 1216.437984695637 0.0 0.0 0.0
578.0 54332350.944489 54332352.565009 54332354.185529 0.0 0.0 1216.437984695637 0.0 0.0 0.0
579.0 54332354.185529 54332355.806049004 54332357.426569 0.0 0.0 1216.437984695637 0.0 0.0 0.0
580.0 54332357.426569 54332359.047088996 54332360.667609 0.0 0.0 1216.437984695637 0.0 0.0 0.0
581.0 54332360.667609 54332362.288129 54332363.908649 0.0 0.0 1216.437984695637 0.0 0.0 0.0
582.0 54332363.908649 54332365.52916899 54332367.149689 0.0 0.0 1216.437984695637 0.0 0.0 0.0
583.0 54332367.149689 54332368.770209 54332370.390728995 0.0 0.0 1216.437984695637 0.0 0.0 0.0
584.0 54332370.390729 54332372.011249006 54332373.631769 0.0 0.0 1216.437984695637 0.0 0.0 0.0
585.0 54332373.631769 54332375.252289 54332376.872809 0.0 0.0 1216.437984695637 0.0 0.0 0.0
586.0 54332376.872809 54332378.493329 54332380.113849 0.0 0.0 1216.437984695637 0.0 0.0 0.0
587.0 54332380.113849 54332381.734368995 54332383.354889 0.0 0.0 1216.437984695637 0.0 0.0 0.0
588.0 54332383.354889 54332384.975409 54332386.595929 0.0 0.0 1216.437984695637 0.0 0.0 0.0
589.0 54332386.595929 54332388.21644899 54332389.836968996 0.0 0.0 1216.437984695637 0.0 0.0 0.0
590.0 54332389.836969 54332391.457489 54332393.078009 0.0 0.0 1216.437984695637 0.0 0.0 0.0
591.0 54332393.078009 54332394.698529005 54332396.319049 0.0 0.0 1216.437984695637 0.0 0.0 0.0
592.0 54332396.319049 54332397.939569 54332399.560089 0.0 0.0 1216.437984695637 0.0 0.0 0.0
593.0 54332399.560089 54332401.180609 54332402.801129 0.0 0.0 1216.437984695637 0.0 0.0 0.0
594.0 54332402.801129 54332404.421648994 54332406.042169 0.0 0.0 1216.437984695637 0.0 0.0 0.0
595.0 54332406.042169 54332407.662689 54332409.283208996 0.0 0.0 1216.437984695637 0.0 0.0 0.0
596.0 54332409.283208996 54332410.90372899 54332412.524248995 0.0 0.0 1216.437984695637 0.0 0.0 0.0
597.0 54332412.524249 54332414.144769 54332415.765289 0.0 0.0 1216.437984695637 0.0 0.0 0.0
598.0 54332415.765289 54332417.385809004 54332419.006329 0.0 0.0 1216.437984695637 0.0 0.0 0.0
599.0 54332419.006329 54332420.626848996 54332422.247369 0.0 0.0 1216.437984695637 0.0 0.0 0.0
600.0 54332422.247369 54332423.867889 54332425.488409 0.0 0.0 1216.437984695637 0.0 0.0 0.0
601.0 54332425.488409 54332427.10892899 54332428.729449 0.0 0.0 1216.437984695637 0.0 0.0 0.0
602.0 54332428.729449 54332430.349969 54332431.970488995 0.0 0.0 1216.437984695637 0.0 0.0 0.0
603.0 54332431.970489 54332433.591009006 54332435.211529 0.0 0.0 1216.437984695637 0.0 0.0 0.0
604.0 54332435.211529 54332436.832049 54332438.452569 0.0 0.0 1216.437984695637 0.0 0.0 0.0
605.0 54332438.452569 54332440.073089 54332441.693609 0.0 0.0 1216.437984695637 0.0 0.0 0.0
606.0 54332441.693609 54332443.314128995 54332444.934649 0.0 0.0 1216.437984695637 0.0 0.0 0.0
607.0 54332444.934649 54332446.555169 54332448.175689 0.0 0.0 1216.437984695637 0.0 0.0 0.0
608.0 54332448.175689 54332449.79620899 54332451.416728996 0.0 0.0 1216.437984695637 0.0 0.0 0.0
609.0 54332451.416729 54332453.037249 54332454.657769 0.0 0.0 1216.437984695637 0.0 0.0 0.0
610.0 54332454.657769 54332456.278289005 54332457.898809 0.0 0.0 1216.437984695637 0.0 0.0 0.0
611.0 54332457.898809 54332459.519329 54332461.139849 0.0 0.0 1216.437984695637 0.0 0.0 0.0
612.0 54332461.139849 54332462.760369 54332464.380889 0.0 0.0 1216.437984695637 0.0 0.0 0.0
613.0 54332464.380889 54332466.001408994 54332467.621929 0.0 0.0 1216.437984695637 0.0 0.0 0.0
614.0 54332467.621929 54332469.242449 54332470.862968996 0.0 0.0 1216.437984695637 0.0 0.0 0.0
615.0 54332470.862968996 54332472.48348899 54332474.104008995 0.0 0.0 1216.437984695637 0.0 0.0 0.0
616.0 54332474.104009 54332475.724529 54332477.345049 0.0 0.0 1216.437984695637 0.0 0.0 0.0
617.0 54332477.345049 54332478.965569004 54332480.586089 0.0 0.0 1216.437984695637 0.0 0.0 0.0
618.0 54332480.586089 54332482.206608996 54332483.827129 0.0 0.0 1216.437984695637 0.0 0.0 0.0
619.0 54332483.827129 54332485.447649 54332487.068169 0.0 0.0 1216.437984695637 0.0 0.0 0.0
620.0 54332487.068169 54332488.68868899 54332490.309209 0.0 0.0 1216.437984695637 0.0 0.0 0.0
621.0 54332490.309209 54332491.929729 54332493.550248995 0.0 0.0 1216.437984695637 0.0 0.0 0.0
622.0 54332493.550249 54332495.170769006 54332496.791289 0.0 0.0 1216.437984695637 0.0 0.0 0.0
623.0 54332496.791289 54332498.411809 54332500.032329 0.0 0.0 1216.437984695637 0.0 0.0 0.0
624.0 54332500.032329 54332501.652849 54332503.273369 0.0 0.0 1216.437984695637 0.0 0.0 0.0
625.0 54332503.273369 54332504.893888995 54332506.514409 0.0 0.0 1216.437984695637 2.354471280027323 0.0 0.0
626.0 54332506.514409 54332508.134929 54332509.755449 0.0 0.0 1216.437984695637 3.199999998844195 0.0 0.0
627.0 54332509.755449 54332511.37596899 54332512.996488996 1.0 1.0 1216.437984695637 3.199999998844195 0.3125000001128716 0.3125000001128716
628.0 54332512.996489 54332514.617009 54332516.237529 0.0 0.0 1216.437984695637 3.199999998844195 0.0 0.0
629.0 54332516.237529 54332517.858049005 54332519.478569 0.0 0.0 1216.437984695637 3.199999998844195 0.0 0.0
630.0 54332519.478569 54332521.099089 54332522.719609 1.0 1.0 1216.437984695637 3.199999998844195 0.3125000001128716 0.3125000001128716
631.0 54332522.719609 54332524.340129 54332525.960649 0.0 0.0 1216.437984695637 3.199999998844195 0.0 0.0
632.0 54332525.960649 54332527.581168994 54332529.201689 1.0 1.0 1216.437984695637 3.199999998844195 0.3125000001128716 0.3125000001128716
633.0 54332529.201689 54332530.822209 54332532.442729 0.0 0.0 1216.437984695637 3.199999998844195 0.0 0.0
634.0 54332532.442729 54332534.06324899 54332535.683768995 0.0 0.0 1216.437984695637 3.199999998844195 0.0 0.0
635.0 54332535.683769 54332537.304289 54332538.924809 0.0 0.0 1216.437984695637 3.199999998844195 0.0 0.0
636.0 54332538.924809 54332540.545329005 54332542.165849 0.0 0.0 1216.437984695637 3.199999998844195 0.0 0.0
637.0 54332542.165849 54332543.786368996 54332545.406889 0.0 0.0 1216.437984695637 3.199999998844195 0.0 0.0
638.0 54332545.406889 54332547.027409 54332548.647929 0.0 0.0 1216.437984695637 3.199999998844195 0.0 0.0
639.0 54332548.647929 54332550.26844899 54332551.888969 1.0 1.0 1216.437984695637 3.199999998844195 0.3125000001128716 0.3125000001128716
640.0 54332551.888969 54332553.509489 54332555.130008996 0.0 0.0 1216.437984695637 3.199999998844195 0.0 0.0
641.0 54332555.130009 54332556.750529006 54332558.371049 1.0 1.0 1216.437984695637 3.199999998844195 0.3125000001128716 0.3125000001128716
642.0 54332558.371049 54332559.991569 54332561.612089 1.0 1.0 1216.437984695637 3.199999998844195 0.3125000001128716 0.3125000001128716
643.0 54332561.612089 54332563.232609004 54332564.853129 0.0 0.0 1216.437984695637 3.199999998844195 0.0 0.0
644.0 54332564.853129 54332566.473648995 54332568.094169 0.0 0.0 1216.437984695637 3.199999998844195 0.0 0.0
645.0 54332568.094169 54332569.714689 54332571.335209 0.0 0.0 1216.437984695637 3.199999998844195 0.0 0.0
646.0 54332571.335209 54332572.95572899 54332574.576248996 1.0 1.0 1216.437984695637 3.199999998844195 0.3125000001128716 0.3125000001128716
647.0 54332574.576248996 54332576.196769 54332577.817288995 0.0 0.0 1216.437984695637 3.199999998844195 0.0 0.0
648.0 54332577.817289 54332579.437809005 54332581.058329 1.0 1.0 1216.437984695637 3.199999998844195 0.3125000001128716 0.3125000001128716
649.0 54332581.058329 54332582.678849 54332584.299369 4.0 2.0 1216.437984695637 3.199999998844195 1.2500000004514864 0.6250000002257432
650.0 54332584.299369 54332585.919889 54332587.540409 0.0 0.0 1216.437984695637 3.199999998844195 0.0 0.0
651.0 54332587.540409 54332589.160928994 54332590.781449 1.0 1.0 1216.437984695637 3.199999998844195 0.3125000001128716 0.3125000001128716
652.0 54332590.781449 54332592.401969 54332594.022489 0.0 0.0 1216.437984695637 3.199999998844195 0.0 0.0
653.0 54332594.022489 54332595.64300899 54332597.263528995 0.0 0.0 1216.437984695637 3.199999998844195 0.0 0.0
654.0 54332597.263529 54332598.884049 54332600.504569 0.0 0.0 1216.437984695637 3.199999998844195 0.0 0.0
655.0 54332600.504569 54332602.125089005 54332603.745609 1.0 1.0 1216.437984695637 3.199999998844195 0.3125000001128716 0.3125000001128716
656.0 54332603.745609 54332605.366128996 54332606.986649 0.0 0.0 1216.437984695637 3.199999998844195 0.0 0.0
657.0 54332606.986649 54332608.607169 54332610.227689 0.0 0.0 1216.437984695637 3.199999998844195 0.0 0.0
658.0 54332610.227689 54332611.84820899 54332613.468729 0.0 0.0 1216.437984695637 3.199999998844195 0.0 0.0
659.0 54332613.468729 54332615.089249 54332616.709768996 0.0 0.0 1216.437984695637 3.199999998844195 0.0 0.0
660.0 54332616.709769 54332618.330289006 54332619.950809 1.0 1.0 1216.437984695637 3.199999998844195 0.3125000001128716 0.3125000001128716
661.0 54332619.950809 54332621.571329 54332623.191849 1.0 1.0 1216.437984695637 3.199999998844195 0.3125000001128716 0.3125000001128716
662.0 54332623.191849 54332624.812369004 54332626.432889 1.0 1.0 1216.437984695637 3.199999998844195 0.3125000001128716 0.3125000001128716
663.0 54332626.432889 54332628.053408995 54332629.673929 0.0 0.0 1216.437984695637 3.199999998844195 0.0 0.0
664.0 54332629.673929 54332631.294449 54332632.914969 0.0 0.0 1216.437984695637 3.199999998844195 0.0 0.0
665.0 54332632.914969 54332634.53548899 54332636.156008996 0.0 0.0 1216.437984695637 3.199999998844195 0.0 0.0
666.0 54332636.156008996 54332637.776529 54332639.397048995 0.0 0.0 1216.437984695637 3.199999998844195 0.0 0.0
667.0 54332639.397049 54332641.017569005 54332642.638089 1.0 1.0 1216.437984695637 3.199999998844195 0.3125000001128716 0.3125000001128716
668.0 54332642.638089 54332644.258609 54332645.879129 0.0 0.0 1216.437984695637 3.199999998844195 0.0 0.0
669.0 54332645.879129 54332647.499649 54332649.120169 0.0 0.0 1216.437984695637 3.199999998844195 0.0 0.0
670.0 54332649.120169 54332650.740688995 54332652.361209 0.0 0.0 1216.437984695637 3.199999998844195 0.0 0.0
671.0 54332652.361209 54332653.981729 54332655.602249 0.0 0.0 1216.437984695637 3.199999998844195 0.0 0.0
672.0 54332655.602249 54332657.22276899 54332658.843288995 0.0 0.0 1216.437984695637 3.199999998844195 0.0 0.0
673.0 54332658.843289 54332660.463809 54332662.084329 0.0 0.0 1216.437984695637 3.199999998844195 0.0 0.0
674.0 54332662.084329 54332663.704849005 54332665.325369 0.0 0.0 1216.437984695637 3.199999998844195 0.0 0.0
675.0 54332665.325369 54332666.945888996 54332668.566409 1.0 1.0 1216.437984695637 3.199999998844195 0.3125000001128716 0.3125000001128716
676.0 54332668.566409 54332670.186929 54332671.807449 1.0 1.0 1216.437984695637 3.199999998844195 0.3125000001128716 0.3125000001128716
677.0 54332671.807449 54332673.427968994 54332675.048489 0.0 0.0 1216.437984695637 3.199999998844195 0.0 0.0
678.0 54332675.048489 54332676.669009 54332678.289528996 0.0 0.0 1216.437984695637 3.199999998844195 0.0 0.0
679.0 54332678.289529 54332679.91004901 54332681.530569 0.0 0.0 1216.437984695637 3.199999998844195 0.0 0.0
680.0 54332681.530569 54332683.151089 54332684.771609 1.0 1.0 1216.437984695637 3.199999998844195 0.3125000001128716 0.3125000001128716
681.0 54332684.771609 54332686.392129004 54332688.012649 0.0 0.0 1216.437984695637 3.199999998844195 0.0 0.0
682.0 54332688.012649 54332689.633168995 54332691.253689 0.0 0.0 1216.437984695637 3.199999998844195 0.0 0.0
683.0 54332691.253689 54332692.874209 54332694.494729 0.0 0.0 1216.437984695637 3.199999998844195 0.0 0.0
684.0 54332694.494729 54332696.11524899 54332697.735768996 2.0 1.4142135623730951 1216.437984695637 3.199999998844195 0.6250000002257432 0.44194173840121675
685.0 54332697.735768996 54332699.356289 54332700.976808995 0.0 0.0 1216.437984695637 3.199999998844195 0.0 0.0
686.0 54332700.976809 54332702.597329006 54332704.217849 1.0 1.0 1216.437984695637 3.199999998844195 0.3125000001128716 0.3125000001128716
687.0 54332704.217849 54332705.838369 54332707.458889 0.0 0.0 1216.437984695637 3.199999998844195 0.0 0.0
688.0 54332707.458889 54332709.079409 54332710.699929 0.0 0.0 1216.437984695637 3.199999998844195 0.0 0.0
689.0 54332710.699929 54332712.320448995 54332713.940969 0.0 0.0 1216.437984695637 3.199999998844195 0.0 0.0
690.0 54332713.940969 54332715.561489 54332717.182009 1.0 1.0 1216.437984695637 3.199999998844195 0.3125000001128716 0.3125000001128716
691.0 54332717.182009 54332718.80252899 54332720.423048995 1.0 1.0 1216.437984695637 3.199999998844195 0.3125000001128716 0.3125000001128716
692.0 54332720.423049 54332722.043569 54332723.664089 1.0 1.0 1216.437984695637 3.199999998844195 0.3125000001128716 0.3125000001128716
693.0 54332723.664089 54332725.284609005 54332726.905129 0.0 0.0 1216.437984695637 3.199999998844195 0.0 0.0
694.0 54332726.905129 54332728.525648996 54332730.146169 0.0 0.0 1216.437984695637 3.199999998844195 0.0 0.0
695.0 54332730.146169 54332731.766689 54332733.387209 0.0 0.0 1216.437984695637 3.199999998844195 0.0 0.0
696.0 54332733.387209 54332735.007728994 54332736.628249 0.0 0.0 1216.437984695637 3.199999998844195 0.0 0.0
697.0 54332736.628249 54332738.248769 54332739.869288996 1.0 1.0 1216.437984695637 3.199999998844195 0.3125000001128716 0.3125000001128716
698.0 54332739.869289 54332741.48980901 54332743.110329 0.0 0.0 1216.437984695637 3.199999998844195 0.0 0.0
699.0 54332743.110329 54332744.730849 54332746.351369 0.0 0.0 1216.437984695637 3.199999998844195 0.0 0.0
700.0 54332746.351369 54332747.971889004 54332749.592409 1.0 1.0 1216.437984695637 3.199999998844195 0.3125000001128716 0.3125000001128716
701.0 54332749.592409 54332751.212928995 54332752.833449 0.0 0.0 1216.437984695637 3.199999998844195 0.0 0.0
702.0 54332752.833449 54332754.453969 54332756.074489 0.0 0.0 1216.437984695637 3.199999998844195 0.0 0.0
703.0 54332756.074489 54332757.69500899 54332759.315529 0.0 0.0 1216.437984695637 3.199999998844195 0.0 0.0
704.0 54332759.315529 54332760.936049 54332762.556568995 0.0 0.0 1216.437984695637 3.199999998844195 0.0 0.0
705.0 54332762.556569 54332764.177089006 54332765.797609 1.0 1.0 1216.437984695637 3.199999998844195 0.3125000001128716 0.3125000001128716
706.0 54332765.797609 54332767.418129 54332769.038649 0.0 0.0 1216.437984695637 3.199999998844195 0.0 0.0
707.0 54332769.038649 54332770.659169 54332772.279689 0.0 0.0 1216.437984695637 3.199999998844195 0.0 0.0
708.0 54332772.279689 54332773.900208995 54332775.520729 0.0 0.0 1216.437984695637 3.199999998844195 0.0 0.0
709.0 54332775.520729 54332777.141249 54332778.761769 0.0 0.0 1216.437984695637 3.199999998844195 0.0 0.0
710.0 54332778.761769 54332780.38228899 54332782.002808996 0.0 0.0 1216.437984695637 3.199999998844195 0.0 0.0
711.0 54332782.002809 54332783.623329 54332785.243849 0.0 0.0 1216.437984695637 3.199999998844195 0.0 0.0
712.0 54332785.243849 54332786.864369005 54332788.484889 0.0 0.0 1216.437984695637 3.199999998844195 0.0 0.0
713.0 54332788.484889 54332790.105409 54332791.725929 0.0 0.0 1216.437984695637 3.199999998844195 0.0 0.0
714.0 54332791.725929 54332793.346449 54332794.966969 0.0 0.0 1216.437984695637 3.199999998844195 0.0 0.0
715.0 54332794.966969 54332796.587488994 54332798.208009 0.0 0.0 1216.437984695637 3.199999998844195 0.0 0.0
716.0 54332798.208009 54332799.828529 54332801.449048996 0.0 0.0 1216.437984695637 3.199999998844195 0.0 0.0
717.0 54332801.449048996 54332803.06956899 54332804.690088995 0.0 0.0 1216.437984695637 3.199999998844195 0.0 0.0
718.0 54332804.690089 54332806.310609 54332807.931129 1.0 1.0 1216.437984695637 3.199999998844195 0.3125000001128716 0.3125000001128716
719.0 54332807.931129 54332809.551649004 54332811.172169 1.0 1.0 1216.437984695637 3.199999998844195 0.3125000001128716 0.3125000001128716
720.0 54332811.172169 54332812.792688996 54332814.413209 0.0 0.0 1216.437984695637 3.199999998844195 0.0 0.0
721.0 54332814.413209 54332816.033729 54332817.654249 1.0 1.0 1216.437984695637 3.199999998844195 0.3125000001128716 0.3125000001128716
722.0 54332817.654249 54332819.27476899 54332820.895289 0.0 0.0 1216.437984695637 3.199999998844195 0.0 0.0
723.0 54332820.895289 54332822.515809 54332824.136328995 0.0 0.0 1216.437984695637 3.199999998844195 0.0 0.0
724.0 54332824.136329 54332825.756849006 54332827.377369 0.0 0.0 1216.437984695637 3.199999998844195 0.0 0.0
725.0 54332827.377369 54332828.997889 54332830.618409 1.0 1.0 1216.437984695637 3.199999998844195 0.3125000001128716 0.3125000001128716
726.0 54332830.618409 54332832.238929 54332833.859449 0.0 0.0 1216.437984695637 3.199999998844195 0.0 0.0
727.0 54332833.859449 54332835.479968995 54332837.100489 0.0 0.0 1216.437984695637 3.199999998844195 0.0 0.0
728.0 54332837.100489 54332838.721009 54332840.341529 0.0 0.0 1216.437984695637 3.199999998844195 0.0 0.0
729.0 54332840.341529 54332841.96204899 54332843.582568996 0.0 0.0 1216.437984695637 3.199999998844195 0.0 0.0
730.0 54332843.582569 54332845.203089 54332846.823609 0.0 0.0 1216.437984695637 3.199999998844195 0.0 0.0
731.0 54332846.823609 54332848.444129005 54332850.064649 0.0 0.0 1216.437984695637 3.199999998844195 0.0 0.0
732.0 54332850.064649 54332851.685169 54332853.305689 2.0 1.4142135623730951 1216.437984695637 3.199999998844195 0.6250000002257432 0.44194173840121675
733.0 54332853.305689 54332854.926209 54332856.546729 1.0 1.0 1216.437984695637 3.199999998844195 0.3125000001128716 0.3125000001128716
734.0 54332856.546729 54332858.167248994 54332859.787769 0.0 0.0 1216.437984695637 3.199999998844195 0.0 0.0
735.0 54332859.787769 54332861.408289 54332863.028808996 0.0 0.0 1216.437984695637 3.199999998844195 0.0 0.0
736.0 54332863.028808996 54332864.64932899 54332866.269848995 0.0 0.0 1216.437984695637 3.199999998844195 0.0 0.0
737.0 54332866.269849 54332867.890369 54332869.510889 0.0 0.0 1216.437984695637 3.199999998844195 0.0 0.0
738.0 54332869.510889 54332871.131409004 54332872.751929 1.0 1.0 1216.437984695637 3.199999998844195 0.3125000001128716 0.3125000001128716
739.0 54332872.751929 54332874.372448996 54332875.992969 0.0 0.0 1216.437984695637 3.199999998844195 0.0 0.0
740.0 54332875.992969 54332877.613489 54332879.234009 0.0 0.0 1216.437984695637 3.199999998844195 0.0 0.0
741.0 54332879.234009 54332880.85452899 54332882.475049 1.0 1.0 1216.437984695637 3.199999998844195 0.3125000001128716 0.3125000001128716
742.0 54332882.475049 54332884.095569 54332885.716088995 0.0 0.0 1216.437984695637 3.199999998844195 0.0 0.0
743.0 54332885.716089 54332887.336609006 54332888.957129 2.0 1.4142135623730951 1216.437984695637 3.199999998844195 0.6250000002257432 0.44194173840121675
744.0 54332888.957129 54332890.577649 54332892.198169 0.0 0.0 1216.437984695637 3.199999998844195 0.0 0.0
745.0 54332892.198169 54332893.818689 54332895.439209 0.0 0.0 1216.437984695637 3.199999998844195 0.0 0.0
746.0 54332895.439209 54332897.059728995 54332898.680249 1.0 1.0 1216.437984695637 3.199999998844195 0.3125000001128716 0.3125000001128716
747.0 54332898.680249 54332900.300769 54332901.921289 0.0 0.0 1216.437984695637 3.199999998844195 0.0 0.0
748.0 54332901.921289 54332903.54180899 54332905.162328996 0.0 0.0 1216.437984695637 3.199999998844195 0.0 0.0
749.0 54332905.162329 54332906.782849 54332908.403369 1.0 1.0 1216.437984695637 3.199999998844195 0.3125000001128716 0.3125000001128716
750.0 54332908.403369 54332910.023889005 54332911.644409 1.0 1.0 1216.437984695637 3.199999998844195 0.3125000001128716 0.3125000001128716
751.0 54332911.644409 54332913.264929 54332914.885449 0.0 0.0 1216.437984695637 3.199999998844195 0.0 0.0
752.0 54332914.885449 54332916.505969 54332918.126489 1.0 1.0 1216.437984695637 3.199999998844195 0.3125000001128716 0.3125000001128716
753.0 54332918.126489 54332919.747008994 54332921.367529 1.0 1.0 1216.437984695637 3.199999998844195 0.3125000001128716 0.3125000001128716
754.0 54332921.367529 54332922.988049 54332924.608568996 0.0 0.0 1216.437984695637 3.199999998844195 0.0 0.0
755.0 54332924.608568996 54332926.22908899 54332927.849608995 0.0 0.0 1216.437984695637 3.199999998844195 0.0 0.0
756.0 54332927.849609 54332929.470129 54332931.090649 0.0 0.0 1216.437984695637 3.199999998844195 0.0 0.0
757.0 54332931.090649 54332932.711169004 54332934.331689 0.0 0.0 1216.437984695637 3.199999998844195 0.0 0.0
758.0 54332934.331689 54332935.952208996 54332937.572729 0.0 0.0 1216.437984695637 3.199999998844195 0.0 0.0
759.0 54332937.572729 54332939.193249 54332940.813769 0.0 0.0 1216.437984695637 3.199999998844195 0.0 0.0
760.0 54332940.813769 54332942.43428899 54332944.054809 1.0 1.0 1216.437984695637 3.199999998844195 0.3125000001128716 0.3125000001128716
761.0 54332944.054809 54332945.675329 54332947.295848995 0.0 0.0 1216.437984695637 3.199999998844195 0.0 0.0
762.0 54332947.295849 54332948.916369006 54332950.536889 0.0 0.0 1216.437984695637 3.199999998844195 0.0 0.0
763.0 54332950.536889 54332952.157409 54332953.777929 0.0 0.0 1216.437984695637 3.199999998844195 0.0 0.0
764.0 54332953.777929 54332955.398449 54332957.018969 0.0 0.0 1216.437984695637 3.199999998844195 0.0 0.0
765.0 54332957.018969 54332958.639488995 54332960.260009 0.0 0.0 1216.437984695637 3.199999998844195 0.0 0.0
766.0 54332960.260009 54332961.880529 54332963.501049 0.0 0.0 1216.437984695637 3.199999998844195 0.0 0.0
767.0 54332963.501049 54332965.12156899 54332966.742088996 1.0 1.0 1216.437984695637 3.199999998844195 0.3125000001128716 0.3125000001128716
768.0 54332966.742089 54332968.362609 54332969.983129 0.0 0.0 1216.437984695637 3.199999998844195 0.0 0.0
769.0 54332969.983129 54332971.603649005 54332973.224169 0.0 0.0 1216.437984695637 3.199999998844195 0.0 0.0
770.0 54332973.224169 54332974.844689 54332976.465209 0.0 0.0 1216.437984695637 3.199999998844195 0.0 0.0
771.0 54332976.465209 54332978.085729 54332979.706249 0.0 0.0 1216.437984695637 3.199999998844195 0.0 0.0
772.0 54332979.706249 54332981.326768994 54332982.947289 0.0 0.0 1216.437984695637 3.199999998844195 0.0 0.0
773.0 54332982.947289 54332984.567809 54332986.188329 0.0 0.0 1216.437984695637 3.199999998844195 0.0 0.0
774.0 54332986.188329 54332987.80884899 54332989.429368995 0.0 0.0 1216.437984695637 3.199999998844195 0.0 0.0
775.0 54332989.429369 54332991.049889 54332992.670409 1.0 1.0 1216.437984695637 3.199999998844195 0.3125000001128716 0.3125000001128716
776.0 54332992.670409 54332994.290929005 54332995.911449 0.0 0.0 1216.437984695637 3.199999998844195 0.0 0.0
777.0 54332995.911449 54332997.531968996 54332999.152489 0.0 0.0 1216.437984695637 3.199999998844195 0.0 0.0
778.0 54332999.152489 54333000.773009 54333002.393529 1.0 1.0 1216.437984695637 3.199999998844195 0.3125000001128716 0.3125000001128716
779.0 54333002.393529 54333004.01404899 54333005.634569 1.0 1.0 1216.437984695637 3.199999998844195 0.3125000001128716 0.3125000001128716
780.0 54333005.634569 54333007.255089 54333008.875608996 0.0 0.0 1216.437984695637 3.199999998844195 0.0 0.0
781.0 54333008.875609 54333010.496129006 54333012.116649 0.0 0.0 1216.437984695637 3.199999998844195 0.0 0.0
782.0 54333012.116649 54333013.737169 54333015.357689 0.0 0.0 1216.437984695637 3.199999998844195 0.0 0.0
783.0 54333015.357689 54333016.978209004 54333018.598729 0.0 0.0 1216.437984695637 3.199999998844195 0.0 0.0
784.0 54333018.598729 54333020.219248995 54333021.839769 0.0 0.0 1216.437984695637 3.199999998844195 0.0 0.0
785.0 54333021.839769 54333023.460289 54333025.080809 0.0 0.0 1216.437984695637 3.199999998844195 0.0 0.0
786.0 54333025.080809 54333026.70132899 54333028.321848996 1.0 1.0 1216.437984695637 3.199999998844195 0.3125000001128716 0.3125000001128716
787.0 54333028.321848996 54333029.942369 54333031.562888995 0.0 0.0 1216.437984695637 3.199999998844195 0.0 0.0
788.0 54333031.562889 54333033.183409005 54333034.803929 0.0 0.0 1216.437984695637 3.199999998844195 0.0 0.0
789.0 54333034.803929 54333036.424449 54333038.044969 0.0 0.0 1216.437984695637 3.199999998844195 0.0 0.0
790.0 54333038.044969 54333039.665489 54333041.286009 1.0 1.0 1216.437984695637 3.199999998844195 0.3125000001128716 0.3125000001128716
791.0 54333041.286009 54333042.906528994 54333044.527049 0.0 0.0 1216.437984695637 3.199999998844195 0.0 0.0
792.0 54333044.527049 54333046.147569 54333047.768089 0.0 0.0 1216.437984695637 3.199999998844195 0.0 0.0
793.0 54333047.768089 54333049.38860899 54333051.009128995 0.0 0.0 1216.437984695637 3.199999998844195 0.0 0.0
794.0 54333051.009129 54333052.629649 54333054.250169 0.0 0.0 1216.437984695637 3.199999998844195 0.0 0.0
795.0 54333054.250169 54333055.870689005 54333057.491209 1.0 1.0 1216.437984695637 3.199999998844195 0.3125000001128716 0.3125000001128716
796.0 54333057.491209 54333059.111728996 54333060.732249 0.0 0.0 1216.437984695637 3.199999998844195 0.0 0.0
797.0 54333060.732249 54333062.352769 54333063.973289 0.0 0.0 1216.437984695637 3.199999998844195 0.0 0.0
798.0 54333063.973289 54333065.59380899 54333067.214329 1.0 1.0 1216.437984695637 3.199999998844195 0.3125000001128716 0.3125000001128716
799.0 54333067.214329 54333068.834849 54333070.455368996 0.0 0.0 1216.437984695637 3.199999998844195 0.0 0.0
800.0 54333070.455369 54333072.075889006 54333073.696409 2.0 1.4142135623730951 1216.437984695637 3.199999998844195 0.6250000002257432 0.44194173840121675
801.0 54333073.696409 54333075.316929 54333076.937449 0.0 0.0 1216.437984695637 3.199999998844195 0.0 0.0
802.0 54333076.937449 54333078.557969004 54333080.178489 0.0 0.0 1216.437984695637 3.199999998844195 0.0 0.0
803.0 54333080.178489 54333081.799008995 54333083.419529 0.0 0.0 1216.437984695637 3.199999998844195 0.0 0.0
804.0 54333083.419529 54333085.040049 54333086.660569 0.0 0.0 1216.437984695637 3.199999998844195 0.0 0.0
805.0 54333086.660569 54333088.28108899 54333089.901608996 0.0 0.0 1216.437984695637 3.199999998844195 0.0 0.0
806.0 54333089.901608996 54333091.522129 54333093.142648995 0.0 0.0 1216.437984695637 3.199999998844195 0.0 0.0
807.0 54333093.142649 54333094.763169006 54333096.383689 0.0 0.0 1216.437984695637 3.199999998844195 0.0 0.0
808.0 54333096.383689 54333098.004209 54333099.624729 0.0 0.0 1216.437984695637 3.199999998844195 0.0 0.0
809.0 54333099.624729 54333101.245249 54333102.865769 0.0 0.0 1216.437984695637 3.199999998844195 0.0 0.0
810.0 54333102.865769 54333104.486288995 54333106.106809 0.0 0.0 1216.437984695637 3.199999998844195 0.0 0.0
811.0 54333106.106809 54333107.727329 54333109.347849 0.0 0.0 1216.437984695637 3.199999998844195 0.0 0.0
812.0 54333109.347849 54333110.96836899 54333112.588888995 0.0 0.0 1216.437984695637 3.199999998844195 0.0 0.0
813.0 54333112.588889 54333114.209409 54333115.829929 0.0 0.0 1216.437984695637 3.199999998844195 0.0 0.0
814.0 54333115.829929 54333117.450449005 54333119.070969 0.0 0.0 1216.437984695637 3.199999998844195 0.0 0.0
815.0 54333119.070969 54333120.691488996 54333122.312009 1.0 1.0 1216.437984695637 3.199999998844195 0.3125000001128716 0.3125000001128716
816.0 54333122.312009 54333123.932529 54333125.553049 0.0 0.0 1216.437984695637 3.199999998844195 0.0 0.0
817.0 54333125.553049 54333127.173568994 54333128.794089 1.0 1.0 1216.437984695637 3.199999998844195 0.3125000001128716 0.3125000001128716
818.0 54333128.794089 54333130.414609 54333132.035128996 0.0 0.0 1216.437984695637 3.199999998844195 0.0 0.0
819.0 54333132.035129 54333133.65564901 54333135.276169 0.0 0.0 1216.437984695637 3.199999998844195 0.0 0.0
820.0 54333135.276169 54333136.896689 54333138.517209 0.0 0.0 1216.437984695637 3.199999998844195 0.0 0.0
821.0 54333138.517209 54333140.137729004 54333141.758249 0.0 0.0 1216.437984695637 3.199999998844195 0.0 0.0
822.0 54333141.758249 54333143.378768995 54333144.999289 1.0 1.0 1216.437984695637 3.199999998844195 0.3125000001128716 0.3125000001128716
823.0 54333144.999289 54333146.619809 54333148.240329 0.0 0.0 1216.437984695637 3.199999998844195 0.0 0.0
824.0 54333148.240329 54333149.86084899 54333151.481368996 0.0 0.0 1216.437984695637 3.199999998844195 0.0 0.0
825.0 54333151.481368996 54333153.101889 54333154.722408995 0.0 0.0 1216.437984695637 3.199999998844195 0.0 0.0
826.0 54333154.722409 54333156.342929006 54333157.963449 1.0 1.0 1216.437984695637 3.199999998844195 0.3125000001128716 0.3125000001128716
827.0 54333157.963449 54333159.583969 54333161.204489 0.0 0.0 1216.437984695637 3.199999998844195 0.0 0.0
828.0 54333161.204489 54333162.825009 54333164.445529 0.0 0.0 1216.437984695637 3.199999998844195 0.0 0.0
829.0 54333164.445529 54333166.066048995 54333167.686569 0.0 0.0 1216.437984695637 3.199999998844195 0.0 0.0
830.0 54333167.686569 54333169.307089 54333170.927609 0.0 0.0 1216.437984695637 3.199999998844195 0.0 0.0
831.0 54333170.927609 54333172.54812899 54333174.168648995 0.0 0.0 1216.437984695637 3.199999998844195 0.0 0.0
832.0 54333174.168649 54333175.789169 54333177.409689 0.0 0.0 1216.437984695637 3.199999998844195 0.0 0.0
833.0 54333177.409689 54333179.030209005 54333180.650729 1.0 1.0 1216.437984695637 3.199999998844195 0.3125000001128716 0.3125000001128716
834.0 54333180.650729 54333182.271248996 54333183.891769 0.0 0.0 1216.437984695637 3.199999998844195 0.0 0.0
835.0 54333183.891769 54333185.512289 54333187.132809 0.0 0.0 1216.437984695637 3.199999998844195 0.0 0.0
836.0 54333187.132809 54333188.753328994 54333190.373849 1.0 1.0 1216.437984695637 3.199999998844195 0.3125000001128716 0.3125000001128716
837.0 54333190.373849 54333191.994369 54333193.614888996 0.0 0.0 1216.437984695637 3.199999998844195 0.0 0.0
838.0 54333193.614889 54333195.23540901 54333196.855929 0.0 0.0 1216.437984695637 3.199999998844195 0.0 0.0
839.0 54333196.855929 54333198.476449 54333200.096969 0.0 0.0 1216.437984695637 3.199999998844195 0.0 0.0
840.0 54333200.096969 54333201.717489004 54333203.338009 0.0 0.0 1216.437984695637 3.199999998844195 0.0 0.0
841.0 54333203.338009 54333204.958528996 54333206.579049 0.0 0.0 1216.437984695637 3.199999998844195 0.0 0.0
842.0 54333206.579049 54333208.199569 54333209.820089 0.0 0.0 1216.437984695637 3.199999998844195 0.0 0.0
843.0 54333209.820089 54333211.44060899 54333213.061129 0.0 0.0 1216.437984695637 3.199999998844195 0.0 0.0
844.0 54333213.061129 54333214.681649 54333216.302168995 0.0 0.0 1216.437984695637 3.199999998844195 0.0 0.0
845.0 54333216.302169 54333217.922689006 54333219.543209 0.0 0.0 1216.437984695637 3.199999998844195 0.0 0.0
846.0 54333219.543209 54333221.163729 54333222.784249 0.0 0.0 1216.437984695637 3.199999998844195 0.0 0.0
847.0 54333222.784249 54333224.404769 54333226.025289 0.0 0.0 1216.437984695637 3.199999998844195 0.0 0.0
848.0 54333226.025289 54333227.645808995 54333229.266329 0.0 0.0 1216.437984695637 3.199999998844195 0.0 0.0
849.0 54333229.266329 54333230.886849 54333232.507369 0.0 0.0 1216.437984695637 3.199999998844195 0.0 0.0
850.0 54333232.507369 54333234.12788899 54333235.748408996 0.0 0.0 1216.437984695637 3.199999998844195 0.0 0.0
851.0 54333235.748409 54333237.368929 54333238.989449 0.0 0.0 1216.437984695637 3.199999998844195 0.0 0.0
852.0 54333238.989449 54333240.609969005 54333242.230489 0.0 0.0 1216.437984695637 3.199999998844195 0.0 0.0
853.0 54333242.230489 54333243.851009 54333245.471529 0.0 0.0 1216.437984695637 3.199999998844195 0.0 0.0
854.0 54333245.471529 54333247.092049 54333248.712569 0.0 0.0 1216.437984695637 3.199999998844195 0.0 0.0
855.0 54333248.712569 54333250.333088994 54333251.953609 0.0 0.0 1216.437984695637 3.199999998844195 0.0 0.0
856.0 54333251.953609 54333253.574129 54333255.194648996 0.0 0.0 1216.437984695637 3.199999998844195 0.0 0.0
857.0 54333255.194648996 54333256.81516899 54333258.435688995 0.0 0.0 1216.437984695637 3.199999998844195 0.0 0.0
858.0 54333258.435689 54333260.056209 54333261.676729 1.0 1.0 1216.437984695637 3.199999998844195 0.3125000001128716 0.3125000001128716
859.0 54333261.676729 54333263.297249004 54333264.917769 1.0 1.0 1216.437984695637 3.199999998844195 0.3125000001128716 0.3125000001128716
860.0 54333264.917769 54333266.538288996 54333268.158809 0.0 0.0 1216.437984695637 3.199999998844195 0.0 0.0
861.0 54333268.158809 54333269.779329 54333271.399849 1.0 1.0 1216.437984695637 3.199999998844195 0.3125000001128716 0.3125000001128716
862.0 54333271.399849 54333273.02036899 54333274.640889 0.0 0.0 1216.437984695637 3.199999998844195 0.0 0.0
863.0 54333274.640889 54333276.261409 54333277.881928995 0.0 0.0 1216.437984695637 3.199999998844195 0.0 0.0
864.0 54333277.881929 54333279.502449006 54333281.122969 1.0 1.0 1216.437984695637 3.199999998844195 0.3125000001128716 0.3125000001128716
865.0 54333281.122969 54333282.743489 54333284.364009 0.0 0.0 1216.437984695637 3.199999998844195 0.0 0.0
866.0 54333284.364009 54333285.984529 54333287.605049 0.0 0.0 1216.437984695637 3.199999998844195 0.0 0.0
867.0 54333287.605049 54333289.225568995 54333290.846089 0.0 0.0 1216.437984695637 3.199999998844195 0.0 0.0
868.0 54333290.846089 54333292.466609 54333294.087129 0.0 0.0 1216.437984695637 3.199999998844195 0.0 0.0
869.0 54333294.087129 54333295.70764899 54333297.328168996 1.0 1.0 1216.437984695637 3.199999998844195 0.3125000001128716 0.3125000001128716
870.0 54333297.328169 54333298.948689 54333300.569209 0.0 0.0 1216.437984695637 3.199999998844195 0.0 0.0
871.0 54333300.569209 54333302.189729005 54333303.810249 1.0 1.0 1216.437984695637 3.199999998844195 0.3125000001128716 0.3125000001128716
872.0 54333303.810249 54333305.430769 54333307.051289 0.0 0.0 1216.437984695637 3.199999998844195 0.0 0.0
873.0 54333307.051289 54333308.671809 54333310.292329 0.0 0.0 1216.437984695637 3.199999998844195 0.0 0.0
874.0 54333310.292329 54333311.912848994 54333313.533369 0.0 0.0 1216.437984695637 3.199999998844195 0.0 0.0
875.0 54333313.533369 54333315.153889 54333316.774408996 0.0 0.0 1216.437984695637 3.199999998844195 0.0 0.0
876.0 54333316.774408996 54333318.39492899 54333320.015448995 1.0 1.0 1216.437984695637 3.199999998844195 0.3125000001128716 0.3125000001128716
877.0 54333320.015449 54333321.635969 54333323.256489 1.0 1.0 1216.437984695637 3.199999998844195 0.3125000001128716 0.3125000001128716
878.0 54333323.256489 54333324.877009004 54333326.497529 1.0 1.0 1216.437984695637 3.199999998844195 0.3125000001128716 0.3125000001128716
879.0 54333326.497529 54333328.118048996 54333329.738569 0.0 0.0 1216.437984695637 3.199999998844195 0.0 0.0
880.0 54333329.738569 54333331.359089 54333332.979609 0.0 0.0 1216.437984695637 3.199999998844195 0.0 0.0
881.0 54333332.979609 54333334.60012899 54333336.220649 0.0 0.0 1216.437984695637 3.199999998844195 0.0 0.0
882.0 54333336.220649 54333337.841169 54333339.461688995 0.0 0.0 1216.437984695637 3.199999998844195 0.0 0.0
883.0 54333339.461689 54333341.082209006 54333342.702729 0.0 0.0 1216.437984695637 3.199999998844195 0.0 0.0
884.0 54333342.702729 54333344.323249 54333345.943769 0.0 0.0 1216.437984695637 3.199999998844195 0.0 0.0
885.0 54333345.943769 54333347.564289 54333349.184809 0.0 0.0 1216.437984695637 3.199999998844195 0.0 0.0
886.0 54333349.184809 54333350.805328995 54333352.425849 0.0 0.0 1216.437984695637 3.199999998844195 0.0 0.0
887.0 54333352.425849 54333354.046369 54333355.666889 0.0 0.0 1216.437984695637 3.199999998844195 0.0 0.0
888.0 54333355.666889 54333357.28740899 54333358.907928996 0.0 0.0 1216.437984695637 3.199999998844195 0.0 0.0
889.0 54333358.907929 54333360.528449 54333362.148969 0.0 0.0 1216.437984695637 3.199999998844195 0.0 0.0
890.0 54333362.148969 54333363.769489005 54333365.390009 0.0 0.0 1216.437984695637 3.199999998844195 0.0 0.0
891.0 54333365.390009 54333367.010529 54333368.631049 1.0 1.0 1216.437984695637 3.199999998844195 0.3125000001128716 0.3125000001128716
892.0 54333368.631049 54333370.251569 54333371.872089 0.0 0.0 1216.437984695637 3.199999998844195 0.0 0.0
893.0 54333371.872089 54333373.492608994 54333375.113129 0.0 0.0 1216.437984695637 3.199999998844195 0.0 0.0
894.0 54333375.113129 54333376.733649 54333378.354168996 0.0 0.0 1216.437984695637 3.199999998844195 0.0 0.0
895.0 54333378.354168996 54333379.97468899 54333381.595208995 0.0 0.0 1216.437984695637 3.199999998844195 0.0 0.0
896.0 54333381.595209 54333383.215729 54333384.836249 1.0 1.0 1216.437984695637 3.199999998844195 0.3125000001128716 0.3125000001128716
897.0 54333384.836249 54333386.456769004 54333388.077289 0.0 0.0 1216.437984695637 3.199999998844195 0.0 0.0
898.0 54333388.077289 54333389.697808996 54333391.318329 0.0 0.0 1216.437984695637 3.199999998844195 0.0 0.0
899.0 54333391.318329 54333392.938849 54333394.559369 0.0 0.0 1216.437984695637 3.199999998844195 0.0 0.0
900.0 54333394.559369 54333396.17988899 54333397.800409 1.0 1.0 1216.437984695637 3.199999998844195 0.3125000001128716 0.3125000001128716
901.0 54333397.800409 54333399.420929 54333401.041448995 0.0 0.0 1216.437984695637 3.199999998844195 0.0 0.0
902.0 54333401.041449 54333402.661969006 54333404.282489 1.0 1.0 1216.437984695637 3.199999998844195 0.3125000001128716 0.3125000001128716
903.0 54333404.282489 54333405.903009 54333407.523529 0.0 0.0 1216.437984695637 3.199999998844195 0.0 0.0
904.0 54333407.523529 54333409.144049 54333410.764569 0.0 0.0 1216.437984695637 3.199999998844195 0.0 0.0
905.0 54333410.764569 54333412.385088995 54333414.005609 0.0 0.0 1216.437984695637 3.199999998844195 0.0 0.0
906.0 54333414.005609 54333415.626129 54333417.246649 0.0 0.0 1216.437984695637 3.199999998844195 0.0 0.0
907.0 54333417.246649 54333418.86716899 54333420.487688996 0.0 0.0 1216.437984695637 3.199999998844195 0.0 0.0
908.0 54333420.487689 54333422.108209 54333423.728729 0.0 0.0 1216.437984695637 3.199999998844195 0.0 0.0
909.0 54333423.728729 54333425.349249005 54333426.969769 0.0 0.0 1216.437984695637 3.199999998844195 0.0 0.0
910.0 54333426.969769 54333428.590289 54333430.210809 0.0 0.0 1216.437984695637 3.199999998844195 0.0 0.0
911.0 54333430.210809 54333431.831329 54333433.451849 0.0 0.0 1216.437984695637 3.199999998844195 0.0 0.0
912.0 54333433.451849 54333435.072368994 54333436.692889 0.0 0.0 1216.437984695637 3.199999998844195 0.0 0.0
913.0 54333436.692889 54333438.313409 54333439.933929 2.0 1.4142135623730951 1216.437984695637 3.199999998844195 0.6250000002257432 0.44194173840121675
914.0 54333439.933929 54333441.55444899 54333443.174968995 0.0 0.0 1216.437984695637 3.199999998844195 0.0 0.0
915.0 54333443.174969 54333444.795489 54333446.416009 2.0 1.4142135623730951 1216.437984695637 3.199999998844195 0.6250000002257432 0.44194173840121675
916.0 54333446.416009 54333448.036529005 54333449.657049 0.0 0.0 1216.437984695637 3.199999998844195 0.0 0.0
917.0 54333449.657049 54333451.277568996 54333452.898089 1.0 1.0 1216.437984695637 3.199999998844195 0.3125000001128716 0.3125000001128716
918.0 54333452.898089 54333454.518609 54333456.139129 0.0 0.0 1216.437984695637 3.199999998844195 0.0 0.0
919.0 54333456.139129 54333457.75964899 54333459.380169 1.0 1.0 1216.437984695637 3.199999998844195 0.3125000001128716 0.3125000001128716
920.0 54333459.380169 54333461.000689 54333462.621208996 0.0 0.0 1216.437984695637 3.199999998844195 0.0 0.0
921.0 54333462.621209 54333464.241729006 54333465.862249 0.0 0.0 1216.437984695637 3.199999998844195 0.0 0.0
922.0 54333465.862249 54333467.482769 54333469.103289 0.0 0.0 1216.437984695637 3.199999998844195 0.0 0.0
923.0 54333469.103289 54333470.723809004 54333472.344329 1.0 1.0 1216.437984695637 3.199999998844195 0.3125000001128716 0.3125000001128716
924.0 54333472.344329 54333473.964848995 54333475.585369 0.0 0.0 1216.437984695637 3.199999998844195 0.0 0.0
925.0 54333475.585369 54333477.205889 54333478.826409 1.0 1.0 1216.437984695637 3.199999998844195 0.3125000001128716 0.3125000001128716
926.0 54333478.826409 54333480.44692899 54333482.067448996 0.0 0.0 1216.437984695637 3.199999998844195 0.0 0.0
927.0 54333482.067448996 54333483.687969 54333485.308488995 1.0 1.0 1216.437984695637 3.199999998844195 0.3125000001128716 0.3125000001128716
928.0 54333485.308489 54333486.929009005 54333488.549529 0.0 0.0 1216.437984695637 3.199999998844195 0.0 0.0
929.0 54333488.549529 54333490.170049 54333491.790569 1.0 1.0 1216.437984695637 3.199999998844195 0.3125000001128716 0.3125000001128716
930.0 54333491.790569 54333493.411089 54333495.031609 1.0 1.0 1216.437984695637 3.199999998844195 0.3125000001128716 0.3125000001128716
931.0 54333495.031609 54333496.652128994 54333498.272649 0.0 0.0 1216.437984695637 3.199999998844195 0.0 0.0
932.0 54333498.272649 54333499.893169 54333501.513689 0.0 0.0 1216.437984695637 3.199999998844195 0.0 0.0
933.0 54333501.513689 54333503.13420899 54333504.754728995 0.0 0.0 1216.437984695637 3.199999998844195 0.0 0.0
934.0 54333504.754729 54333506.375249 54333507.995769 0.0 0.0 1216.437984695637 3.199999998844195 0.0 0.0
935.0 54333507.995769 54333509.616289005 54333511.236809 0.0 0.0 1216.437984695637 3.199999998844195 0.0 0.0
936.0 54333511.236809 54333512.857328996 54333514.477849 1.0 1.0 1216.437984695637 3.199999998844195 0.3125000001128716 0.3125000001128716
937.0 54333514.477849 54333516.098369 54333517.718889 0.0 0.0 1216.437984695637 3.199999998844195 0.0 0.0
938.0 54333517.718889 54333519.33940899 54333520.959929 1.0 1.0 1216.437984695637 3.199999998844195 0.3125000001128716 0.3125000001128716
939.0 54333520.959929 54333522.580449 54333524.200968996 0.0 0.0 1216.437984695637 3.199999998844195 0.0 0.0
940.0 54333524.200969 54333525.82148901 54333527.442009 0.0 0.0 1216.437984695637 3.199999998844195 0.0 0.0
941.0 54333527.442009 54333529.062529 54333530.683049 0.0 0.0 1216.437984695637 3.199999998844195 0.0 0.0
942.0 54333530.683049 54333532.303569004 54333533.924089 0.0 0.0 1216.437984695637 3.199999998844195 0.0 0.0
943.0 54333533.924089 54333535.544608995 54333537.165129 1.0 1.0 1216.437984695637 3.199999998844195 0.3125000001128716 0.3125000001128716
944.0 54333537.165129 54333538.785649 54333540.406169 0.0 0.0 1216.437984695637 3.199999998844195 0.0 0.0
945.0 54333540.406169 54333542.02668899 54333543.647208996 0.0 0.0 1216.437984695637 3.199999998844195 0.0 0.0
946.0 54333543.647208996 54333545.267729 54333546.888248995 1.0 1.0 1216.437984695637 3.199999998844195 0.3125000001128716 0.3125000001128716
947.0 54333546.888249 54333548.508769006 54333550.129289 0.0 0.0 1216.437984695637 3.199999998844195 0.0 0.0
948.0 54333550.129289 54333551.749809 54333553.370329 0.0 0.0 1216.437984695637 3.199999998844195 0.0 0.0
949.0 54333553.370329 54333554.990849 54333556.611369 0.0 0.0 1216.437984695637 3.199999998844195 0.0 0.0
950.0 54333556.611369 54333558.231888995 54333559.852409 0.0 0.0 1216.437984695637 3.199999998844195 0.0 0.0
951.0 54333559.852409 54333561.472929 54333563.093449 1.0 1.0 1216.437984695637 3.199999998844195 0.3125000001128716 0.3125000001128716
952.0 54333563.093449 54333564.71396899 54333566.334488995 0.0 0.0 1216.437984695637 3.199999998844195 0.0 0.0
953.0 54333566.334489 54333567.955009 54333569.575529 0.0 0.0 1216.437984695637 0.8311071033476388 0.0 0.0
954.0 54333569.575529 54333571.196049005 54333572.816569 0.0 0.0 1216.437984695637 0.0 0.0 0.0
955.0 54333572.816569 54333574.437088996 54333576.057609 0.0 0.0 1216.437984695637 0.0 0.0 0.0
956.0 54333576.057609 54333577.678129 54333579.298649 0.0 0.0 1216.437984695637 0.0 0.0 0.0
957.0 54333579.298649 54333580.919168994 54333582.539689 0.0 0.0 1216.437984695637 0.0 0.0 0.0
958.0 54333582.539689 54333584.160209 54333585.780728996 0.0 0.0 1216.437984695637 0.0 0.0 0.0
959.0 54333585.780729 54333587.40124901 54333589.021769 0.0 0.0 1216.437984695637 0.0 0.0 0.0
960.0 54333589.021769 54333590.642289 54333592.262809 0.0 0.0 1216.437984695637 0.0 0.0 0.0
961.0 54333592.262809 54333593.883329004 54333595.503849 0.0 0.0 1216.437984695637 0.0 0.0 0.0
962.0 54333595.503849 54333597.124368995 54333598.744889 0.0 0.0 1216.437984695637 0.0 0.0 0.0
963.0 54333598.744889 54333600.365409 54333601.985929 0.0 0.0 1216.437984695637 0.0 0.0 0.0
964.0 54333601.985929 54333603.60644899 54333605.226968996 0.0 0.0 1216.437984695637 0.0 0.0 0.0
965.0 54333605.226968996 54333606.847489 54333608.468008995 0.0 0.0 1216.437984695637 0.0 0.0 0.0
966.0 54333608.468009 54333610.088529006 54333611.709049 0.0 0.0 1216.437984695637 0.0 0.0 0.0
967.0 54333611.709049 54333613.329569 54333614.950089 0.0 0.0 1216.437984695637 0.0 0.0 0.0
968.0 54333614.950089 54333616.570609 54333618.191129 0.0 0.0 1216.437984695637 0.0 0.0 0.0
969.0 54333618.191129 54333619.811648995 54333621.432169 0.0 0.0 1216.437984695637 0.0 0.0 0.0
970.0 54333621.432169 54333623.052689 54333624.673209 0.0 0.0 1216.437984695637 0.0 0.0 0.0
971.0 54333624.673209 54333626.29372899 54333627.914248995 0.0 0.0 1216.437984695637 0.0 0.0 0.0
972.0 54333627.914249 54333629.534769 54333631.155289 0.0 0.0 1216.437984695637 0.0 0.0 0.0
973.0 54333631.155289 54333632.775809005 54333634.396329 0.0 0.0 1216.437984695637 0.0 0.0 0.0
974.0 54333634.396329 54333636.016849 54333637.637369 0.0 0.0 1216.437984695637 0.0 0.0 0.0
975.0 54333637.637369 54333639.257889 54333640.878409 0.0 0.0 1216.437984695637 0.0 0.0 0.0
976.0 54333640.878409 54333642.498928994 54333644.119449 0.0 0.0 1216.437984695637 0.0 0.0 0.0
977.0 54333644.119449 54333645.739969 54333647.360488996 0.0 0.0 1216.437984695637 0.0 0.0 0.0
