TIME_BIN TIME_MIN TIME TIME_MAX COUNTS STAT_ERR AREA EXPOSURE COUNT_RATE COUNT_RATE_ERR
1.0 51726495.433393 51726497.053913 51726498.674433 0.0 0.0 2612.9427449765217 0.0 0.0 0.0
2.0 51726498.674433 51726500.294953 51726501.915473 0.0 0.0 2612.9427449765217 0.0 0.0 0.0
3.0 51726501.915473 51726503.535992995 51726505.156513 0.0 0.0 2612.9427449765217 0.0 0.0 0.0
4.0 51726505.156513 51726506.777033 51726508.397553 0.0 0.0 2612.9427449765217 0.0 0.0 0.0
5.0 51726508.397553004 51726510.01807301 51726511.638593 0.0 0.0 2612.9427449765217 0.0 0.0 0.0
6.0 51726511.638593 51726513.259113 51726514.879633 0.0 0.0 2612.9427449765217 0.0 0.0 0.0
7.0 51726514.879633 51726516.500153005 51726518.120673 0.0 0.0 2612.9427449765217 0.0 0.0 0.0
8.0 51726518.120673 51726519.741193 51726521.361713 0.0 0.0 2612.9427449765217 0.0 0.0 0.0
9.0 51726521.361713 51726522.982233 51726524.602753 0.0 0.0 2612.9427449765217 0.0 0.0 0.0
10.0 51726524.602753 51726526.223272994 51726527.843793 0.0 0.0 2612.9427449765217 0.0 0.0 0.0
11.0 51726527.843793005 51726529.464313 51726531.084833 0.0 0.0 2612.9427449765217 0.0 0.0 0.0
12.0 51726531.084833 51726532.70535301 51726534.325873 0.0 0.0 2612.9427449765217 0.0 0.0 0.0
13.0 51726534.325873 51726535.946393 51726537.566913 0.0 0.0 2612.9427449765217 0.0 0.0 0.0
14.0 51726537.566913 51726539.187433004 51726540.807953 0.0 0.0 2612.9427449765217 0.0 0.0 0.0
15.0 51726540.807953 51726542.428472996 51726544.048993 0.0 0.0 2612.9427449765217 0.0 0.0 0.0
16.0 51726544.048993 51726545.669513 51726547.290033 0.0 0.0 2612.9427449765217 0.0 0.0 0.0
17.0 51726547.290033005 51726548.91055301 51726550.531073004 0.0 0.0 2612.9427449765217 0.0 0.0 0.0
18.0 51726550.531073004 51726552.151593 51726553.772113 0.0 0.0 2612.9427449765217 0.0 0.0 0.0
19.0 51726553.772113 51726555.392633006 51726557.013153 0.0 0.0 2612.9427449765217 0.0 0.0 0.0
20.0 51726557.013153 51726558.633673 51726560.254193 0.0 0.0 2612.9427449765217 0.0 0.0 0.0
21.0 51726560.254193 51726561.874713 51726563.495233 0.0 0.0 2612.9427449765217 0.0 0.0 0.0
22.0 51726563.495233 51726565.115752995 51726566.736273 0.0 0.0 2612.9427449765217 0.0 0.0 0.0
23.0 51726566.736273 51726568.356793 51726569.977313 0.0 0.0 2612.9427449765217 0.0 0.0 0.0
24.0 51726569.977313004 51726571.59783301 51726573.218353 0.0 0.0 2612.9427449765217 0.0 0.0 0.0
25.0 51726573.218353 51726574.838873 51726576.459393 0.0 0.0 2612.9427449765217 0.0 0.0 0.0
26.0 51726576.459393 51726578.079913005 51726579.700433 0.0 0.0 2612.9427449765217 0.0 0.0 0.0
27.0 51726579.700433 51726581.320953 51726582.941473 0.0 0.0 2612.9427449765217 0.0 0.0 0.0
28.0 51726582.941473 51726584.561993 51726586.182513 0.0 0.0 2612.9427449765217 0.0 0.0 0.0
29.0 51726586.182513 51726587.803032994 51726589.423553 0.0 0.0 2612.9427449765217 0.0 0.0 0.0
30.0 51726589.423553005 51726591.044073 51726592.664593 0.0 0.0 2612.9427449765217 0.0 0.0 0.0
31.0 51726592.664593 51726594.28511301 51726595.905633 0.0 0.0 2612.9427449765217 0.0 0.0 0.0
32.0 51726595.905633 51726597.526153 51726599.146673 0.0 0.0 2612.9427449765217 0.0 0.0 0.0
33.0 51726599.146673 51726600.767193004 51726602.387713 0.0 0.0 2612.9427449765217 0.0 0.0 0.0
34.0 51726602.387713 51726604.008232996 51726605.628753 0.0 0.0 2612.9427449765217 0.0 0.0 0.0
35.0 51726605.628753 51726607.249273 51726608.869793 0.0 0.0 2612.9427449765217 0.0 0.0 0.0
36.0 51726608.869793 51726610.49031299 51726612.110833 0.0 0.0 2612.9427449765217 0.0 0.0 0.0
37.0 51726612.110833004 51726613.731353 51726615.351873 0.0 0.0 2612.9427449765217 0.0 0.0 0.0
38.0 51726615.351873 51726616.972393006 51726618.592913 0.0 0.0 2612.9427449765217 0.0 0.0 0.0
39.0 51726618.592913 51726620.213433 51726621.833953 0.0 0.0 2612.9427449765217 0.0 0.0 0.0
40.0 51726621.833953 51726623.454473004 51726625.074993 0.0 0.0 2612.9427449765217 0.0 0.0 0.0
41.0 51726625.074993 51726626.695512995 51726628.316033 0.0 0.0 2612.9427449765217 0.0 0.0 0.0
42.0 51726628.316033 51726629.936553 51726631.557073 0.0 0.0 2612.9427449765217 0.0 0.0 0.0
43.0 51726631.557073005 51726633.17759301 51726634.798113 0.0 0.0 2612.9427449765217 0.0 0.0 0.0
44.0 51726634.798113 51726636.418633 51726638.039153 0.0 0.0 2612.9427449765217 0.0 0.0 0.0
45.0 51726638.039153 51726639.659673005 51726641.280193 0.0 0.0 2612.9427449765217 0.0 0.0 0.0
46.0 51726641.280193 51726642.900713 51726644.521233 0.0 0.0 2612.9427449765217 0.0 0.0 0.0
47.0 51726644.521233 51726646.141753 51726647.762273 0.0 0.0 2612.9427449765217 0.0 0.0 0.0
48.0 51726647.762273 51726649.382792994 51726651.003313 0.0 0.0 2612.9427449765217 0.0 0.0 0.0
49.0 51726651.003313005 51726652.623833 51726654.244353004 0.0 0.0 2612.9427449765217 0.0 0.0 0.0
50.0 51726654.244353004 51726655.86487301 51726657.485393 0.0 0.0 2612.9427449765217 0.0 0.0 0.0
51.0 51726657.485393 51726659.105913 51726660.726433 0.0 0.0 2612.9427449765217 0.0 0.0 0.0
52.0 51726660.726433 51726662.346953005 51726663.967473 0.0 0.0 2612.9427449765217 0.0 0.0 0.0
53.0 51726663.967473 51726665.587992996 51726667.208513 0.0 0.0 2612.9427449765217 0.0 0.0 0.0
54.0 51726667.208513 51726668.829033 51726670.449553 0.0 0.0 2612.9427449765217 0.0 0.0 0.0
55.0 51726670.449553 51726672.07007299 51726673.690593 0.0 0.0 2612.9427449765217 0.0 0.0 0.0
56.0 51726673.690593004 51726675.311113 51726676.931633 0.0 0.0 2612.9427449765217 0.0 0.0 0.0
57.0 51726676.931633 51726678.552153006 51726680.172673 0.0 0.0 2612.9427449765217 0.0 0.0 0.0
58.0 51726680.172673 51726681.793193 51726683.413713 0.0 0.0 2612.9427449765217 0.0 0.0 0.0
59.0 51726683.413713 51726685.034233004 51726686.654753 0.0 0.0 2612.9427449765217 0.0 0.0 0.0
60.0 51726686.654753 51726688.275272995 51726689.895793 0.0 0.0 2612.9427449765217 0.0 0.0 0.0
61.0 51726689.895793 51726691.516313 51726693.136833 0.0 0.0 2612.9427449765217 0.0 0.0 0.0
62.0 51726693.136833005 51726694.75735301 51726696.377873 0.0 0.0 2612.9427449765217 0.0 0.0 0.0
63.0 51726696.377873 51726697.998393 51726699.618913 0.0 0.0 2612.9427449765217 0.0 0.0 0.0
64.0 51726699.618913 51726701.239433005 51726702.859953 0.0 0.0 2612.9427449765217 0.0 0.0 0.0
65.0 51726702.859953 51726704.480473 51726706.100993 0.0 0.0 2612.9427449765217 0.0 0.0 0.0
66.0 51726706.100993 51726707.721513 51726709.342033 0.0 0.0 2612.9427449765217 0.0 0.0 0.0
67.0 51726709.342033 51726710.962552994 51726712.583073 0.0 0.0 2612.9427449765217 0.0 0.0 0.0
68.0 51726712.583073005 51726714.203593 51726715.824113004 0.0 0.0 2612.9427449765217 0.0 0.0 0.0
69.0 51726715.824113004 51726717.44463301 51726719.065153 0.0 0.0 2612.9427449765217 0.0 0.0 0.0
70.0 51726719.065153 51726720.685673 51726722.306193 0.0 0.0 2612.9427449765217 0.0 0.0 0.0
71.0 51726722.306193 51726723.926713005 51726725.547233 0.0 0.0 2612.9427449765217 0.0 0.0 0.0
72.0 51726725.547233 51726727.167752996 51726728.788273 0.0 0.0 2612.9427449765217 0.0 0.0 0.0
73.0 51726728.788273 51726730.408793 51726732.029313 0.0 0.0 2612.9427449765217 0.0 0.0 0.0
74.0 51726732.029313 51726733.649832994 51726735.270353 0.0 0.0 2612.9427449765217 0.0 0.0 0.0
75.0 51726735.270353004 51726736.890873 51726738.511393 0.0 0.0 2612.9427449765217 0.0 0.0 0.0
76.0 51726738.511393 51726740.13191301 51726741.752433 0.0 0.0 2612.9427449765217 0.0 0.0 0.0
77.0 51726741.752433 51726743.372953 51726744.993473 0.0 0.0 2612.9427449765217 0.0 0.0 0.0
78.0 51726744.993473 51726746.613993004 51726748.234513 0.0 0.0 2612.9427449765217 0.0 0.0 0.0
79.0 51726748.234513 51726749.855032995 51726751.475553 0.0 0.0 2612.9427449765217 0.0 0.0 0.0
80.0 51726751.475553 51726753.096073 51726754.716593 0.0 0.0 2612.9427449765217 0.0 0.0 0.0
81.0 51726754.716593005 51726756.33711301 51726757.957633 0.0 0.0 2612.9427449765217 0.0 0.0 0.0
82.0 51726757.957633 51726759.578153 51726761.198673 0.0 0.0 2612.9427449765217 0.0 0.0 0.0
83.0 51726761.198673 51726762.819193006 51726764.439713 0.0 0.0 2612.9427449765217 0.0 0.0 0.0
84.0 51726764.439713 51726766.060233 51726767.680753 0.0 0.0 2612.9427449765217 0.0 0.0 0.0
85.0 51726767.680753 51726769.301273 51726770.921793 0.0 0.0 2612.9427449765217 0.0 0.0 0.0
86.0 51726770.921793 51726772.542312995 51726774.162833 0.0 0.0 2612.9427449765217 0.0 0.0 0.0
87.0 51726774.162833005 51726775.783353 51726777.403873004 0.0 0.0 2612.9427449765217 0.0 0.0 0.0
88.0 51726777.403873004 51726779.02439301 51726780.644913 0.0 0.0 2612.9427449765217 0.0 0.0 0.0
89.0 51726780.644913 51726782.265433 51726783.885953 0.0 0.0 2612.9427449765217 0.0 0.0 0.0
90.0 51726783.885953 51726785.506473005 51726787.126993 0.0 0.0 2612.9427449765217 0.0 0.0 0.0
91.0 51726787.126993 51726788.747512996 51726790.368033 0.0 0.0 2612.9427449765217 0.0 0.0 0.0
92.0 51726790.368033 51726791.988553 51726793.609073 0.0 0.0 2612.9427449765217 0.0 0.0 0.0
93.0 51726793.609073 51726795.229592994 51726796.850113 0.0 0.0 2612.9427449765217 0.0 0.0 0.0
94.0 51726796.850113004 51726798.470633 51726800.091153 0.0 0.0 2612.9427449765217 0.0 0.0 0.0
95.0 51726800.091153 51726801.71167301 51726803.332193 0.0 0.0 2612.9427449765217 0.0 0.0 0.0
96.0 51726803.332193 51726804.952713 51726806.573233 0.0 0.0 2612.9427449765217 0.0 0.0 0.0
97.0 51726806.573233 51726808.193753004 51726809.814273 0.0 0.0 2612.9427449765217 0.0 0.0 0.0
98.0 51726809.814273 51726811.434792995 51726813.055313 0.0 0.0 2612.9427449765217 0.0 0.0 0.0
99.0 51726813.055313 51726814.675833 51726816.296353 0.0 0.0 2612.9427449765217 0.0 0.0 0.0
100.0 51726816.296353005 51726817.91687301 51726819.537393 0.0 0.0 2612.9427449765217 0.0 0.0 0.0
101.0 51726819.537393 51726821.157913 51726822.778433 0.0 0.0 2612.9427449765217 0.0 0.0 0.0
102.0 51726822.778433 51726824.398953006 51726826.019473 0.0 0.0 2612.9427449765217 0.0 0.0 0.0
103.0 51726826.019473 51726827.639993 51726829.260513 0.0 0.0 2612.9427449765217 0.0 0.0 0.0
104.0 51726829.260513 51726830.881033 51726832.501553 0.0 0.0 2612.9427449765217 0.0 0.0 0.0
105.0 51726832.501553 51726834.122072995 51726835.742593 0.0 0.0 2612.9427449765217 0.0 0.0 0.0
106.0 51726835.742593 51726837.363113 51726838.983633 0.0 0.0 2612.9427449765217 0.0 0.0 0.0
107.0 51726838.983633004 51726840.60415301 51726842.224673 0.0 0.0 2612.9427449765217 0.0 0.0 0.0
108.0 51726842.224673 51726843.845193 51726845.465713 0.0 0.0 2612.9427449765217 0.0 0.0 0.0
109.0 51726845.465713 51726847.086233005 51726848.706753 0.0 0.0 2612.9427449765217 0.0 0.0 0.0
110.0 51726848.706753 51726850.327273 51726851.947793 0.0 0.0 2612.9427449765217 0.0 0.0 0.0
111.0 51726851.947793 51726853.568313 51726855.188833 0.0 0.0 2612.9427449765217 0.0 0.0 0.0
112.0 51726855.188833 51726856.809352994 51726858.429873 0.0 0.0 2612.9427449765217 0.0 0.0 0.0
113.0 51726858.429873005 51726860.050393 51726861.670913 0.0 0.0 2612.9427449765217 0.0 0.0 0.0
114.0 51726861.670913 51726863.29143301 51726864.911953 0.0 0.0 2612.9427449765217 0.0 0.0 0.0
115.0 51726864.911953 51726866.532473 51726868.152993 0.0 0.0 2612.9427449765217 0.0 0.0 0.0
116.0 51726868.152993 51726869.773513004 51726871.394033 0.0 0.0 2612.9427449765217 0.0 0.0 0.0
117.0 51726871.394033 51726873.014552996 51726874.635073 0.0 0.0 2612.9427449765217 0.0 0.0 0.0
118.0 51726874.635073 51726876.255593 51726877.876113 0.0 0.0 2612.9427449765217 0.0 0.0 0.0
119.0 51726877.876113005 51726879.49663301 51726881.117153004 0.0 0.0 2612.9427449765217 0.0 0.0 0.0
120.0 51726881.117153004 51726882.737673 51726884.358193 0.0 0.0 2612.9427449765217 0.0 0.0 0.0
121.0 51726884.358193 51726885.978713006 51726887.599233 0.0 0.0 2612.9427449765217 0.0 0.0 0.0
122.0 51726887.599233 51726889.219753 51726890.840273 0.0 0.0 2612.9427449765217 0.0 0.0 0.0
123.0 51726890.840273 51726892.460793 51726894.081313 0.0 0.0 2612.9427449765217 0.0 0.0 0.0
124.0 51726894.081313 51726895.701832995 51726897.322353 0.0 0.0 2612.9427449765217 0.0 0.0 0.0
125.0 51726897.322353 51726898.942873 51726900.563393 0.0 0.0 2612.9427449765217 0.0 0.0 0.0
126.0 51726900.563393004 51726902.18391301 51726903.804433 0.0 0.0 2612.9427449765217 0.0 0.0 0.0
127.0 51726903.804433 51726905.424953 51726907.045473 0.0 0.0 2612.9427449765217 0.0 0.0 0.0
128.0 51726907.045473 51726908.665993005 51726910.286513 0.0 0.0 2612.9427449765217 0.0 0.0 0.0
129.0 51726910.286513 51726911.907033 51726913.527553 0.0 0.0 2612.9427449765217 0.0 0.0 0.0
130.0 51726913.527553 51726915.148073 51726916.768593 0.0 0.0 2612.9427449765217 0.0 0.0 0.0
131.0 51726916.768593 51726918.389112994 51726920.009633 0.0 0.0 2612.9427449765217 0.0 0.0 0.0
132.0 51726920.009633005 51726921.630153 51726923.250673 0.0 0.0 2612.9427449765217 0.0 0.0 0.0
133.0 51726923.250673 51726924.87119301 51726926.491713 0.0 0.0 2612.9427449765217 0.0 0.0 0.0
134.0 51726926.491713 51726928.112233 51726929.732753 0.0 0.0 2612.9427449765217 0.0 0.0 0.0
135.0 51726929.732753 51726931.353273004 51726932.973793 0.0 0.0 2612.9427449765217 0.0 0.0 0.0
136.0 51726932.973793 51726934.594312996 51726936.214833 0.0 0.0 2612.9427449765217 0.0 0.0 0.0
137.0 51726936.214833 51726937.835353 51726939.455873 0.0 0.0 2612.9427449765217 0.0 0.0 0.0
138.0 51726939.455873005 51726941.07639301 51726942.696913004 0.0 0.0 2612.9427449765217 0.0 0.0 0.0
139.0 51726942.696913004 51726944.317433 51726945.937953 0.0 0.0 2612.9427449765217 0.0 0.0 0.0
140.0 51726945.937953 51726947.558473006 51726949.178993 0.0 0.0 2612.9427449765217 0.0 0.0 0.0
141.0 51726949.178993 51726950.799513 51726952.420033 0.0 0.0 2612.9427449765217 0.0 0.0 0.0
142.0 51726952.420033 51726954.040553 51726955.661073 0.0 0.0 2612.9427449765217 0.0 0.0 0.0
143.0 51726955.661073 51726957.281592995 51726958.902113 0.0 0.0 2612.9427449765217 0.0 0.0 0.0
144.0 51726958.902113 51726960.522633 51726962.143153 0.0 0.0 2612.9427449765217 0.0 0.0 0.0
145.0 51726962.143153004 51726963.76367301 51726965.384193 0.0 0.0 2612.9427449765217 0.0 0.0 0.0
146.0 51726965.384193 51726967.004713 51726968.625233 0.0 0.0 2612.9427449765217 0.0 0.0 0.0
147.0 51726968.625233 51726970.245753005 51726971.866273 0.0 0.0 2612.9427449765217 0.0 0.0 0.0
148.0 51726971.866273 51726973.486793 51726975.107313 0.0 0.0 2612.9427449765217 0.0 0.0 0.0
149.0 51726975.107313 51726976.727833 51726978.348353 0.0 0.0 2612.9427449765217 0.0 0.0 0.0
150.0 51726978.348353 51726979.968872994 51726981.589393 0.0 0.0 2612.9427449765217 0.0 0.0 0.0
151.0 51726981.589393005 51726983.209913 51726984.830433 0.0 0.0 2612.9427449765217 0.0 0.0 0.0
152.0 51726984.830433 51726986.45095301 51726988.071473 0.0 0.0 2612.9427449765217 0.0 0.0 0.0
153.0 51726988.071473 51726989.691993 51726991.312513 0.0 0.0 2612.9427449765217 0.0 0.0 0.0
154.0 51726991.312513 51726992.933033004 51726994.553553 0.0 0.0 2612.9427449765217 0.0 0.0 0.0
155.0 51726994.553553 51726996.174072996 51726997.794593 0.0 0.0 2612.9427449765217 0.0 0.0 0.0
156.0 51726997.794593 51726999.415113 51727001.035633 0.0 0.0 2612.9427449765217 0.0 0.0 0.0
157.0 51727001.035633005 51727002.65615301 51727004.276673004 0.0 0.0 2612.9427449765217 0.0 0.0 0.0
158.0 51727004.276673004 51727005.897193 51727007.517713 0.0 0.0 2612.9427449765217 0.0 0.0 0.0
159.0 51727007.517713 51727009.138233006 51727010.758753 0.0 0.0 2612.9427449765217 0.0 0.0 0.0
160.0 51727010.758753 51727012.379273 51727013.999793 0.0 0.0 2612.9427449765217 0.0 0.0 0.0
161.0 51727013.999793 51727015.620313 51727017.240833 0.0 0.0 2612.9427449765217 0.0 0.0 0.0
162.0 51727017.240833 51727018.861352995 51727020.481873 0.0 0.0 2612.9427449765217 0.0 0.0 0.0
163.0 51727020.481873 51727022.102393 51727023.722913 0.0 0.0 2612.9427449765217 0.0 0.0 0.0
164.0 51727023.722913004 51727025.34343301 51727026.963953 0.0 0.0 2612.9427449765217 0.0 0.0 0.0
165.0 51727026.963953 51727028.584473 51727030.204993 0.0 0.0 2612.9427449765217 0.0 0.0 0.0
166.0 51727030.204993 51727031.825513005 51727033.446033 0.0 0.0 2612.9427449765217 0.0 0.0 0.0
167.0 51727033.446033 51727035.066553 51727036.687073 0.0 0.0 2612.9427449765217 0.0 0.0 0.0
168.0 51727036.687073 51727038.307593 51727039.928113 0.0 0.0 2612.9427449765217 0.0 0.0 0.0
169.0 51727039.928113 51727041.548632994 51727043.169153 0.0 0.0 2612.9427449765217 0.0 0.0 0.0
170.0 51727043.169153005 51727044.789673 51727046.410193 0.0 0.0 2612.9427449765217 0.0 0.0 0.0
171.0 51727046.410193 51727048.03071301 51727049.651233 0.0 0.0 2612.9427449765217 0.0 0.0 0.0
172.0 51727049.651233 51727051.271753 51727052.892273 0.0 0.0 2612.9427449765217 0.0 0.0 0.0
173.0 51727052.892273 51727054.512793005 51727056.133313 0.0 0.0 2612.9427449765217 0.0 0.0 0.0
174.0 51727056.133313 51727057.753832996 51727059.374353 0.0 0.0 2612.9427449765217 0.0 0.0 0.0
175.0 51727059.374353 51727060.994873 51727062.615393 0.0 0.0 2612.9427449765217 0.0 0.0 0.0
176.0 51727062.615393 51727064.23591299 51727065.856433 0.0 0.0 2612.9427449765217 0.0 0.0 0.0
177.0 51727065.856433004 51727067.476953 51727069.097473 0.0 0.0 2612.9427449765217 0.0 0.0 0.0
178.0 51727069.097473 51727070.717993006 51727072.338513 0.0 0.0 2612.9427449765217 0.0 0.0 0.0
179.0 51727072.338513 51727073.959033 51727075.579553 0.0 0.0 2612.9427449765217 0.0 0.0 0.0
180.0 51727075.579553 51727077.200073004 51727078.820593 0.0 0.0 2612.9427449765217 0.0 0.0 0.0
181.0 51727078.820593 51727080.441112995 51727082.061633 0.0 0.0 2612.9427449765217 0.0 0.0 0.0
182.0 51727082.061633 51727083.682153 51727085.302673 0.0 0.0 2612.9427449765217 0.0 0.0 0.0
183.0 51727085.302673005 51727086.92319301 51727088.543713 0.0 0.0 2612.9427449765217 0.0 0.0 0.0
184.0 51727088.543713 51727090.164233 51727091.784753 0.0 0.0 2612.9427449765217 0.0 0.0 0.0
185.0 51727091.784753 51727093.405273005 51727095.025793 0.0 0.0 2612.9427449765217 0.0 0.0 0.0
186.0 51727095.025793 51727096.646313 51727098.266833 0.0 0.0 2612.9427449765217 0.0 0.0 0.0
187.0 51727098.266833 51727099.887353 51727101.507873 0.0 0.0 2612.9427449765217 0.0 0.0 0.0
188.0 51727101.507873 51727103.128392994 51727104.748913 0.0 0.0 2612.9427449765217 0.0 0.0 0.0
189.0 51727104.748913005 51727106.369433 51727107.989953004 0.0 0.0 2612.9427449765217 0.0 0.0 0.0
190.0 51727107.989953004 51727109.61047301 51727111.230993 0.0 0.0 2612.9427449765217 0.0 0.0 0.0
191.0 51727111.230993 51727112.851513 51727114.472033 0.0 0.0 2612.9427449765217 0.0 0.0 0.0
192.0 51727114.472033 51727116.092553005 51727117.713073 0.0 0.0 2612.9427449765217 0.0 0.0 0.0
193.0 51727117.713073 51727119.333592996 51727120.954113 0.0 0.0 2612.9427449765217 0.0 0.0 0.0
194.0 51727120.954113 51727122.574633 51727124.195153 0.0 0.0 2612.9427449765217 0.0 0.0 0.0
195.0 51727124.195153 51727125.81567299 51727127.436193 0.0 0.0 2612.9427449765217 0.0 0.0 0.0
196.0 51727127.436193004 51727129.056713 51727130.677233 0.0 0.0 2612.9427449765217 0.0 0.0 0.0
197.0 51727130.677233 51727132.297753006 51727133.918273 0.0 0.0 2612.9427449765217 0.0 0.0 0.0
198.0 51727133.918273 51727135.538793 51727137.159313 0.0 0.0 2612.9427449765217 0.0 0.0 0.0
199.0 51727137.159313 51727138.779833004 51727140.400353 0.0 0.0 2612.9427449765217 0.0 0.0 0.0
200.0 51727140.400353 51727142.020872995 51727143.641393 0.0 0.0 2612.9427449765217 0.0 0.0 0.0
201.0 51727143.641393 51727145.261913 51727146.882433 0.0 0.0 2612.9427449765217 0.0 0.0 0.0
202.0 51727146.882433005 51727148.50295301 51727150.123473 0.0 0.0 2612.9427449765217 0.0 0.0 0.0
203.0 51727150.123473 51727151.743993 51727153.364513 0.0 0.0 2612.9427449765217 0.0 0.0 0.0
204.0 51727153.364513 51727154.985033005 51727156.605553 0.0 0.0 2612.9427449765217 0.0 0.0 0.0
205.0 51727156.605553 51727158.226073 51727159.846593 0.0 0.0 2612.9427449765217 0.0 0.0 0.0
206.0 51727159.846593 51727161.467113 51727163.087633 0.0 0.0 2612.9427449765217 0.0 0.0 0.0
207.0 51727163.087633 51727164.708152995 51727166.328673 0.0 0.0 2612.9427449765217 0.0 0.0 0.0
208.0 51727166.328673005 51727167.949193 51727169.569713004 0.0 0.0 2612.9427449765217 0.0 0.0 0.0
209.0 51727169.569713004 51727171.19023301 51727172.810753 0.0 0.0 2612.9427449765217 0.0 0.0 0.0
210.0 51727172.810753 51727174.431273 51727176.051793 0.0 0.0 2612.9427449765217 0.0 0.0 0.0
211.0 51727176.051793 51727177.672313005 51727179.292833 0.0 0.0 2612.9427449765217 0.0 0.0 0.0
212.0 51727179.292833 51727180.913352996 51727182.533873 0.0 0.0 2612.9427449765217 0.0 0.0 0.0
213.0 51727182.533873 51727184.154393 51727185.774913 0.0 0.0 2612.9427449765217 0.0 0.0 0.0
214.0 51727185.774913 51727187.395432994 51727189.015953 0.0 0.0 2612.9427449765217 0.0 0.0 0.0
215.0 51727189.015953004 51727190.636473 51727192.256993 0.0 0.0 2612.9427449765217 0.0 0.0 0.0
216.0 51727192.256993 51727193.87751301 51727195.498033 0.0 0.0 2612.9427449765217 0.0 0.0 0.0
217.0 51727195.498033 51727197.118553 51727198.739073 0.0 0.0 2612.9427449765217 0.0 0.0 0.0
218.0 51727198.739073 51727200.359593004 51727201.980113 0.0 0.0 2612.9427449765217 0.0 0.0 0.0
219.0 51727201.980113 51727203.600632995 51727205.221153 0.0 0.0 2612.9427449765217 0.0 0.0 0.0
220.0 51727205.221153 51727206.841673 51727208.462193 0.0 0.0 2612.9427449765217 0.0 0.0 0.0
221.0 51727208.462193005 51727210.08271301 51727211.703233 0.0 0.0 2612.9427449765217 0.0 0.0 0.0
222.0 51727211.703233 51727213.323753 51727214.944273 0.0 0.0 2612.9427449765217 0.0 0.0 0.0
223.0 51727214.944273 51727216.564793006 51727218.185313 0.0 0.0 2612.9427449765217 0.0 0.0 0.0
224.0 51727218.185313 51727219.805833 51727221.426353 0.0 0.0 2612.9427449765217 0.0 0.0 0.0
225.0 51727221.426353 51727223.046873 51727224.667393 0.0 0.0 2612.9427449765217 0.0 0.0 0.0
226.0 51727224.667393 51727226.287912995 51727227.908433 0.0 0.0 2612.9427449765217 0.0 0.0 0.0
227.0 51727227.908433005 51727229.528953 51727231.149473004 0.0 0.0 2612.9427449765217 0.0 0.0 0.0
228.0 51727231.149473004 51727232.76999301 51727234.390513 0.0 0.0 2612.9427449765217 0.0 0.0 0.0
229.0 51727234.390513 51727236.011033 51727237.631553 0.0 0.0 2612.9427449765217 0.0 0.0 0.0
230.0 51727237.631553 51727239.252073005 51727240.872593 0.0 0.0 2612.9427449765217 0.0 0.0 0.0
231.0 51727240.872593 51727242.493112996 51727244.113633 0.0 0.0 2612.9427449765217 0.0 0.0 0.0
232.0 51727244.113633 51727245.734153 51727247.354673 0.0 0.0 2612.9427449765217 0.0 0.0 0.0
233.0 51727247.354673 51727248.975192994 51727250.595713 0.0 0.0 2612.9427449765217 0.0 0.0 0.0
234.0 51727250.595713004 51727252.216233 51727253.836753 0.0 0.0 2612.9427449765217 0.0 0.0 0.0
235.0 51727253.836753 51727255.45727301 51727257.077793 0.0 0.0 2612.9427449765217 0.0 0.0 0.0
236.0 51727257.077793 51727258.698313 51727260.318833 0.0 0.0 2612.9427449765217 0.0 0.0 0.0
237.0 51727260.318833 51727261.939353004 51727263.559873 0.0 0.0 2612.9427449765217 0.0 0.0 0.0
238.0 51727263.559873 51727265.180392995 51727266.800913 0.0 0.0 2612.9427449765217 0.0 0.0 0.0
239.0 51727266.800913 51727268.421433 51727270.041953 0.0 0.0 2612.9427449765217 0.0 0.0 0.0
240.0 51727270.041953005 51727271.66247301 51727273.282993004 0.0 0.0 2612.9427449765217 0.0 0.0 0.0
241.0 51727273.282993004 51727274.903513 51727276.524033 0.0 0.0 2612.9427449765217 0.0 0.0 0.0
242.0 51727276.524033 51727278.144553006 51727279.765073 0.0 0.0 2612.9427449765217 0.0 0.0 0.0
243.0 51727279.765073 51727281.385593 51727283.006113 0.0 0.0 2612.9427449765217 0.0 0.0 0.0
244.0 51727283.006113 51727284.626633 51727286.247153 0.0 0.0 2612.9427449765217 0.0 0.0 0.0
245.0 51727286.247153 51727287.867672995 51727289.488193 0.0 0.0 2612.9427449765217 0.0 0.0 0.0
246.0 51727289.488193 51727291.108713 51727292.729233 0.0 0.0 2612.9427449765217 0.0 0.0 0.0
247.0 51727292.729233004 51727294.34975301 51727295.970273 0.0 0.0 2612.9427449765217 0.0 0.0 0.0
248.0 51727295.970273 51727297.590793 51727299.211313 0.0 0.0 2612.9427449765217 0.0 0.0 0.0
249.0 51727299.211313 51727300.831833005 51727302.452353 0.0 0.0 2612.9427449765217 0.0 0.0 0.0
250.0 51727302.452353 51727304.072873 51727305.693393 0.0 0.0 2612.9427449765217 0.0 0.0 0.0
251.0 51727305.693393 51727307.313913 51727308.934433 0.0 0.0 2612.9427449765217 0.0 0.0 0.0
252.0 51727308.934433 51727310.554952994 51727312.175473 0.0 0.0 2612.9427449765217 0.0 0.0 0.0
253.0 51727312.175473005 51727313.795993 51727315.416513 0.0 0.0 2612.9427449765217 0.0 0.0 0.0
254.0 51727315.416513 51727317.03703301 51727318.657553 0.0 0.0 2612.9427449765217 0.0 0.0 0.0
255.0 51727318.657553 51727320.278073 51727321.898593 0.0 0.0 2612.9427449765217 0.0 0.0 0.0
256.0 51727321.898593 51727323.519113004 51727325.139633 0.0 0.0 2612.9427449765217 0.0 0.0 0.0
257.0 51727325.139633 51727326.760152996 51727328.380673 0.0 0.0 2612.9427449765217 0.0 0.0 0.0
258.0 51727328.380673 51727330.001193 51727331.621713 0.0 0.0 2612.9427449765217 0.0 0.0 0.0
259.0 51727331.621713005 51727333.24223301 51727334.862753004 0.0 0.0 2612.9427449765217 0.0 0.0 0.0
260.0 51727334.862753004 51727336.483273 51727338.103793 0.0 0.0 2612.9427449765217 0.0 0.0 0.0
261.0 51727338.103793 51727339.724313006 51727341.344833 0.0 0.0 2612.9427449765217 0.0 0.0 0.0
262.0 51727341.344833 51727342.965353 51727344.585873 0.0 0.0 2612.9427449765217 0.0 0.0 0.0
263.0 51727344.585873 51727346.206393 51727347.826913 0.0 0.0 2612.9427449765217 0.0 0.0 0.0
264.0 51727347.826913 51727349.447432995 51727351.067953 0.0 0.0 2612.9427449765217 0.0 0.0 0.0
265.0 51727351.067953 51727352.688473 51727354.308993 0.0 0.0 2612.9427449765217 0.0 0.0 0.0
266.0 51727354.308993004 51727355.92951301 51727357.550033 0.0 0.0 2612.9427449765217 0.0 0.0 0.0
267.0 51727357.550033 51727359.170553 51727360.791073 0.0 0.0 2612.9427449765217 0.0 0.0 0.0
268.0 51727360.791073 51727362.411593005 51727364.032113 0.0 0.0 2612.9427449765217 0.0 0.0 0.0
269.0 51727364.032113 51727365.652633 51727367.273153 0.0 0.0 2612.9427449765217 0.0 0.0 0.0
270.0 51727367.273153 51727368.893673 51727370.514193 0.0 0.0 2612.9427449765217 0.0 0.0 0.0
271.0 51727370.514193 51727372.134712994 51727373.755233 0.0 0.0 2612.9427449765217 0.0 0.0 0.0
272.0 51727373.755233005 51727375.375753 51727376.996273 0.0 0.0 2612.9427449765217 0.0 0.0 0.0
273.0 51727376.996273 51727378.61679301 51727380.237313 0.0 0.0 2612.9427449765217 0.0 0.0 0.0
274.0 51727380.237313 51727381.857833 51727383.478353 0.0 0.0 2612.9427449765217 0.0 0.0 0.0
275.0 51727383.478353 51727385.098873004 51727386.719393 0.0 0.0 2612.9427449765217 0.0 0.0 0.0
276.0 51727386.719393 51727388.339912996 51727389.960433 0.0 0.0 2612.9427449765217 0.0 0.0 0.0
277.0 51727389.960433 51727391.580953 51727393.201473 0.0 0.0 2612.9427449765217 0.0 0.0 0.0
278.0 51727393.201473005 51727394.82199301 51727396.442513004 0.0 0.0 2612.9427449765217 0.0 0.0 0.0
279.0 51727396.442513004 51727398.063033 51727399.683553 0.0 0.0 2612.9427449765217 0.0 0.0 0.0
280.0 51727399.683553 51727401.304073006 51727402.924593 0.0 0.0 2612.9427449765217 0.0 0.0 0.0
281.0 51727402.924593 51727404.545113 51727406.165633 0.0 0.0 2612.9427449765217 1.0219254452047675 0.0 0.0
282.0 51727406.165633 51727407.786153 51727409.406673 0.0 0.0 2612.9427449765217 3.199999998844195 0.0 0.0
283.0 51727409.406673 51727411.027192995 51727412.647713 0.0 0.0 2612.9427449765217 3.199999998844195 0.0 0.0
284.0 51727412.647713 51727414.268233 51727415.888753 0.0 0.0 2612.9427449765217 3.199999998844195 0.0 0.0
285.0 51727415.888753004 51727417.50927301 51727419.129793 0.0 0.0 2612.9427449765217 3.199999998844195 0.0 0.0
286.0 51727419.129793 51727420.750313 51727422.370833 0.0 0.0 2612.9427449765217 3.199999998844195 0.0 0.0
287.0 51727422.370833 51727423.991353005 51727425.611873 0.0 0.0 2612.9427449765217 3.199999998844195 0.0 0.0
288.0 51727425.611873 51727427.232393 51727428.852913 0.0 0.0 2612.9427449765217 3.199999998844195 0.0 0.0
289.0 51727428.852913 51727430.473433 51727432.093953 0.0 0.0 2612.9427449765217 3.199999998844195 0.0 0.0
290.0 51727432.093953 51727433.714472994 51727435.334993 0.0 0.0 2612.9427449765217 3.199999998844195 0.0 0.0
291.0 51727435.334993005 51727436.955513 51727438.576033 0.0 0.0 2612.9427449765217 3.199999998844195 0.0 0.0
292.0 51727438.576033 51727440.19655301 51727441.817073 0.0 0.0 2612.9427449765217 3.199999998844195 0.0 0.0
293.0 51727441.817073 51727443.437593 51727445.058113 0.0 0.0 2612.9427449765217 3.199999998844195 0.0 0.0
294.0 51727445.058113 51727446.678633004 51727448.299153 0.0 0.0 2612.9427449765217 3.199999998844195 0.0 0.0
295.0 51727448.299153 51727449.919672996 51727451.540193 0.0 0.0 2612.9427449765217 3.199999998844195 0.0 0.0
296.0 51727451.540193 51727453.160713 51727454.781233 0.0 0.0 2612.9427449765217 3.199999998844195 0.0 0.0
297.0 51727454.781233005 51727456.40175301 51727458.022273004 0.0 0.0 2612.9427449765217 3.199999998844195 0.0 0.0
298.0 51727458.022273004 51727459.642793 51727461.263313 0.0 0.0 2612.9427449765217 3.199999998844195 0.0 0.0
299.0 51727461.263313 51727462.883833006 51727464.504353 0.0 0.0 2612.9427449765217 3.199999998844195 0.0 0.0
300.0 51727464.504353 51727466.124873 51727467.745393 0.0 0.0 2612.9427449765217 3.199999998844195 0.0 0.0
301.0 51727467.745393 51727469.365913 51727470.986433 0.0 0.0 2612.9427449765217 3.199999998844195 0.0 0.0
302.0 51727470.986433 51727472.606952995 51727474.227473 0.0 0.0 2612.9427449765217 3.199999998844195 0.0 0.0
303.0 51727474.227473 51727475.847993 51727477.468513 0.0 0.0 2612.9427449765217 3.199999998844195 0.0 0.0
304.0 51727477.468513004 51727479.08903301 51727480.709553 0.0 0.0 2612.9427449765217 3.199999998844195 0.0 0.0
305.0 51727480.709553 51727482.330073 51727483.950593 0.0 0.0 2612.9427449765217 3.199999998844195 0.0 0.0
306.0 51727483.950593 51727485.571113005 51727487.191633 0.0 0.0 2612.9427449765217 3.199999998844195 0.0 0.0
307.0 51727487.191633 51727488.812153 51727490.432673 0.0 0.0 2612.9427449765217 3.199999998844195 0.0 0.0
308.0 51727490.432673 51727492.053193 51727493.673713 0.0 0.0 2612.9427449765217 3.199999998844195 0.0 0.0
309.0 51727493.673713 51727495.294232994 51727496.914753 0.0 0.0 2612.9427449765217 3.199999998844195 0.0 0.0
310.0 51727496.914753005 51727498.535273 51727500.155793004 0.0 0.0 2612.9427449765217 3.199999998844195 0.0 0.0
311.0 51727500.155793004 51727501.77631301 51727503.396833 0.0 0.0 2612.9427449765217 3.199999998844195 0.0 0.0
312.0 51727503.396833 51727505.017353 51727506.637873 0.0 0.0 2612.9427449765217 3.199999998844195 0.0 0.0
313.0 51727506.637873 51727508.258393005 51727509.878913 0.0 0.0 2612.9427449765217 3.199999998844195 0.0 0.0
314.0 51727509.878913 51727511.499432996 51727513.119953 0.0 0.0 2612.9427449765217 3.199999998844195 0.0 0.0
315.0 51727513.119953 51727514.740473 51727516.360993 0.0 0.0 2612.9427449765217 3.199999998844195 0.0 0.0
316.0 51727516.360993 51727517.98151299 51727519.602033 0.0 0.0 2612.9427449765217 3.199999998844195 0.0 0.0
317.0 51727519.602033004 51727521.222553 51727522.843073 0.0 0.0 2612.9427449765217 3.199999998844195 0.0 0.0
318.0 51727522.843073 51727524.463593006 51727526.084113 0.0 0.0 2612.9427449765217 3.199999998844195 0.0 0.0
319.0 51727526.084113 51727527.704633 51727529.325153 0.0 0.0 2612.9427449765217 3.199999998844195 0.0 0.0
320.0 51727529.325153 51727530.945673004 51727532.566193 0.0 0.0 2612.9427449765217 3.199999998844195 0.0 0.0
321.0 51727532.566193 51727534.186712995 51727535.807233 0.0 0.0 2612.9427449765217 3.199999998844195 0.0 0.0
322.0 51727535.807233 51727537.427753 51727539.048273 0.0 0.0 2612.9427449765217 3.199999998844195 0.0 0.0
323.0 51727539.048273005 51727540.66879301 51727542.289313 0.0 0.0 2612.9427449765217 3.199999998844195 0.0 0.0
324.0 51727542.289313 51727543.909833 51727545.530353 0.0 0.0 2612.9427449765217 3.199999998844195 0.0 0.0
325.0 51727545.530353 51727547.150873005 51727548.771393 0.0 0.0 2612.9427449765217 3.199999998844195 0.0 0.0
326.0 51727548.771393 51727550.391913 51727552.012433 0.0 0.0 2612.9427449765217 3.199999998844195 0.0 0.0
327.0 51727552.012433 51727553.632953 51727555.253473 0.0 0.0 2612.9427449765217 3.199999998844195 0.0 0.0
328.0 51727555.253473 51727556.873992994 51727558.494513 0.0 0.0 2612.9427449765217 3.199999998844195 0.0 0.0
329.0 51727558.494513005 51727560.115033 51727561.735553004 0.0 0.0 2612.9427449765217 3.199999998844195 0.0 0.0
330.0 51727561.735553004 51727563.35607301 51727564.976593 0.0 0.0 2612.9427449765217 3.199999998844195 0.0 0.0
331.0 51727564.976593 51727566.597113 51727568.217633 0.0 0.0 2612.9427449765217 3.199999998844195 0.0 0.0
332.0 51727568.217633 51727569.838153005 51727571.458673 0.0 0.0 2612.9427449765217 3.199999998844195 0.0 0.0
333.0 51727571.458673 51727573.079192996 51727574.699713 0.0 0.0 2612.9427449765217 3.199999998844195 0.0 0.0
334.0 51727574.699713 51727576.320233 51727577.940753 0.0 0.0 2612.9427449765217 3.199999998844195 0.0 0.0
335.0 51727577.940753 51727579.56127299 51727581.181793 0.0 0.0 2612.9427449765217 3.199999998844195 0.0 0.0
336.0 51727581.181793004 51727582.802313 51727584.422833 0.0 0.0 2612.9427449765217 3.199999998844195 0.0 0.0
337.0 51727584.422833 51727586.043353006 51727587.663873 0.0 0.0 2612.9427449765217 3.199999998844195 0.0 0.0
338.0 51727587.663873 51727589.284393 51727590.904913 0.0 0.0 2612.9427449765217 3.199999998844195 0.0 0.0
339.0 51727590.904913 51727592.525433004 51727594.145953 0.0 0.0 2612.9427449765217 3.199999998844195 0.0 0.0
340.0 51727594.145953 51727595.766472995 51727597.386993 0.0 0.0 2612.9427449765217 3.199999998844195 0.0 0.0
341.0 51727597.386993 51727599.007513 51727600.628033 0.0 0.0 2612.9427449765217 3.199999998844195 0.0 0.0
342.0 51727600.628033005 51727602.24855301 51727603.869073 0.0 0.0 2612.9427449765217 3.199999998844195 0.0 0.0
343.0 51727603.869073 51727605.489593 51727607.110113 0.0 0.0 2612.9427449765217 3.199999998844195 0.0 0.0
344.0 51727607.110113 51727608.730633005 51727610.351153 0.0 0.0 2612.9427449765217 3.199999998844195 0.0 0.0
345.0 51727610.351153 51727611.971673 51727613.592193 0.0 0.0 2612.9427449765217 3.199999998844195 0.0 0.0
346.0 51727613.592193 51727615.212713 51727616.833233 1.0 1.0 2612.9427449765217 3.199999998844195 0.3125000001128716 0.3125000001128716
347.0 51727616.833233 51727618.453752995 51727620.074273 0.0 0.0 2612.9427449765217 3.199999998844195 0.0 0.0
348.0 51727620.074273005 51727621.694793 51727623.315313004 0.0 0.0 2612.9427449765217 3.199999998844195 0.0 0.0
349.0 51727623.315313004 51727624.93583301 51727626.556353 0.0 0.0 2612.9427449765217 3.199999998844195 0.0 0.0
350.0 51727626.556353 51727628.176873 51727629.797393 0.0 0.0 2612.9427449765217 3.199999998844195 0.0 0.0
351.0 51727629.797393 51727631.417913005 51727633.038433 0.0 0.0 2612.9427449765217 3.199999998844195 0.0 0.0
352.0 51727633.038433 51727634.658952996 51727636.279473 0.0 0.0 2612.9427449765217 3.199999998844195 0.0 0.0
353.0 51727636.279473 51727637.899993 51727639.520513 0.0 0.0 2612.9427449765217 3.199999998844195 0.0 0.0
354.0 51727639.520513 51727641.141032994 51727642.761553 0.0 0.0 2612.9427449765217 3.199999998844195 0.0 0.0
355.0 51727642.761553004 51727644.382073 51727646.002593 0.0 0.0 2612.9427449765217 3.199999998844195 0.0 0.0
356.0 51727646.002593 51727647.62311301 51727649.243633 0.0 0.0 2612.9427449765217 3.199999998844195 0.0 0.0
357.0 51727649.243633 51727650.864153 51727652.484673 0.0 0.0 2612.9427449765217 3.199999998844195 0.0 0.0
358.0 51727652.484673 51727654.105193004 51727655.725713 0.0 0.0 2612.9427449765217 3.199999998844195 0.0 0.0
359.0 51727655.725713 51727657.346232995 51727658.966753 0.0 0.0 2612.9427449765217 3.199999998844195 0.0 0.0
360.0 51727658.966753 51727660.587273 51727662.207793 0.0 0.0 2612.9427449765217 3.199999998844195 0.0 0.0
361.0 51727662.207793005 51727663.82831301 51727665.448833 0.0 0.0 2612.9427449765217 3.199999998844195 0.0 0.0
362.0 51727665.448833 51727667.069353 51727668.689873 0.0 0.0 2612.9427449765217 3.199999998844195 0.0 0.0
363.0 51727668.689873 51727670.310393006 51727671.930913 0.0 0.0 2612.9427449765217 3.199999998844195 0.0 0.0
364.0 51727671.930913 51727673.551433 51727675.171953 0.0 0.0 2612.9427449765217 3.199999998844195 0.0 0.0
365.0 51727675.171953 51727676.792473 51727678.412993 0.0 0.0 2612.9427449765217 3.199999998844195 0.0 0.0
366.0 51727678.412993 51727680.033512995 51727681.654033 0.0 0.0 2612.9427449765217 3.199999998844195 0.0 0.0
367.0 51727681.654033005 51727683.274553 51727684.895073004 0.0 0.0 2612.9427449765217 3.199999998844195 0.0 0.0
368.0 51727684.895073004 51727686.51559301 51727688.136113 0.0 0.0 2612.9427449765217 3.199999998844195 0.0 0.0
369.0 51727688.136113 51727689.756633 51727691.377153 0.0 0.0 2612.9427449765217 3.199999998844195 0.0 0.0
370.0 51727691.377153 51727692.997673005 51727694.618193 0.0 0.0 2612.9427449765217 3.199999998844195 0.0 0.0
371.0 51727694.618193 51727696.238712996 51727697.859233 0.0 0.0 2612.9427449765217 3.199999998844195 0.0 0.0
372.0 51727697.859233 51727699.479753 51727701.100273 1.0 1.0 2612.9427449765217 3.199999998844195 0.3125000001128716 0.3125000001128716
373.0 51727701.100273 51727702.720792994 51727704.341313 0.0 0.0 2612.9427449765217 3.199999998844195 0.0 0.0
374.0 51727704.341313004 51727705.961833 51727707.582353 0.0 0.0 2612.9427449765217 3.199999998844195 0.0 0.0
375.0 51727707.582353 51727709.20287301 51727710.823393 0.0 0.0 2612.9427449765217 3.199999998844195 0.0 0.0
376.0 51727710.823393 51727712.443913 51727714.064433 0.0 0.0 2612.9427449765217 3.199999998844195 0.0 0.0
377.0 51727714.064433 51727715.684953004 51727717.305473 0.0 0.0 2612.9427449765217 3.199999998844195 0.0 0.0
378.0 51727717.305473 51727718.925992996 51727720.546513 0.0 0.0 2612.9427449765217 3.199999998844195 0.0 0.0
379.0 51727720.546513 51727722.167033 51727723.787553 0.0 0.0 2612.9427449765217 3.199999998844195 0.0 0.0
380.0 51727723.787553005 51727725.40807301 51727727.028593004 0.0 0.0 2612.9427449765217 3.199999998844195 0.0 0.0
381.0 51727727.028593004 51727728.649113 51727730.269633 0.0 0.0 2612.9427449765217 3.199999998844195 0.0 0.0
382.0 51727730.269633 51727731.890153006 51727733.510673 0.0 0.0 2612.9427449765217 3.199999998844195 0.0 0.0
383.0 51727733.510673 51727735.131193 51727736.751713 0.0 0.0 2612.9427449765217 3.199999998844195 0.0 0.0
384.0 51727736.751713 51727738.372233 51727739.992753 0.0 0.0 2612.9427449765217 3.199999998844195 0.0 0.0
385.0 51727739.992753 51727741.613272995 51727743.233793 0.0 0.0 2612.9427449765217 3.199999998844195 0.0 0.0
386.0 51727743.233793 51727744.854313 51727746.474833 0.0 0.0 2612.9427449765217 3.199999998844195 0.0 0.0
387.0 51727746.474833004 51727748.09535301 51727749.715873 0.0 0.0 2612.9427449765217 3.199999998844195 0.0 0.0
388.0 51727749.715873 51727751.336393 51727752.956913 0.0 0.0 2612.9427449765217 3.199999998844195 0.0 0.0
389.0 51727752.956913 51727754.577433005 51727756.197953 0.0 0.0 2612.9427449765217 3.199999998844195 0.0 0.0
390.0 51727756.197953 51727757.818473 51727759.438993 0.0 0.0 2612.9427449765217 3.199999998844195 0.0 0.0
391.0 51727759.438993 51727761.059513 51727762.680033 0.0 0.0 2612.9427449765217 3.199999998844195 0.0 0.0
392.0 51727762.680033 51727764.300552994 51727765.921073 0.0 0.0 2612.9427449765217 3.199999998844195 0.0 0.0
393.0 51727765.921073005 51727767.541593 51727769.162113 0.0 0.0 2612.9427449765217 3.199999998844195 0.0 0.0
394.0 51727769.162113 51727770.78263301 51727772.403153 0.0 0.0 2612.9427449765217 3.199999998844195 0.0 0.0
395.0 51727772.403153 51727774.023673 51727775.644193 0.0 0.0 2612.9427449765217 3.199999998844195 0.0 0.0
396.0 51727775.644193 51727777.264713004 51727778.885233 0.0 0.0 2612.9427449765217 3.199999998844195 0.0 0.0
397.0 51727778.885233 51727780.505752996 51727782.126273 0.0 0.0 2612.9427449765217 3.199999998844195 0.0 0.0
398.0 51727782.126273 51727783.746793 51727785.367313 0.0 0.0 2612.9427449765217 3.199999998844195 0.0 0.0
399.0 51727785.367313005 51727786.98783301 51727788.608353004 0.0 0.0 2612.9427449765217 3.199999998844195 0.0 0.0
400.0 51727788.608353004 51727790.228873 51727791.849393 0.0 0.0 2612.9427449765217 3.199999998844195 0.0 0.0
401.0 51727791.849393 51727793.469913006 51727795.090433 0.0 0.0 2612.9427449765217 3.199999998844195 0.0 0.0
402.0 51727795.090433 51727796.710953 51727798.331473 0.0 0.0 2612.9427449765217 3.199999998844195 0.0 0.0
403.0 51727798.331473 51727799.951993 51727801.572513 0.0 0.0 2612.9427449765217 3.199999998844195 0.0 0.0
404.0 51727801.572513 51727803.193032995 51727804.813553 1.0 1.0 2612.9427449765217 3.199999998844195 0.3125000001128716 0.3125000001128716
405.0 51727804.813553 51727806.434073 51727808.054593 0.0 0.0 2612.9427449765217 3.199999998844195 0.0 0.0
406.0 51727808.054593004 51727809.67511301 51727811.295633 0.0 0.0 2612.9427449765217 3.199999998844195 0.0 0.0
407.0 51727811.295633 51727812.916153 51727814.536673 0.0 0.0 2612.9427449765217 3.199999998844195 0.0 0.0
408.0 51727814.536673 51727816.157193005 51727817.777713 0.0 0.0 2612.9427449765217 3.199999998844195 0.0 0.0
409.0 51727817.777713 51727819.398233 51727821.018753 0.0 0.0 2612.9427449765217 3.199999998844195 0.0 0.0
410.0 51727821.018753 51727822.639273 51727824.259793 0.0 0.0 2612.9427449765217 3.199999998844195 0.0 0.0
411.0 51727824.259793 51727825.880312994 51727827.500833 0.0 0.0 2612.9427449765217 3.199999998844195 0.0 0.0
412.0 51727827.500833005 51727829.121353 51727830.741873 0.0 0.0 2612.9427449765217 3.199999998844195 0.0 0.0
413.0 51727830.741873 51727832.36239301 51727833.982913 0.0 0.0 2612.9427449765217 3.199999998844195 0.0 0.0
414.0 51727833.982913 51727835.603433 51727837.223953 0.0 0.0 2612.9427449765217 3.199999998844195 0.0 0.0
415.0 51727837.223953 51727838.844473004 51727840.464993 0.0 0.0 2612.9427449765217 3.199999998844195 0.0 0.0
416.0 51727840.464993 51727842.085512996 51727843.706033 0.0 0.0 2612.9427449765217 3.199999998844195 0.0 0.0
417.0 51727843.706033 51727845.326553 51727846.947073 0.0 0.0 2612.9427449765217 3.199999998844195 0.0 0.0
418.0 51727846.947073005 51727848.56759301 51727850.188113004 0.0 0.0 2612.9427449765217 3.199999998844195 0.0 0.0
419.0 51727850.188113004 51727851.808633 51727853.429153 0.0 0.0 2612.9427449765217 3.199999998844195 0.0 0.0
420.0 51727853.429153 51727855.049673006 51727856.670193 0.0 0.0 2612.9427449765217 3.199999998844195 0.0 0.0
421.0 51727856.670193 51727858.290713 51727859.911233 0.0 0.0 2612.9427449765217 3.199999998844195 0.0 0.0
422.0 51727859.911233 51727861.531753 51727863.152273 0.0 0.0 2612.9427449765217 3.199999998844195 0.0 0.0
423.0 51727863.152273 51727864.772792995 51727866.393313 0.0 0.0 2612.9427449765217 3.199999998844195 0.0 0.0
424.0 51727866.393313 51727868.013833 51727869.634353 0.0 0.0 2612.9427449765217 3.199999998844195 0.0 0.0
425.0 51727869.634353004 51727871.25487301 51727872.875393 0.0 0.0 2612.9427449765217 3.199999998844195 0.0 0.0
426.0 51727872.875393 51727874.495913 51727876.116433 0.0 0.0 2612.9427449765217 3.199999998844195 0.0 0.0
427.0 51727876.116433 51727877.736953005 51727879.357473 0.0 0.0 2612.9427449765217 3.199999998844195 0.0 0.0
428.0 51727879.357473 51727880.977993 51727882.598513 0.0 0.0 2612.9427449765217 3.199999998844195 0.0 0.0
429.0 51727882.598513 51727884.219033 51727885.839553 0.0 0.0 2612.9427449765217 3.199999998844195 0.0 0.0
430.0 51727885.839553 51727887.460072994 51727889.080593 0.0 0.0 2612.9427449765217 3.199999998844195 0.0 0.0
431.0 51727889.080593005 51727890.701113 51727892.321633 0.0 0.0 2612.9427449765217 3.199999998844195 0.0 0.0
432.0 51727892.321633 51727893.94215301 51727895.562673 0.0 0.0 2612.9427449765217 3.199999998844195 0.0 0.0
433.0 51727895.562673 51727897.183193 51727898.803713 0.0 0.0 2612.9427449765217 3.199999998844195 0.0 0.0
434.0 51727898.803713 51727900.424233004 51727902.044753 0.0 0.0 2612.9427449765217 3.199999998844195 0.0 0.0
435.0 51727902.044753 51727903.665272996 51727905.285793 0.0 0.0 2612.9427449765217 3.199999998844195 0.0 0.0
436.0 51727905.285793 51727906.906313 51727908.526833 0.0 0.0 2612.9427449765217 3.199999998844195 0.0 0.0
437.0 51727908.526833005 51727910.14735301 51727911.767873004 0.0 0.0 2612.9427449765217 3.199999998844195 0.0 0.0
438.0 51727911.767873004 51727913.388393 51727915.008913 0.0 0.0 2612.9427449765217 3.199999998844195 0.0 0.0
439.0 51727915.008913 51727916.629433006 51727918.249953 0.0 0.0 2612.9427449765217 3.199999998844195 0.0 0.0
440.0 51727918.249953 51727919.870473 51727921.490993 0.0 0.0 2612.9427449765217 3.199999998844195 0.0 0.0
441.0 51727921.490993 51727923.111513 51727924.732033 0.0 0.0 2612.9427449765217 3.199999998844195 0.0 0.0
442.0 51727924.732033 51727926.352552995 51727927.973073 0.0 0.0 2612.9427449765217 3.199999998844195 0.0 0.0
443.0 51727927.973073 51727929.593593 51727931.214113 0.0 0.0 2612.9427449765217 3.199999998844195 0.0 0.0
444.0 51727931.214113005 51727932.83463301 51727934.455153 0.0 0.0 2612.9427449765217 3.199999998844195 0.0 0.0
445.0 51727934.455153 51727936.075673 51727937.696193 1.0 1.0 2612.9427449765217 3.199999998844195 0.3125000001128716 0.3125000001128716
446.0 51727937.696193 51727939.316713005 51727940.937233 0.0 0.0 2612.9427449765217 3.199999998844195 0.0 0.0
447.0 51727940.937233 51727942.557753 51727944.178273 0.0 0.0 2612.9427449765217 3.199999998844195 0.0 0.0
448.0 51727944.178273 51727945.798793 51727947.419313 0.0 0.0 2612.9427449765217 3.199999998844195 0.0 0.0
449.0 51727947.419313 51727949.039832994 51727950.660353 0.0 0.0 2612.9427449765217 3.199999998844195 0.0 0.0
450.0 51727950.660353005 51727952.280873 51727953.901393004 0.0 0.0 2612.9427449765217 3.199999998844195 0.0 0.0
451.0 51727953.901393004 51727955.52191301 51727957.142433 0.0 0.0 2612.9427449765217 3.199999998844195 0.0 0.0
452.0 51727957.142433 51727958.762953 51727960.383473 0.0 0.0 2612.9427449765217 3.199999998844195 0.0 0.0
453.0 51727960.383473 51727962.003993005 51727963.624513 0.0 0.0 2612.9427449765217 3.199999998844195 0.0 0.0
454.0 51727963.624513 51727965.245032996 51727966.865553 0.0 0.0 2612.9427449765217 3.199999998844195 0.0 0.0
455.0 51727966.865553 51727968.486073 51727970.106593 6.0 2.449489742783178 2612.9427449765217 3.199999998844195 1.8750000006772296 0.7654655448962209
456.0 51727970.106593 51727971.72711299 51727973.347633 0.0 0.0 2612.9427449765217 3.199999998844195 0.0 0.0
457.0 51727973.347633004 51727974.968153 51727976.588673 0.0 0.0 2612.9427449765217 3.199999998844195 0.0 0.0
458.0 51727976.588673 51727978.209193006 51727979.829713 0.0 0.0 2612.9427449765217 3.199999998844195 0.0 0.0
459.0 51727979.829713 51727981.450233 51727983.070753 0.0 0.0 2612.9427449765217 3.199999998844195 0.0 0.0
460.0 51727983.070753 51727984.691273004 51727986.311793 0.0 0.0 2612.9427449765217 3.199999998844195 0.0 0.0
461.0 51727986.311793 51727987.932312995 51727989.552833 0.0 0.0 2612.9427449765217 3.199999998844195 0.0 0.0
462.0 51727989.552833 51727991.173353 51727992.793873 0.0 0.0 2612.9427449765217 3.199999998844195 0.0 0.0
463.0 51727992.793873005 51727994.41439301 51727996.034913 0.0 0.0 2612.9427449765217 3.199999998844195 0.0 0.0
464.0 51727996.034913 51727997.655433 51727999.275953 0.0 0.0 2612.9427449765217 3.199999998844195 0.0 0.0
465.0 51727999.275953 51728000.896473005 51728002.516993 0.0 0.0 2612.9427449765217 3.199999998844195 0.0 0.0
466.0 51728002.516993 51728004.137513 51728005.758033 0.0 0.0 2612.9427449765217 3.199999998844195 0.0 0.0
467.0 51728005.758033 51728007.378553 51728008.999073 1.0 1.0 2612.9427449765217 3.199999998844195 0.3125000001128716 0.3125000001128716
468.0 51728008.999073 51728010.619592994 51728012.240113 0.0 0.0 2612.9427449765217 3.199999998844195 0.0 0.0
469.0 51728012.240113005 51728013.860633 51728015.481153004 0.0 0.0 2612.9427449765217 3.199999998844195 0.0 0.0
470.0 51728015.481153004 51728017.10167301 51728018.722193 0.0 0.0 2612.9427449765217 3.199999998844195 0.0 0.0
471.0 51728018.722193 51728020.342713 51728021.963233 0.0 0.0 2612.9427449765217 3.199999998844195 0.0 0.0
472.0 51728021.963233 51728023.583753005 51728025.204273 0.0 0.0 2612.9427449765217 3.199999998844195 0.0 0.0
473.0 51728025.204273 51728026.824792996 51728028.445313 0.0 0.0 2612.9427449765217 3.199999998844195 0.0 0.0
474.0 51728028.445313 51728030.065833 51728031.686353 0.0 0.0 2612.9427449765217 3.199999998844195 0.0 0.0
475.0 51728031.686353 51728033.30687299 51728034.927393 0.0 0.0 2612.9427449765217 3.199999998844195 0.0 0.0
476.0 51728034.927393004 51728036.547913 51728038.168433 0.0 0.0 2612.9427449765217 3.199999998844195 0.0 0.0
477.0 51728038.168433 51728039.788953006 51728041.409473 0.0 0.0 2612.9427449765217 3.199999998844195 0.0 0.0
478.0 51728041.409473 51728043.029993 51728044.650513 0.0 0.0 2612.9427449765217 3.199999998844195 0.0 0.0
479.0 51728044.650513 51728046.271033004 51728047.891553 0.0 0.0 2612.9427449765217 3.199999998844195 0.0 0.0
480.0 51728047.891553 51728049.512072995 51728051.132593 0.0 0.0 2612.9427449765217 3.199999998844195 0.0 0.0
481.0 51728051.132593 51728052.753113 51728054.373633 0.0 0.0 2612.9427449765217 3.199999998844195 0.0 0.0
482.0 51728054.373633005 51728055.99415301 51728057.614673 0.0 0.0 2612.9427449765217 3.199999998844195 0.0 0.0
483.0 51728057.614673 51728059.235193 51728060.855713 0.0 0.0 2612.9427449765217 3.199999998844195 0.0 0.0
484.0 51728060.855713 51728062.476233006 51728064.096753 0.0 0.0 2612.9427449765217 3.199999998844195 0.0 0.0
485.0 51728064.096753 51728065.717273 51728067.337793 0.0 0.0 2612.9427449765217 3.199999998844195 0.0 0.0
486.0 51728067.337793 51728068.958313 51728070.578833 0.0 0.0 2612.9427449765217 3.199999998844195 0.0 0.0
487.0 51728070.578833 51728072.199352995 51728073.819873 0.0 0.0 2612.9427449765217 3.199999998844195 0.0 0.0
488.0 51728073.819873005 51728075.440393 51728077.060913004 0.0 0.0 2612.9427449765217 3.199999998844195 0.0 0.0
489.0 51728077.060913004 51728078.68143301 51728080.301953 0.0 0.0 2612.9427449765217 3.199999998844195 0.0 0.0
490.0 51728080.301953 51728081.922473 51728083.542993 0.0 0.0 2612.9427449765217 3.199999998844195 0.0 0.0
491.0 51728083.542993 51728085.163513005 51728086.784033 0.0 0.0 2612.9427449765217 3.199999998844195 0.0 0.0
492.0 51728086.784033 51728088.404552996 51728090.025073 0.0 0.0 2612.9427449765217 3.199999998844195 0.0 0.0
493.0 51728090.025073 51728091.645593 51728093.266113 0.0 0.0 2612.9427449765217 3.199999998844195 0.0 0.0
494.0 51728093.266113 51728094.886632994 51728096.507153 0.0 0.0 2612.9427449765217 3.199999998844195 0.0 0.0
495.0 51728096.507153004 51728098.127673 51728099.748193 0.0 0.0 2612.9427449765217 3.199999998844195 0.0 0.0
496.0 51728099.748193 51728101.36871301 51728102.989233 0.0 0.0 2612.9427449765217 3.199999998844195 0.0 0.0
497.0 51728102.989233 51728104.609753 51728106.230273 0.0 0.0 2612.9427449765217 3.199999998844195 0.0 0.0
498.0 51728106.230273 51728107.850793004 51728109.471313 0.0 0.0 2612.9427449765217 3.199999998844195 0.0 0.0
499.0 51728109.471313 51728111.091832995 51728112.712353 0.0 0.0 2612.9427449765217 3.199999998844195 0.0 0.0
500.0 51728112.712353 51728114.332873 51728115.953393 0.0 0.0 2612.9427449765217 3.199999998844195 0.0 0.0
501.0 51728115.953393005 51728117.57391301 51728119.194433 0.0 0.0 2612.9427449765217 3.199999998844195 0.0 0.0
502.0 51728119.194433 51728120.814953 51728122.435473 0.0 0.0 2612.9427449765217 3.199999998844195 0.0 0.0
503.0 51728122.435473 51728124.055993006 51728125.676513 0.0 0.0 2612.9427449765217 3.199999998844195 0.0 0.0
504.0 51728125.676513 51728127.297033 51728128.917553 0.0 0.0 2612.9427449765217 3.199999998844195 0.0 0.0
505.0 51728128.917553 51728130.538073 51728132.158593 0.0 0.0 2612.9427449765217 3.199999998844195 0.0 0.0
506.0 51728132.158593 51728133.779112995 51728135.399633 0.0 0.0 2612.9427449765217 3.199999998844195 0.0 0.0
507.0 51728135.399633005 51728137.020153 51728138.640673004 0.0 0.0 2612.9427449765217 3.199999998844195 0.0 0.0
508.0 51728138.640673004 51728140.26119301 51728141.881713 0.0 0.0 2612.9427449765217 3.199999998844195 0.0 0.0
509.0 51728141.881713 51728143.502233 51728145.122753 0.0 0.0 2612.9427449765217 3.199999998844195 0.0 0.0
510.0 51728145.122753 51728146.743273005 51728148.363793 0.0 0.0 2612.9427449765217 3.199999998844195 0.0 0.0
511.0 51728148.363793 51728149.984312996 51728151.604833 0.0 0.0 2612.9427449765217 3.199999998844195 0.0 0.0
512.0 51728151.604833 51728153.225353 51728154.845873 0.0 0.0 2612.9427449765217 3.199999998844195 0.0 0.0
513.0 51728154.845873 51728156.466392994 51728158.086913 0.0 0.0 2612.9427449765217 3.199999998844195 0.0 0.0
514.0 51728158.086913005 51728159.707433 51728161.327953 0.0 0.0 2612.9427449765217 3.199999998844195 0.0 0.0
515.0 51728161.327953 51728162.94847301 51728164.568993 0.0 0.0 2612.9427449765217 3.199999998844195 0.0 0.0
516.0 51728164.568993 51728166.189513 51728167.810033 1.0 1.0 2612.9427449765217 2.16795675603833 0.46126381313406595 0.46126381313406595
517.0 51728167.810033 51728169.430553004 51728171.051073 0.0 0.0 2612.9427449765217 0.0 0.0 0.0
518.0 51728171.051073 51728172.671592996 51728174.292113 0.0 0.0 2612.9427449765217 0.0 0.0 0.0
519.0 51728174.292113 51728175.912633 51728177.533153 0.0 0.0 2612.9427449765217 0.0 0.0 0.0
520.0 51728177.533153005 51728179.15367301 51728180.774193004 0.0 0.0 2612.9427449765217 0.0 0.0 0.0
521.0 51728180.774193004 51728182.394713 51728184.015233 0.0 0.0 2612.9427449765217 0.0 0.0 0.0
522.0 51728184.015233 51728185.635753006 51728187.256273 0.0 0.0 2612.9427449765217 0.0 0.0 0.0
523.0 51728187.256273 51728188.876793 51728190.497313 0.0 0.0 2612.9427449765217 0.0 0.0 0.0
524.0 51728190.497313 51728192.117833 51728193.738353 0.0 0.0 2612.9427449765217 0.0 0.0 0.0
525.0 51728193.738353 51728195.358872995 51728196.979393 0.0 0.0 2612.9427449765217 0.0 0.0 0.0
526.0 51728196.979393 51728198.599913 51728200.220433 0.0 0.0 2612.9427449765217 0.0 0.0 0.0
527.0 51728200.220433004 51728201.84095301 51728203.461473 0.0 0.0 2612.9427449765217 0.0 0.0 0.0
528.0 51728203.461473 51728205.081993 51728206.702513 0.0 0.0 2612.9427449765217 0.0 0.0 0.0
529.0 51728206.702513 51728208.323033005 51728209.943553 0.0 0.0 2612.9427449765217 0.0 0.0 0.0
530.0 51728209.943553 51728211.564073 51728213.184593 0.0 0.0 2612.9427449765217 0.0 0.0 0.0
531.0 51728213.184593 51728214.805113 51728216.425633 0.0 0.0 2612.9427449765217 0.0 0.0 0.0
532.0 51728216.425633 51728218.046152994 51728219.666673 0.0 0.0 2612.9427449765217 0.0 0.0 0.0
533.0 51728219.666673005 51728221.287193 51728222.907713 0.0 0.0 2612.9427449765217 0.0 0.0 0.0
534.0 51728222.907713 51728224.52823301 51728226.148753 0.0 0.0 2612.9427449765217 0.0 0.0 0.0
535.0 51728226.148753 51728227.769273 51728229.389793 0.0 0.0 2612.9427449765217 0.0 0.0 0.0
536.0 51728229.389793 51728231.010313004 51728232.630833 0.0 0.0 2612.9427449765217 0.0 0.0 0.0
537.0 51728232.630833 51728234.251352996 51728235.871873 0.0 0.0 2612.9427449765217 0.0 0.0 0.0
538.0 51728235.871873 51728237.492393 51728239.112913 0.0 0.0 2612.9427449765217 0.0 0.0 0.0
539.0 51728239.112913005 51728240.73343301 51728242.353953004 0.0 0.0 2612.9427449765217 0.0 0.0 0.0
540.0 51728242.353953004 51728243.974473 51728245.594993 0.0 0.0 2612.9427449765217 0.0 0.0 0.0
541.0 51728245.594993 51728247.215513006 51728248.836033 0.0 0.0 2612.9427449765217 0.0 0.0 0.0
542.0 51728248.836033 51728250.456553 51728252.077073 0.0 0.0 2612.9427449765217 0.0 0.0 0.0
543.0 51728252.077073 51728253.697593 51728255.318113 0.0 0.0 2612.9427449765217 0.0 0.0 0.0
544.0 51728255.318113 51728256.938632995 51728258.559153 0.0 0.0 2612.9427449765217 0.0 0.0 0.0
545.0 51728258.559153 51728260.179673 51728261.800193 0.0 0.0 2612.9427449765217 0.0 0.0 0.0
546.0 51728261.800193004 51728263.42071301 51728265.041233 0.0 0.0 2612.9427449765217 0.0 0.0 0.0
547.0 51728265.041233 51728266.661753 51728268.282273 0.0 0.0 2612.9427449765217 0.0 0.0 0.0
548.0 51728268.282273 51728269.902793005 51728271.523313 0.0 0.0 2612.9427449765217 0.0 0.0 0.0
549.0 51728271.523313 51728273.143833 51728274.764353 0.0 0.0 2612.9427449765217 0.0 0.0 0.0
550.0 51728274.764353 51728276.384873 51728278.005393 0.0 0.0 2612.9427449765217 0.0 0.0 0.0
551.0 51728278.005393 51728279.625912994 51728281.246433 0.0 0.0 2612.9427449765217 0.0 0.0 0.0
552.0 51728281.246433005 51728282.866953 51728284.487473 0.0 0.0 2612.9427449765217 0.0 0.0 0.0
553.0 51728284.487473 51728286.10799301 51728287.728513 0.0 0.0 2612.9427449765217 0.0 0.0 0.0
554.0 51728287.728513 51728289.349033 51728290.969553 0.0 0.0 2612.9427449765217 0.0 0.0 0.0
555.0 51728290.969553 51728292.590073004 51728294.210593 0.0 0.0 2612.9427449765217 0.0 0.0 0.0
556.0 51728294.210593 51728295.831112996 51728297.451633 0.0 0.0 2612.9427449765217 0.0 0.0 0.0
