TIME_BIN TIME_MIN TIME TIME_MAX COUNTS STAT_ERR AREA EXPOSURE COUNT_RATE COUNT_RATE_ERR
1.0 51748695.909192 51748697.52971201 51748699.150232 0.0 0.0 1021.4178759068972 0.0 0.0 0.0
2.0 51748699.150232 51748700.770752 51748702.391272 0.0 0.0 1021.4178759068972 0.0 0.0 0.0
3.0 51748702.391272 51748704.011792004 51748705.632312 0.0 0.0 1021.4178759068972 0.0 0.0 0.0
4.0 51748705.632312 51748707.252831995 51748708.873352 0.0 0.0 1021.4178759068972 0.0 0.0 0.0
5.0 51748708.873352006 51748710.493872 51748712.114392005 0.0 0.0 1021.4178759068972 0.0 0.0 0.0
6.0 51748712.114392005 51748713.73491201 51748715.355432004 0.0 0.0 1021.4178759068972 0.0 0.0 0.0
7.0 51748715.355432004 51748716.975952 51748718.596472 0.0 0.0 1021.4178759068972 0.0 0.0 0.0
8.0 51748718.596472 51748720.216992006 51748721.837512 0.0 0.0 1021.4178759068972 0.0 0.0 0.0
9.0 51748721.837512 51748723.458032 51748725.078552 0.0 0.0 1021.4178759068972 0.0 0.0 0.0
10.0 51748725.078552 51748726.699072 51748728.319592 0.0 0.0 1021.4178759068972 0.0 0.0 0.0
11.0 51748728.31959201 51748729.94011201 51748731.560632005 0.0 0.0 1021.4178759068972 0.0 0.0 0.0
12.0 51748731.560632005 51748733.181152 51748734.801672004 0.0 0.0 1021.4178759068972 0.0 0.0 0.0
13.0 51748734.801672004 51748736.42219201 51748738.042712 0.0 0.0 1021.4178759068972 0.0 0.0 0.0
14.0 51748738.042712 51748739.663232 51748741.283752 0.0 0.0 1021.4178759068972 0.0 0.0 0.0
15.0 51748741.283752 51748742.904272005 51748744.524792 0.0 0.0 1021.4178759068972 0.0 0.0 0.0
16.0 51748744.524792 51748746.145312 51748747.765832 0.0 0.0 1021.4178759068972 0.0 0.0 0.0
17.0 51748747.76583201 51748749.386352 51748751.006872006 0.0 0.0 1021.4178759068972 0.0 0.0 0.0
18.0 51748751.006872006 51748752.62739201 51748754.247912005 0.0 0.0 1021.4178759068972 0.0 0.0 0.0
19.0 51748754.247912005 51748755.868432 51748757.488952 0.0 0.0 1021.4178759068972 0.0 0.0 0.0
20.0 51748757.488952 51748759.10947201 51748760.729992 0.0 0.0 1021.4178759068972 0.0 0.0 0.0
21.0 51748760.729992 51748762.350512 51748763.971032 0.0 0.0 1021.4178759068972 0.0 0.0 0.0
22.0 51748763.971032 51748765.591552004 51748767.212072 0.0 0.0 1021.4178759068972 0.0 0.0 0.0
23.0 51748767.212072 51748768.832591996 51748770.453112 0.0 0.0 1021.4178759068972 0.0 0.0 0.0
24.0 51748770.453112006 51748772.073632 51748773.694152005 0.0 0.0 1021.4178759068972 0.0 0.0 0.0
25.0 51748773.694152005 51748775.31467201 51748776.935192004 0.0 0.0 1021.4178759068972 0.0 0.0 0.0
26.0 51748776.935192004 51748778.555712 51748780.176232 0.0 0.0 1021.4178759068972 0.0 0.0 0.0
27.0 51748780.176232 51748781.796752006 51748783.417272 0.0 0.0 1021.4178759068972 0.0 0.0 0.0
28.0 51748783.417272 51748785.037792 51748786.658312 0.0 0.0 1021.4178759068972 0.0 0.0 0.0
29.0 51748786.658312 51748788.278832 51748789.899352 0.0 0.0 1021.4178759068972 0.0 0.0 0.0
30.0 51748789.89935201 51748791.51987201 51748793.140392005 0.0 0.0 1021.4178759068972 0.0 0.0 0.0
31.0 51748793.140392005 51748794.760912 51748796.381432004 0.0 0.0 1021.4178759068972 0.0 0.0 0.0
32.0 51748796.381432004 51748798.00195201 51748799.622472 0.0 0.0 1021.4178759068972 0.0 0.0 0.0
33.0 51748799.622472 51748801.242992 51748802.863512 0.0 0.0 1021.4178759068972 0.0 0.0 0.0
34.0 51748802.863512 51748804.484032005 51748806.104552 0.0 0.0 1021.4178759068972 0.0 0.0 0.0
35.0 51748806.104552 51748807.725072 51748809.345592 0.0 0.0 1021.4178759068972 0.0 0.0 0.0
36.0 51748809.345592 51748810.966112 51748812.586632 0.0 0.0 1021.4178759068972 0.0 0.0 0.0
37.0 51748812.586632006 51748814.20715201 51748815.827672005 0.0 0.0 1021.4178759068972 0.0 0.0 0.0
38.0 51748815.827672005 51748817.448192 51748819.068712 0.0 0.0 1021.4178759068972 0.0 0.0 0.0
39.0 51748819.068712 51748820.68923201 51748822.309752 0.0 0.0 1021.4178759068972 0.0 0.0 0.0
40.0 51748822.309752 51748823.930272 51748825.550792 0.0 0.0 1021.4178759068972 0.0 0.0 0.0
41.0 51748825.550792 51748827.171312004 51748828.791832 0.0 0.0 1021.4178759068972 0.0 0.0 0.0
42.0 51748828.791832 51748830.412351996 51748832.032872 0.0 0.0 1021.4178759068972 0.0 0.0 0.0
43.0 51748832.03287201 51748833.653392 51748835.273912005 0.0 0.0 1021.4178759068972 0.0 0.0 0.0
44.0 51748835.273912005 51748836.89443201 51748838.514952004 0.0 0.0 1021.4178759068972 0.0 0.0 0.0
45.0 51748838.514952004 51748840.135472 51748841.755992 0.0 0.0 1021.4178759068972 0.0 0.0 0.0
46.0 51748841.755992 51748843.376512006 51748844.997032 0.0 0.0 1021.4178759068972 0.0 0.0 0.0
47.0 51748844.997032 51748846.617552 51748848.238072 0.0 0.0 1021.4178759068972 0.0 0.0 0.0
48.0 51748848.238072 51748849.858592 51748851.479112 0.0 0.0 1021.4178759068972 0.0 0.0 0.0
49.0 51748851.47911201 51748853.09963201 51748854.720152006 0.0 0.0 1021.4178759068972 0.0 0.0 0.0
50.0 51748854.720152006 51748856.340672 51748857.961192004 0.0 0.0 1021.4178759068972 0.0 0.0 0.0
51.0 51748857.961192004 51748859.58171201 51748861.202232 0.0 0.0 1021.4178759068972 0.0 0.0 0.0
52.0 51748861.202232 51748862.822752 51748864.443272 0.0 0.0 1021.4178759068972 0.0 0.0 0.0
53.0 51748864.443272 51748866.063792005 51748867.684312 0.0 0.0 1021.4178759068972 0.0 0.0 0.0
54.0 51748867.684312 51748869.304832 51748870.925352 0.0 0.0 1021.4178759068972 0.0 0.0 0.0
55.0 51748870.925352 51748872.545872 51748874.166392 0.0 0.0 1021.4178759068972 0.0 0.0 0.0
56.0 51748874.166392006 51748875.78691201 51748877.407432005 0.0 0.0 1021.4178759068972 0.0 0.0 0.0
57.0 51748877.407432005 51748879.027952 51748880.648472 0.0 0.0 1021.4178759068972 0.0 0.0 0.0
58.0 51748880.648472 51748882.26899201 51748883.889512 0.0 0.0 1021.4178759068972 0.0 0.0 0.0
59.0 51748883.889512 51748885.510032 51748887.130552 0.0 0.0 1021.4178759068972 0.0 0.0 0.0
60.0 51748887.130552 51748888.751072004 51748890.371592 0.0 0.0 1021.4178759068972 0.0 0.0 0.0
61.0 51748890.371592 51748891.992111996 51748893.612632 0.0 0.0 1021.4178759068972 0.0 0.0 0.0
62.0 51748893.61263201 51748895.233152 51748896.853672005 0.0 0.0 1021.4178759068972 0.0 0.0 0.0
63.0 51748896.853672005 51748898.47419201 51748900.094712004 0.0 0.0 1021.4178759068972 0.0 0.0 0.0
64.0 51748900.094712004 51748901.715232 51748903.335752 0.0 0.0 1021.4178759068972 0.0 0.0 0.0
65.0 51748903.335752 51748904.956272006 51748906.576792 0.0 0.0 1021.4178759068972 0.0 0.0 0.0
66.0 51748906.576792 51748908.197312 51748909.817832 0.0 0.0 1021.4178759068972 0.0 0.0 0.0
67.0 51748909.817832 51748911.438352 51748913.058872 0.0 0.0 1021.4178759068972 0.0 0.0 0.0
68.0 51748913.05887201 51748914.67939201 51748916.299912006 0.0 0.0 1021.4178759068972 0.0 0.0 0.0
69.0 51748916.299912006 51748917.920432 51748919.540952004 0.0 0.0 1021.4178759068972 0.0 0.0 0.0
70.0 51748919.540952004 51748921.16147201 51748922.781992 0.0 0.0 1021.4178759068972 0.0 0.0 0.0
71.0 51748922.781992 51748924.402512 51748926.023032 0.0 0.0 1021.4178759068972 0.0 0.0 0.0
72.0 51748926.023032 51748927.643552005 51748929.264072 0.0 0.0 1021.4178759068972 0.0 0.0 0.0
73.0 51748929.264072 51748930.884592 51748932.505112 0.0 0.0 1021.4178759068972 0.0 0.0 0.0
74.0 51748932.505112 51748934.125632 51748935.746152 0.0 0.0 1021.4178759068972 0.0 0.0 0.0
75.0 51748935.746152006 51748937.36667201 51748938.987192005 0.0 0.0 1021.4178759068972 0.0 0.0 0.0
76.0 51748938.987192005 51748940.607712 51748942.228232004 0.0 0.0 1021.4178759068972 0.0 0.0 0.0
77.0 51748942.228232004 51748943.84875201 51748945.469272 0.0 0.0 1021.4178759068972 0.0 0.0 0.0
78.0 51748945.469272 51748947.089792 51748948.710312 0.0 0.0 1021.4178759068972 0.0 0.0 0.0
79.0 51748948.710312 51748950.330832005 51748951.951352 0.0 0.0 1021.4178759068972 0.0 0.0 0.0
80.0 51748951.951352 51748953.571871996 51748955.192392 0.0 0.0 1021.4178759068972 0.0 0.0 0.0
81.0 51748955.19239201 51748956.812912 51748958.433432005 0.0 0.0 1021.4178759068972 0.0 0.0 0.0
82.0 51748958.433432005 51748960.05395201 51748961.674472004 0.0 0.0 1021.4178759068972 0.0 0.0 0.0
83.0 51748961.674472004 51748963.294992 51748964.915512 0.0 0.0 1021.4178759068972 0.0 0.0 0.0
84.0 51748964.915512 51748966.536032006 51748968.156552 0.0 0.0 1021.4178759068972 0.0 0.0 0.0
85.0 51748968.156552 51748969.777072 51748971.397592 0.0 0.0 1021.4178759068972 0.0 0.0 0.0
86.0 51748971.397592 51748973.018112004 51748974.638632 0.0 0.0 1021.4178759068972 0.0 0.0 0.0
87.0 51748974.63863201 51748976.25915201 51748977.879672006 0.0 0.0 1021.4178759068972 0.0 0.0 0.0
88.0 51748977.879672006 51748979.500192 51748981.120712005 0.0 0.0 1021.4178759068972 0.0 0.0 0.0
89.0 51748981.120712005 51748982.74123201 51748984.361752 0.0 0.0 1021.4178759068972 0.0 0.0 0.0
90.0 51748984.361752 51748985.982272 51748987.602792 0.0 0.0 1021.4178759068972 0.0 0.0 0.0
91.0 51748987.602792 51748989.223312005 51748990.843832 0.0 0.0 1021.4178759068972 0.0 0.0 0.0
92.0 51748990.843832 51748992.464352 51748994.084872 0.0 0.0 1021.4178759068972 0.0 0.0 0.0
93.0 51748994.084872 51748995.705392 51748997.325912 0.0 0.0 1021.4178759068972 0.0 0.0 0.0
94.0 51748997.325912006 51748998.94643201 51749000.566952005 0.0 0.0 1021.4178759068972 0.0 0.0 0.0
95.0 51749000.566952005 51749002.187472 51749003.807992004 0.0 0.0 1021.4178759068972 0.0 0.0 0.0
96.0 51749003.807992004 51749005.42851201 51749007.049032 0.0 0.0 1021.4178759068972 0.0 0.0 0.0
97.0 51749007.049032 51749008.669552 51749010.290072 0.0 0.0 1021.4178759068972 0.0 0.0 0.0
98.0 51749010.290072 51749011.910592005 51749013.531112 0.0 0.0 1021.4178759068972 0.0 0.0 0.0
99.0 51749013.531112 51749015.151631996 51749016.772152 0.0 0.0 1021.4178759068972 0.0 0.0 0.0
100.0 51749016.77215201 51749018.392672 51749020.013192005 0.0 0.0 1021.4178759068972 0.0 0.0 0.0
101.0 51749020.013192005 51749021.63371201 51749023.254232004 0.0 0.0 1021.4178759068972 0.0 0.0 0.0
102.0 51749023.254232004 51749024.874752 51749026.495272 0.0 0.0 1021.4178759068972 0.0 0.0 0.0
103.0 51749026.495272 51749028.115792006 51749029.736312 0.0 0.0 1021.4178759068972 0.0 0.0 0.0
104.0 51749029.736312 51749031.356832 51749032.977352 0.0 0.0 1021.4178759068972 0.0 0.0 0.0
105.0 51749032.977352 51749034.597872004 51749036.218392 0.0 0.0 1021.4178759068972 0.0 0.0 0.0
106.0 51749036.218392 51749037.838911995 51749039.459432 0.0 0.0 1021.4178759068972 0.0 0.0 0.0
107.0 51749039.459432006 51749041.079952 51749042.700472005 0.0 0.0 1021.4178759068972 0.0 0.0 0.0
108.0 51749042.700472005 51749044.32099201 51749045.941512 0.0 0.0 1021.4178759068972 0.0 0.0 0.0
109.0 51749045.941512 51749047.562032 51749049.182552 0.0 0.0 1021.4178759068972 0.0 0.0 0.0
110.0 51749049.182552 51749050.803072006 51749052.423592 0.0 0.0 1021.4178759068972 0.0 0.0 0.0
111.0 51749052.423592 51749054.044112 51749055.664632 0.0 0.0 1021.4178759068972 0.0 0.0 0.0
112.0 51749055.664632 51749057.285152 51749058.905672 0.0 0.0 1021.4178759068972 0.0 0.0 0.0
113.0 51749058.90567201 51749060.52619201 51749062.146712005 0.0 0.0 1021.4178759068972 0.0 0.0 0.0
114.0 51749062.146712005 51749063.767232 51749065.387752004 0.0 0.0 1021.4178759068972 0.0 0.0 0.0
115.0 51749065.387752004 51749067.00827201 51749068.628792 0.0 0.0 1021.4178759068972 0.0 0.0 0.0
116.0 51749068.628792 51749070.249312 51749071.869832 0.0 0.0 1021.4178759068972 0.0 0.0 0.0
117.0 51749071.869832 51749073.490352005 51749075.110872 0.0 0.0 1021.4178759068972 0.0 0.0 0.0
118.0 51749075.110872 51749076.731391996 51749078.351912 0.0 0.0 1021.4178759068972 0.0 0.0 0.0
119.0 51749078.35191201 51749079.972432 51749081.592952006 0.0 0.0 1021.4178759068972 0.0 0.0 0.0
120.0 51749081.592952006 51749083.21347201 51749084.833992004 0.0 0.0 1021.4178759068972 0.0 0.0 0.0
121.0 51749084.833992004 51749086.454512 51749088.075032 0.0 0.0 1021.4178759068972 0.0 0.0 0.0
122.0 51749088.075032 51749089.69555201 51749091.316072 0.0 0.0 1021.4178759068972 0.0 0.0 0.0
123.0 51749091.316072 51749092.936592 51749094.557112 0.0 0.0 1021.4178759068972 0.0 0.0 0.0
124.0 51749094.557112 51749096.177632004 51749097.798152 0.0 0.0 1021.4178759068972 0.0 0.0 0.0
125.0 51749097.798152 51749099.418671995 51749101.039192 0.0 0.0 1021.4178759068972 0.0 0.0 0.0
126.0 51749101.039192006 51749102.659712 51749104.280232005 0.0 0.0 1021.4178759068972 0.0 0.0 0.0
127.0 51749104.280232005 51749105.90075201 51749107.521272 0.0 0.0 1021.4178759068972 0.0 0.0 0.0
128.0 51749107.521272 51749109.141792 51749110.762312 0.0 0.0 1021.4178759068972 0.0 0.0 0.0
129.0 51749110.762312 51749112.382832006 51749114.003352 0.0 0.0 1021.4178759068972 0.0 0.0 0.0
130.0 51749114.003352 51749115.623872 51749117.244392 0.0 0.0 1021.4178759068972 0.0 0.0 0.0
131.0 51749117.244392 51749118.864912 51749120.485432 0.0 0.0 1021.4178759068972 0.0 0.0 0.0
132.0 51749120.48543201 51749122.10595201 51749123.726472005 0.0 0.0 1021.4178759068972 0.0 0.0 0.0
133.0 51749123.726472005 51749125.346992 51749126.967512004 0.0 0.0 1021.4178759068972 0.0 0.0 0.0
134.0 51749126.967512004 51749128.58803201 51749130.208552 0.0 0.0 1021.4178759068972 0.0 0.0 0.0
135.0 51749130.208552 51749131.829072 51749133.449592 0.0 0.0 1021.4178759068972 0.0 0.0 0.0
136.0 51749133.449592 51749135.070112005 51749136.690632 0.0 0.0 1021.4178759068972 0.0 0.0 0.0
137.0 51749136.690632 51749138.311151996 51749139.931672 0.0 0.0 1021.4178759068972 0.0 0.0 0.0
138.0 51749139.93167201 51749141.552192 51749143.172712006 0.0 0.0 1021.4178759068972 0.0 0.0 0.0
139.0 51749143.172712006 51749144.79323201 51749146.413752005 0.0 0.0 1021.4178759068972 0.0 0.0 0.0
140.0 51749146.413752005 51749148.034272 51749149.654792 0.0 0.0 1021.4178759068972 0.0 0.0 0.0
141.0 51749149.654792 51749151.27531201 51749152.895832 0.0 0.0 1021.4178759068972 0.0 0.0 0.0
142.0 51749152.895832 51749154.516352 51749156.136872 0.0 0.0 1021.4178759068972 0.0 0.0 0.0
143.0 51749156.136872 51749157.757392004 51749159.377912 0.0 0.0 1021.4178759068972 0.0 0.0 0.0
144.0 51749159.377912 51749160.998431996 51749162.618952 0.0 0.0 1021.4178759068972 0.0 0.0 0.0
145.0 51749162.618952006 51749164.239472 51749165.859992005 0.0 0.0 1021.4178759068972 0.0 0.0 0.0
146.0 51749165.859992005 51749167.48051201 51749169.101032004 0.0 0.0 1021.4178759068972 0.0 0.0 0.0
147.0 51749169.101032004 51749170.721552 51749172.342072 0.0 0.0 1021.4178759068972 0.0 0.0 0.0
148.0 51749172.342072 51749173.962592006 51749175.583112 0.0 0.0 1021.4178759068972 0.0 0.0 0.0
149.0 51749175.583112 51749177.203632 51749178.824152 0.0 0.0 1021.4178759068972 0.0 0.0 0.0
150.0 51749178.824152 51749180.444672 51749182.065192 0.0 0.0 1021.4178759068972 0.0 0.0 0.0
151.0 51749182.06519201 51749183.68571201 51749185.306232005 0.0 0.0 1021.4178759068972 0.0 0.0 0.0
152.0 51749185.306232005 51749186.926752 51749188.547272004 0.0 0.0 1021.4178759068972 0.0 0.0 0.0
153.0 51749188.547272004 51749190.16779201 51749191.788312 0.0 0.0 1021.4178759068972 0.0 0.0 0.0
154.0 51749191.788312 51749193.408832 51749195.029352 0.0 0.0 1021.4178759068972 0.0 0.0 0.0
155.0 51749195.029352 51749196.649872005 51749198.270392 0.0 0.0 1021.4178759068972 0.0 0.0 0.0
156.0 51749198.270392 51749199.890912 51749201.511432 0.0 0.0 1021.4178759068972 0.0 0.0 0.0
157.0 51749201.51143201 51749203.131952 51749204.752472006 0.0 0.0 1021.4178759068972 0.0 0.0 0.0
158.0 51749204.752472006 51749206.37299201 51749207.993512005 0.0 0.0 1021.4178759068972 0.0 0.0 0.0
159.0 51749207.993512005 51749209.614032 51749211.234552 0.0 0.0 1021.4178759068972 0.0 0.0 0.0
160.0 51749211.234552 51749212.85507201 51749214.475592 0.0 0.0 1021.4178759068972 0.0 0.0 0.0
161.0 51749214.475592 51749216.096112 51749217.716632 0.0 0.0 1021.4178759068972 0.0 0.0 0.0
162.0 51749217.716632 51749219.337152004 51749220.957672 0.0 0.0 1021.4178759068972 0.0 0.0 0.0
163.0 51749220.957672 51749222.578191996 51749224.198712 0.0 0.0 1021.4178759068972 0.0 0.0 0.0
164.0 51749224.198712006 51749225.819232 51749227.439752005 0.0 0.0 1021.4178759068972 0.0 0.0 0.0
165.0 51749227.439752005 51749229.06027201 51749230.680792004 0.0 0.0 1021.4178759068972 0.0 0.0 0.0
166.0 51749230.680792004 51749232.301312 51749233.921832 0.0 0.0 1021.4178759068972 0.0 0.0 0.0
167.0 51749233.921832 51749235.542352006 51749237.162872 0.0 0.0 1021.4178759068972 0.0 0.0 0.0
168.0 51749237.162872 51749238.783392 51749240.403912 0.0 0.0 1021.4178759068972 0.0 0.0 0.0
169.0 51749240.403912 51749242.024432 51749243.644952 0.0 0.0 1021.4178759068972 0.0 0.0 0.0
170.0 51749243.64495201 51749245.26547201 51749246.885992005 0.0 0.0 1021.4178759068972 0.0 0.0 0.0
171.0 51749246.885992005 51749248.506512 51749250.127032004 0.0 0.0 1021.4178759068972 0.0 0.0 0.0
172.0 51749250.127032004 51749251.74755201 51749253.368072 0.0 0.0 1021.4178759068972 0.0 0.0 0.0
173.0 51749253.368072 51749254.988592 51749256.609112 0.0 0.0 1021.4178759068972 0.0 0.0 0.0
174.0 51749256.609112 51749258.229632005 51749259.850152 0.0 0.0 1021.4178759068972 0.0 0.0 0.0
175.0 51749259.850152 51749261.470672 51749263.091192 0.0 0.0 1021.4178759068972 0.0 0.0 0.0
176.0 51749263.091192 51749264.711712 51749266.332232 0.0 0.0 1021.4178759068972 0.0 0.0 0.0
177.0 51749266.332232006 51749267.95275201 51749269.573272005 0.0 0.0 1021.4178759068972 0.0 0.0 0.0
178.0 51749269.573272005 51749271.193792 51749272.814312 0.0 0.0 1021.4178759068972 0.0 0.0 0.0
179.0 51749272.814312 51749274.43483201 51749276.055352 0.0 0.0 1021.4178759068972 0.0 0.0 0.0
180.0 51749276.055352 51749277.675872 51749279.296392 0.0 0.0 1021.4178759068972 0.0 0.0 0.0
181.0 51749279.296392 51749280.916912004 51749282.537432 0.0 0.0 1021.4178759068972 0.0 0.0 0.0
182.0 51749282.537432 51749284.157951996 51749285.778472 0.0 0.0 1021.4178759068972 0.0 0.0 0.0
183.0 51749285.77847201 51749287.398992 51749289.019512005 0.0 0.0 1021.4178759068972 0.0 0.0 0.0
184.0 51749289.019512005 51749290.64003201 51749292.260552004 0.0 0.0 1021.4178759068972 0.0 0.0 0.0
185.0 51749292.260552004 51749293.881072 51749295.501592 0.0 0.0 1021.4178759068972 0.0 0.0 0.0
186.0 51749295.501592 51749297.122112006 51749298.742632 0.0 0.0 1021.4178759068972 0.0 0.0 0.0
187.0 51749298.742632 51749300.363152 51749301.983672 0.0 0.0 1021.4178759068972 0.0 0.0 0.0
188.0 51749301.983672 51749303.604192 51749305.224712 0.0 0.0 1021.4178759068972 0.0 0.0 0.0
189.0 51749305.22471201 51749306.84523201 51749308.465752006 0.0 0.0 1021.4178759068972 0.0 0.0 0.0
190.0 51749308.465752006 51749310.086272 51749311.706792004 0.0 0.0 1021.4178759068972 0.0 0.0 0.0
191.0 51749311.706792004 51749313.32731201 51749314.947832 0.0 0.0 1021.4178759068972 0.0 0.0 0.0
192.0 51749314.947832 51749316.568352 51749318.188872 0.0 0.0 1021.4178759068972 0.0 0.0 0.0
193.0 51749318.188872 51749319.809392005 51749321.429912 0.0 0.0 1021.4178759068972 0.0 0.0 0.0
194.0 51749321.429912 51749323.050432 51749324.670952 0.0 0.0 1021.4178759068972 0.0 0.0 0.0
195.0 51749324.670952 51749326.291472 51749327.911992 0.0 0.0 1021.4178759068972 0.0 0.0 0.0
196.0 51749327.911992006 51749329.53251201 51749331.153032005 0.0 0.0 1021.4178759068972 0.0 0.0 0.0
197.0 51749331.153032005 51749332.773552 51749334.394072 0.0 0.0 1021.4178759068972 0.0 0.0 0.0
198.0 51749334.394072 51749336.01459201 51749337.635112 0.0 0.0 1021.4178759068972 0.0 0.0 0.0
199.0 51749337.635112 51749339.255632 51749340.876152 0.0 0.0 1021.4178759068972 0.0 0.0 0.0
200.0 51749340.876152 51749342.496672004 51749344.117192 0.0 0.0 1021.4178759068972 0.0 0.0 0.0
201.0 51749344.117192 51749345.737711996 51749347.358232 0.0 0.0 1021.4178759068972 0.0 0.0 0.0
202.0 51749347.35823201 51749348.978752 51749350.599272005 0.0 0.0 1021.4178759068972 0.0 0.0 0.0
203.0 51749350.599272005 51749352.21979201 51749353.840312004 0.0 0.0 1021.4178759068972 0.0 0.0 0.0
204.0 51749353.840312004 51749355.460832 51749357.081352 0.0 0.0 1021.4178759068972 0.0 0.0 0.0
205.0 51749357.081352 51749358.701872006 51749360.322392 0.0 0.0 1021.4178759068972 0.0 0.0 0.0
206.0 51749360.322392 51749361.942912 51749363.563432 0.0 0.0 1021.4178759068972 0.0 0.0 0.0
207.0 51749363.563432 51749365.183952 51749366.804472 0.0 0.0 1021.4178759068972 0.0 0.0 0.0
208.0 51749366.80447201 51749368.42499201 51749370.045512006 0.0 0.0 1021.4178759068972 0.0 0.0 0.0
209.0 51749370.045512006 51749371.666032 51749373.286552005 0.0 0.0 1021.4178759068972 0.0 0.0 0.0
210.0 51749373.286552005 51749374.90707201 51749376.527592 0.0 0.0 1021.4178759068972 0.0 0.0 0.0
211.0 51749376.527592 51749378.148112 51749379.768632 0.0 0.0 1021.4178759068972 0.0 0.0 0.0
212.0 51749379.768632 51749381.389152005 51749383.009672 0.0 0.0 1021.4178759068972 0.0 0.0 0.0
213.0 51749383.009672 51749384.630192 51749386.250712 0.0 0.0 1021.4178759068972 0.0 0.0 0.0
214.0 51749386.250712 51749387.871232 51749389.491752 0.0 0.0 1021.4178759068972 0.0 0.0 0.0
215.0 51749389.491752006 51749391.11227201 51749392.732792005 0.0 0.0 1021.4178759068972 0.0 0.0 0.0
216.0 51749392.732792005 51749394.353312 51749395.973832004 0.0 0.0 1021.4178759068972 0.0 0.0 0.0
217.0 51749395.973832004 51749397.59435201 51749399.214872 0.0 0.0 1021.4178759068972 0.0 0.0 0.0
218.0 51749399.214872 51749400.835392 51749402.455912 0.0 0.0 1021.4178759068972 0.0 0.0 0.0
219.0 51749402.455912 51749404.076432005 51749405.696952 0.0 0.0 1021.4178759068972 0.0 0.0 0.0
220.0 51749405.696952 51749407.317471996 51749408.937992 0.0 0.0 1021.4178759068972 0.0 0.0 0.0
221.0 51749408.93799201 51749410.558512 51749412.179032005 0.0 0.0 1021.4178759068972 0.0 0.0 0.0
222.0 51749412.179032005 51749413.79955201 51749415.420072004 0.0 0.0 1021.4178759068972 0.0 0.0 0.0
223.0 51749415.420072004 51749417.040592 51749418.661112 0.0 0.0 1021.4178759068972 0.0 0.0 0.0
224.0 51749418.661112 51749420.281632006 51749421.902152 0.0 0.0 1021.4178759068972 0.0 0.0 0.0
225.0 51749421.902152 51749423.522672 51749425.143192 0.0 0.0 1021.4178759068972 0.0 0.0 0.0
226.0 51749425.143192 51749426.763712004 51749428.384232 0.0 0.0 1021.4178759068972 0.0 0.0 0.0
227.0 51749428.38423201 51749430.00475201 51749431.625272006 0.0 0.0 1021.4178759068972 0.0 0.0 0.0
228.0 51749431.625272006 51749433.245792 51749434.866312005 0.0 0.0 1021.4178759068972 0.0 0.0 0.0
229.0 51749434.866312005 51749436.48683201 51749438.107352 0.0 0.0 1021.4178759068972 0.0 0.0 0.0
230.0 51749438.107352 51749439.727872 51749441.348392 0.0 0.0 1021.4178759068972 0.0 0.0 0.0
231.0 51749441.348392 51749442.968912005 51749444.589432 0.0 0.0 1021.4178759068972 0.0 0.0 0.0
232.0 51749444.589432 51749446.209952 51749447.830472 0.0 0.0 1021.4178759068972 0.0 0.0 0.0
233.0 51749447.830472 51749449.450992 51749451.071512 0.0 0.0 1021.4178759068972 0.0 0.0 0.0
234.0 51749451.071512006 51749452.69203201 51749454.312552005 0.0 0.0 1021.4178759068972 0.0 0.0 0.0
235.0 51749454.312552005 51749455.933072 51749457.553592004 0.0 0.0 1021.4178759068972 0.0 0.0 0.0
236.0 51749457.553592004 51749459.17411201 51749460.794632 0.0 0.0 1021.4178759068972 0.0 0.0 0.0
237.0 51749460.794632 51749462.415152 51749464.035672 0.0 0.0 1021.4178759068972 0.0 0.0 0.0
238.0 51749464.035672 51749465.656192005 51749467.276712 0.0 0.0 1021.4178759068972 0.0 0.0 0.0
239.0 51749467.276712 51749468.897231996 51749470.517752 0.0 0.0 1021.4178759068972 0.0 0.0 0.0
240.0 51749470.51775201 51749472.138272 51749473.758792005 0.0 0.0 1021.4178759068972 0.0 0.0 0.0
241.0 51749473.758792005 51749475.37931201 51749476.999832004 0.0 0.0 1021.4178759068972 0.0 0.0 0.0
242.0 51749476.999832004 51749478.620352 51749480.240872 0.0 0.0 1021.4178759068972 0.0 0.0 0.0
243.0 51749480.240872 51749481.86139201 51749483.481912 0.0 0.0 1021.4178759068972 0.0 0.0 0.0
244.0 51749483.481912 51749485.102432 51749486.722952 0.0 0.0 1021.4178759068972 0.0 0.0 0.0
245.0 51749486.722952 51749488.343472004 51749489.963992 0.0 0.0 1021.4178759068972 0.0 0.0 0.0
246.0 51749489.963992 51749491.584511995 51749493.205032 0.0 0.0 1021.4178759068972 0.0 0.0 0.0
247.0 51749493.205032006 51749494.825552 51749496.446072005 0.0 0.0 1021.4178759068972 0.0 0.0 0.0
248.0 51749496.446072005 51749498.06659201 51749499.687112 0.0 0.0 1021.4178759068972 0.0 0.0 0.0
249.0 51749499.687112 51749501.307632 51749502.928152 0.0 0.0 1021.4178759068972 0.0 0.0 0.0
250.0 51749502.928152 51749504.548672006 51749506.169192 0.0 0.0 1021.4178759068972 0.0 0.0 0.0
251.0 51749506.169192 51749507.789712 51749509.410232 0.0 0.0 1021.4178759068972 0.0 0.0 0.0
252.0 51749509.410232 51749511.030752 51749512.651272 0.0 0.0 1021.4178759068972 0.0 0.0 0.0
253.0 51749512.65127201 51749514.27179201 51749515.892312005 0.0 0.0 1021.4178759068972 0.0 0.0 0.0
254.0 51749515.892312005 51749517.512832 51749519.133352004 0.0 0.0 1021.4178759068972 0.0 0.0 0.0
255.0 51749519.133352004 51749520.75387201 51749522.374392 0.0 0.0 1021.4178759068972 0.0 0.0 0.0
256.0 51749522.374392 51749523.994912 51749525.615432 0.0 0.0 1021.4178759068972 0.0 0.0 0.0
257.0 51749525.615432 51749527.235952005 51749528.856472 0.0 0.0 1021.4178759068972 0.0 0.0 0.0
258.0 51749528.856472 51749530.476991996 51749532.097512 0.0 0.0 1021.4178759068972 0.0 0.0 0.0
259.0 51749532.09751201 51749533.718032 51749535.338552006 0.0 0.0 1021.4178759068972 0.0 0.0 0.0
260.0 51749535.338552006 51749536.95907201 51749538.579592004 0.0 0.0 1021.4178759068972 0.0 0.0 0.0
261.0 51749538.579592004 51749540.200112 51749541.820632 0.0 0.0 1021.4178759068972 0.0 0.0 0.0
262.0 51749541.820632 51749543.44115201 51749545.061672 0.0 0.0 1021.4178759068972 0.0 0.0 0.0
263.0 51749545.061672 51749546.682192 51749548.302712 0.0 0.0 1021.4178759068972 0.0 0.0 0.0
264.0 51749548.302712 51749549.923232004 51749551.543752 0.0 0.0 1021.4178759068972 0.0 0.0 0.0
265.0 51749551.543752 51749553.164271995 51749554.784792 0.0 0.0 1021.4178759068972 0.0 0.0 0.0
266.0 51749554.784792006 51749556.405312 51749558.025832005 0.0 0.0 1021.4178759068972 0.0 0.0 0.0
267.0 51749558.025832005 51749559.64635201 51749561.266872 0.0 0.0 1021.4178759068972 0.0 0.0 0.0
268.0 51749561.266872 51749562.887392 51749564.507912 0.0 0.0 1021.4178759068972 0.0 0.0 0.0
269.0 51749564.507912 51749566.128432006 51749567.748952 0.0 0.0 1021.4178759068972 0.0 0.0 0.0
270.0 51749567.748952 51749569.369472 51749570.989992 0.0 0.0 1021.4178759068972 0.0 0.0 0.0
271.0 51749570.989992 51749572.610512 51749574.231032 0.0 0.0 1021.4178759068972 0.0 0.0 0.0
272.0 51749574.23103201 51749575.85155201 51749577.472072005 0.0 0.0 1021.4178759068972 0.0 0.0 0.0
273.0 51749577.472072005 51749579.092592 51749580.713112004 0.0 0.0 1021.4178759068972 0.0 0.0 0.0
274.0 51749580.713112004 51749582.33363201 51749583.954152 0.0 0.0 1021.4178759068972 0.0 0.0 0.0
275.0 51749583.954152 51749585.574672 51749587.195192 0.0 0.0 1021.4178759068972 0.0 0.0 0.0
276.0 51749587.195192 51749588.815712005 51749590.436232 0.0 0.0 1021.4178759068972 0.0 0.0 0.0
277.0 51749590.436232 51749592.056752 51749593.677272 0.0 0.0 1021.4178759068972 0.0 0.0 0.0
278.0 51749593.67727201 51749595.297792 51749596.918312006 0.0 0.0 1021.4178759068972 0.0 0.0 0.0
279.0 51749596.918312006 51749598.53883201 51749600.159352005 0.0 0.0 1021.4178759068972 0.0 0.0 0.0
280.0 51749600.159352005 51749601.779872 51749603.400392 0.0 0.0 1021.4178759068972 0.0 0.0 0.0
281.0 51749603.400392 51749605.02091201 51749606.641432 0.0 0.0 1021.4178759068972 1.747860693834623 0.0 0.0
282.0 51749606.641432 51749608.261952 51749609.882472 0.0 0.0 1021.4178759068972 3.124468904431301 0.0 0.0
283.0 51749609.882472 51749611.502992004 51749613.123512 0.0 0.0 1021.4178759068972 3.124468904431301 0.0 0.0
284.0 51749613.123512 51749614.744031996 51749616.364552 0.0 0.0 1021.4178759068972 3.124468904431301 0.0 0.0
285.0 51749616.364552006 51749617.985072 51749619.605592005 0.0 0.0 1021.4178759068972 3.124468904431301 0.0 0.0
286.0 51749619.605592005 51749621.22611201 51749622.846632004 0.0 0.0 1021.4178759068972 3.124468904431301 0.0 0.0
287.0 51749622.846632004 51749624.467152 51749626.087672 0.0 0.0 1021.4178759068972 3.124468904431301 0.0 0.0
288.0 51749626.087672 51749627.708192006 51749629.328712 0.0 0.0 1021.4178759068972 3.124468904431301 0.0 0.0
289.0 51749629.328712 51749630.949232 51749632.569752 0.0 0.0 1021.4178759068972 3.124468904431301 0.0 0.0
290.0 51749632.569752 51749634.190272 51749635.810792 0.0 0.0 1021.4178759068972 3.124468904431301 0.0 0.0
291.0 51749635.81079201 51749637.43131201 51749639.051832005 0.0 0.0 1021.4178759068972 3.124468904431301 0.0 0.0
292.0 51749639.051832005 51749640.672352 51749642.292872004 0.0 0.0 1021.4178759068972 3.124468904431301 0.0 0.0
293.0 51749642.292872004 51749643.91339201 51749645.533912 0.0 0.0 1021.4178759068972 3.124468904431301 0.0 0.0
294.0 51749645.533912 51749647.154432 51749648.774952 2.0 1.4142135623730951 1021.4178759068972 3.124468904431301 0.6401087868608598 0.45262526388640845
295.0 51749648.774952 51749650.395472005 51749652.015992 1.0 1.0 1021.4178759068972 3.124468904431301 0.3200543934304299 0.3200543934304299
296.0 51749652.015992 51749653.636512 51749655.257032 0.0 0.0 1021.4178759068972 3.124468904431301 0.0 0.0
297.0 51749655.25703201 51749656.877552 51749658.498072006 1.0 1.0 1021.4178759068972 3.124468904431301 0.3200543934304299 0.3200543934304299
298.0 51749658.498072006 51749660.11859201 51749661.739112005 0.0 0.0 1021.4178759068972 3.124468904431301 0.0 0.0
299.0 51749661.739112005 51749663.359632 51749664.980152 1.0 1.0 1021.4178759068972 3.124468904431301 0.3200543934304299 0.3200543934304299
300.0 51749664.980152 51749666.60067201 51749668.221192 0.0 0.0 1021.4178759068972 3.124468904431301 0.0 0.0
301.0 51749668.221192 51749669.841712 51749671.462232 1.0 1.0 1021.4178759068972 3.124468904431301 0.3200543934304299 0.3200543934304299
302.0 51749671.462232 51749673.082752004 51749674.703272 0.0 0.0 1021.4178759068972 3.124468904431301 0.0 0.0
303.0 51749674.703272 51749676.323791996 51749677.944312 1.0 1.0 1021.4178759068972 3.124468904431301 0.3200543934304299 0.3200543934304299
304.0 51749677.944312006 51749679.564832 51749681.185352005 0.0 0.0 1021.4178759068972 3.124468904431301 0.0 0.0
305.0 51749681.185352005 51749682.80587201 51749684.426392004 0.0 0.0 1021.4178759068972 3.124468904431301 0.0 0.0
306.0 51749684.426392004 51749686.046912 51749687.667432 0.0 0.0 1021.4178759068972 3.124468904431301 0.0 0.0
307.0 51749687.667432 51749689.287952006 51749690.908472 1.0 1.0 1021.4178759068972 3.124468904431301 0.3200543934304299 0.3200543934304299
308.0 51749690.908472 51749692.528992 51749694.149512 0.0 0.0 1021.4178759068972 3.124468904431301 0.0 0.0
309.0 51749694.149512 51749695.770032 51749697.390552 0.0 0.0 1021.4178759068972 3.124468904431301 0.0 0.0
310.0 51749697.39055201 51749699.01107201 51749700.631592005 0.0 0.0 1021.4178759068972 3.124468904431301 0.0 0.0
311.0 51749700.631592005 51749702.252112 51749703.872632004 0.0 0.0 1021.4178759068972 3.124468904431301 0.0 0.0
312.0 51749703.872632004 51749705.49315201 51749707.113672 0.0 0.0 1021.4178759068972 3.124468904431301 0.0 0.0
313.0 51749707.113672 51749708.734192 51749710.354712 0.0 0.0 1021.4178759068972 3.124468904431301 0.0 0.0
314.0 51749710.354712 51749711.975232005 51749713.595752 0.0 0.0 1021.4178759068972 3.124468904431301 0.0 0.0
315.0 51749713.595752 51749715.216272 51749716.836792 0.0 0.0 1021.4178759068972 3.124468904431301 0.0 0.0
316.0 51749716.836792 51749718.457312 51749720.077832 0.0 0.0 1021.4178759068972 3.124468904431301 0.0 0.0
317.0 51749720.077832006 51749721.69835201 51749723.318872005 0.0 0.0 1021.4178759068972 3.124468904431301 0.0 0.0
318.0 51749723.318872005 51749724.939392 51749726.559912 0.0 0.0 1021.4178759068972 3.124468904431301 0.0 0.0
319.0 51749726.559912 51749728.18043201 51749729.800952 0.0 0.0 1021.4178759068972 3.124468904431301 0.0 0.0
320.0 51749729.800952 51749731.421472 51749733.041992 0.0 0.0 1021.4178759068972 3.124468904431301 0.0 0.0
321.0 51749733.041992 51749734.662512004 51749736.283032 0.0 0.0 1021.4178759068972 3.124468904431301 0.0 0.0
322.0 51749736.283032 51749737.903551996 51749739.524072 0.0 0.0 1021.4178759068972 3.124468904431301 0.0 0.0
323.0 51749739.52407201 51749741.144592 51749742.765112005 0.0 0.0 1021.4178759068972 3.124468904431301 0.0 0.0
324.0 51749742.765112005 51749744.38563201 51749746.006152004 0.0 0.0 1021.4178759068972 3.124468904431301 0.0 0.0
325.0 51749746.006152004 51749747.626672 51749749.247192 0.0 0.0 1021.4178759068972 3.124468904431301 0.0 0.0
326.0 51749749.247192 51749750.867712006 51749752.488232 1.0 1.0 1021.4178759068972 3.124468904431301 0.3200543934304299 0.3200543934304299
327.0 51749752.488232 51749754.108752 51749755.729272 0.0 0.0 1021.4178759068972 3.124468904431301 0.0 0.0
328.0 51749755.729272 51749757.349792 51749758.970312 1.0 1.0 1021.4178759068972 3.124468904431301 0.3200543934304299 0.3200543934304299
329.0 51749758.97031201 51749760.59083201 51749762.211352006 0.0 0.0 1021.4178759068972 3.124468904431301 0.0 0.0
330.0 51749762.211352006 51749763.831872 51749765.452392004 0.0 0.0 1021.4178759068972 3.124468904431301 0.0 0.0
331.0 51749765.452392004 51749767.07291201 51749768.693432 0.0 0.0 1021.4178759068972 3.124468904431301 0.0 0.0
332.0 51749768.693432 51749770.313952 51749771.934472 0.0 0.0 1021.4178759068972 3.124468904431301 0.0 0.0
333.0 51749771.934472 51749773.554992005 51749775.175512 0.0 0.0 1021.4178759068972 3.124468904431301 0.0 0.0
334.0 51749775.175512 51749776.796032 51749778.416552 0.0 0.0 1021.4178759068972 3.124468904431301 0.0 0.0
335.0 51749778.416552 51749780.037072 51749781.657592 0.0 0.0 1021.4178759068972 3.124468904431301 0.0 0.0
336.0 51749781.657592006 51749783.27811201 51749784.898632005 1.0 1.0 1021.4178759068972 3.124468904431301 0.3200543934304299 0.3200543934304299
337.0 51749784.898632005 51749786.519152 51749788.139672 1.0 1.0 1021.4178759068972 3.124468904431301 0.3200543934304299 0.3200543934304299
338.0 51749788.139672 51749789.76019201 51749791.380712 1.0 1.0 1021.4178759068972 3.124468904431301 0.3200543934304299 0.3200543934304299
339.0 51749791.380712 51749793.001232 51749794.621752 0.0 0.0 1021.4178759068972 3.124468904431301 0.0 0.0
340.0 51749794.621752 51749796.242272004 51749797.862792 0.0 0.0 1021.4178759068972 3.124468904431301 0.0 0.0
341.0 51749797.862792 51749799.483311996 51749801.103832 0.0 0.0 1021.4178759068972 3.124468904431301 0.0 0.0
342.0 51749801.10383201 51749802.724352 51749804.344872005 0.0 0.0 1021.4178759068972 3.124468904431301 0.0 0.0
343.0 51749804.344872005 51749805.96539201 51749807.585912004 0.0 0.0 1021.4178759068972 3.124468904431301 0.0 0.0
344.0 51749807.585912004 51749809.206432 51749810.826952 2.0 1.4142135623730951 1021.4178759068972 3.124468904431301 0.6401087868608598 0.45262526388640845
345.0 51749810.826952 51749812.447472006 51749814.067992 0.0 0.0 1021.4178759068972 3.124468904431301 0.0 0.0
346.0 51749814.067992 51749815.688512 51749817.309032 0.0 0.0 1021.4178759068972 3.124468904431301 0.0 0.0
347.0 51749817.309032 51749818.929552004 51749820.550072 0.0 0.0 1021.4178759068972 3.124468904431301 0.0 0.0
348.0 51749820.55007201 51749822.17059201 51749823.791112006 0.0 0.0 1021.4178759068972 3.124468904431301 0.0 0.0
349.0 51749823.791112006 51749825.411632 51749827.032152005 0.0 0.0 1021.4178759068972 3.124468904431301 0.0 0.0
350.0 51749827.032152005 51749828.65267201 51749830.273192 0.0 0.0 1021.4178759068972 3.124468904431301 0.0 0.0
351.0 51749830.273192 51749831.893712 51749833.514232 0.0 0.0 1021.4178759068972 3.124468904431301 0.0 0.0
352.0 51749833.514232 51749835.134752005 51749836.755272 2.0 1.4142135623730951 1021.4178759068972 3.124468904431301 0.6401087868608598 0.45262526388640845
353.0 51749836.755272 51749838.375792 51749839.996312 1.0 1.0 1021.4178759068972 3.124468904431301 0.3200543934304299 0.3200543934304299
354.0 51749839.996312 51749841.616832 51749843.237352 0.0 0.0 1021.4178759068972 3.124468904431301 0.0 0.0
355.0 51749843.237352006 51749844.85787201 51749846.478392005 0.0 0.0 1021.4178759068972 3.124468904431301 0.0 0.0
356.0 51749846.478392005 51749848.098912 51749849.719432004 1.0 1.0 1021.4178759068972 3.124468904431301 0.3200543934304299 0.3200543934304299
357.0 51749849.719432004 51749851.33995201 51749852.960472 1.0 1.0 1021.4178759068972 3.124468904431301 0.3200543934304299 0.3200543934304299
358.0 51749852.960472 51749854.580992 51749856.201512 0.0 0.0 1021.4178759068972 3.124468904431301 0.0 0.0
359.0 51749856.201512 51749857.822032005 51749859.442552 0.0 0.0 1021.4178759068972 3.124468904431301 0.0 0.0
360.0 51749859.442552 51749861.063071996 51749862.683592 0.0 0.0 1021.4178759068972 3.124468904431301 0.0 0.0
361.0 51749862.68359201 51749864.304112 51749865.924632005 0.0 0.0 1021.4178759068972 3.124468904431301 0.0 0.0
362.0 51749865.924632005 51749867.54515201 51749869.165672004 0.0 0.0 1021.4178759068972 3.124468904431301 0.0 0.0
363.0 51749869.165672004 51749870.786192 51749872.406712 1.0 1.0 1021.4178759068972 3.124468904431301 0.3200543934304299 0.3200543934304299
364.0 51749872.406712 51749874.027232006 51749875.647752 0.0 0.0 1021.4178759068972 3.124468904431301 0.0 0.0
365.0 51749875.647752 51749877.268272 51749878.888792 1.0 1.0 1021.4178759068972 3.124468904431301 0.3200543934304299 0.3200543934304299
366.0 51749878.888792 51749880.509312004 51749882.129832 0.0 0.0 1021.4178759068972 3.124468904431301 0.0 0.0
367.0 51749882.12983201 51749883.75035201 51749885.370872006 0.0 0.0 1021.4178759068972 3.124468904431301 0.0 0.0
368.0 51749885.370872006 51749886.991392 51749888.611912005 0.0 0.0 1021.4178759068972 3.124468904431301 0.0 0.0
369.0 51749888.611912005 51749890.23243201 51749891.852952 1.0 1.0 1021.4178759068972 3.124468904431301 0.3200543934304299 0.3200543934304299
370.0 51749891.852952 51749893.473472 51749895.093992 0.0 0.0 1021.4178759068972 3.124468904431301 0.0 0.0
371.0 51749895.093992 51749896.714512005 51749898.335032 1.0 1.0 1021.4178759068972 3.124468904431301 0.3200543934304299 0.3200543934304299
372.0 51749898.335032 51749899.955552 51749901.576072 0.0 0.0 1021.4178759068972 3.124468904431301 0.0 0.0
373.0 51749901.576072 51749903.196592 51749904.817112 0.0 0.0 1021.4178759068972 3.124468904431301 0.0 0.0
374.0 51749904.817112006 51749906.43763201 51749908.058152005 0.0 0.0 1021.4178759068972 3.124468904431301 0.0 0.0
375.0 51749908.058152005 51749909.678672 51749911.299192004 0.0 0.0 1021.4178759068972 3.124468904431301 0.0 0.0
376.0 51749911.299192004 51749912.91971201 51749914.540232 0.0 0.0 1021.4178759068972 3.124468904431301 0.0 0.0
377.0 51749914.540232 51749916.160752 51749917.781272 2.0 1.4142135623730951 1021.4178759068972 3.124468904431301 0.6401087868608598 0.45262526388640845
378.0 51749917.781272 51749919.401792005 51749921.022312 0.0 0.0 1021.4178759068972 3.124468904431301 0.0 0.0
379.0 51749921.022312 51749922.642831996 51749924.263352 0.0 0.0 1021.4178759068972 3.124468904431301 0.0 0.0
380.0 51749924.26335201 51749925.883872 51749927.504392006 0.0 0.0 1021.4178759068972 3.124468904431301 0.0 0.0
381.0 51749927.504392006 51749929.12491201 51749930.745432004 0.0 0.0 1021.4178759068972 3.124468904431301 0.0 0.0
382.0 51749930.745432004 51749932.365952 51749933.986472 0.0 0.0 1021.4178759068972 3.124468904431301 0.0 0.0
383.0 51749933.986472 51749935.60699201 51749937.227512 0.0 0.0 1021.4178759068972 3.124468904431301 0.0 0.0
384.0 51749937.227512 51749938.848032 51749940.468552 0.0 0.0 1021.4178759068972 3.124468904431301 0.0 0.0
385.0 51749940.468552 51749942.089072004 51749943.709592 0.0 0.0 1021.4178759068972 3.124468904431301 0.0 0.0
386.0 51749943.709592 51749945.330111995 51749946.950632 0.0 0.0 1021.4178759068972 3.124468904431301 0.0 0.0
387.0 51749946.950632006 51749948.571152 51749950.191672005 1.0 1.0 1021.4178759068972 3.124468904431301 0.3200543934304299 0.3200543934304299
388.0 51749950.191672005 51749951.81219201 51749953.432712 0.0 0.0 1021.4178759068972 3.124468904431301 0.0 0.0
389.0 51749953.432712 51749955.053232 51749956.673752 0.0 0.0 1021.4178759068972 3.124468904431301 0.0 0.0
390.0 51749956.673752 51749958.294272006 51749959.914792 0.0 0.0 1021.4178759068972 3.124468904431301 0.0 0.0
391.0 51749959.914792 51749961.535312 51749963.155832 0.0 0.0 1021.4178759068972 3.124468904431301 0.0 0.0
392.0 51749963.155832 51749964.776352 51749966.396872 1.0 1.0 1021.4178759068972 3.124468904431301 0.3200543934304299 0.3200543934304299
393.0 51749966.39687201 51749968.01739201 51749969.637912005 0.0 0.0 1021.4178759068972 3.124468904431301 0.0 0.0
394.0 51749969.637912005 51749971.258432 51749972.878952004 0.0 0.0 1021.4178759068972 3.124468904431301 0.0 0.0
395.0 51749972.878952004 51749974.49947201 51749976.119992 0.0 0.0 1021.4178759068972 3.124468904431301 0.0 0.0
396.0 51749976.119992 51749977.740512 51749979.361032 0.0 0.0 1021.4178759068972 3.124468904431301 0.0 0.0
397.0 51749979.361032 51749980.981552005 51749982.602072 0.0 0.0 1021.4178759068972 3.124468904431301 0.0 0.0
398.0 51749982.602072 51749984.222591996 51749985.843112 0.0 0.0 1021.4178759068972 3.124468904431301 0.0 0.0
399.0 51749985.84311201 51749987.463632 51749989.084152006 0.0 0.0 1021.4178759068972 3.124468904431301 0.0 0.0
400.0 51749989.084152006 51749990.70467201 51749992.325192004 0.0 0.0 1021.4178759068972 3.124468904431301 0.0 0.0
401.0 51749992.325192004 51749993.945712 51749995.566232 1.0 1.0 1021.4178759068972 3.124468904431301 0.3200543934304299 0.3200543934304299
402.0 51749995.566232 51749997.18675201 51749998.807272 0.0 0.0 1021.4178759068972 3.124468904431301 0.0 0.0
403.0 51749998.807272 51750000.427792 51750002.048312 1.0 1.0 1021.4178759068972 3.124468904431301 0.3200543934304299 0.3200543934304299
404.0 51750002.048312 51750003.668832004 51750005.289352 0.0 0.0 1021.4178759068972 3.124468904431301 0.0 0.0
405.0 51750005.289352 51750006.909871995 51750008.530392 2.0 1.4142135623730951 1021.4178759068972 3.124468904431301 0.6401087868608598 0.45262526388640845
406.0 51750008.530392006 51750010.150912 51750011.771432005 0.0 0.0 1021.4178759068972 3.124468904431301 0.0 0.0
407.0 51750011.771432005 51750013.39195201 51750015.012472 0.0 0.0 1021.4178759068972 3.124468904431301 0.0 0.0
408.0 51750015.012472 51750016.632992 51750018.253512 1.0 1.0 1021.4178759068972 3.124468904431301 0.3200543934304299 0.3200543934304299
409.0 51750018.253512 51750019.874032006 51750021.494552 1.0 1.0 1021.4178759068972 3.124468904431301 0.3200543934304299 0.3200543934304299
410.0 51750021.494552 51750023.115072 51750024.735592 0.0 0.0 1021.4178759068972 3.124468904431301 0.0 0.0
411.0 51750024.735592 51750026.356112 51750027.976632 0.0 0.0 1021.4178759068972 3.124468904431301 0.0 0.0
412.0 51750027.97663201 51750029.59715201 51750031.217672005 1.0 1.0 1021.4178759068972 3.124468904431301 0.3200543934304299 0.3200543934304299
413.0 51750031.217672005 51750032.838192 51750034.458712004 0.0 0.0 1021.4178759068972 3.124468904431301 0.0 0.0
414.0 51750034.458712004 51750036.07923201 51750037.699752 0.0 0.0 1021.4178759068972 3.124468904431301 0.0 0.0
415.0 51750037.699752 51750039.320272 51750040.940792 0.0 0.0 1021.4178759068972 3.124468904431301 0.0 0.0
416.0 51750040.940792 51750042.561312005 51750044.181832 2.0 1.4142135623730951 1021.4178759068972 3.124468904431301 0.6401087868608598 0.45262526388640845
417.0 51750044.181832 51750045.802352 51750047.422872 0.0 0.0 1021.4178759068972 3.124468904431301 0.0 0.0
418.0 51750047.42287201 51750049.043392 51750050.663912006 1.0 1.0 1021.4178759068972 3.124468904431301 0.3200543934304299 0.3200543934304299
419.0 51750050.663912006 51750052.28443201 51750053.904952005 0.0 0.0 1021.4178759068972 3.124468904431301 0.0 0.0
420.0 51750053.904952005 51750055.525472 51750057.145992 0.0 0.0 1021.4178759068972 3.124468904431301 0.0 0.0
421.0 51750057.145992 51750058.76651201 51750060.387032 2.0 1.4142135623730951 1021.4178759068972 3.124468904431301 0.6401087868608598 0.45262526388640845
422.0 51750060.387032 51750062.007552 51750063.628072 0.0 0.0 1021.4178759068972 3.124468904431301 0.0 0.0
423.0 51750063.628072 51750065.248592004 51750066.869112 0.0 0.0 1021.4178759068972 3.124468904431301 0.0 0.0
424.0 51750066.869112 51750068.489631996 51750070.110152 1.0 1.0 1021.4178759068972 3.124468904431301 0.3200543934304299 0.3200543934304299
425.0 51750070.110152006 51750071.730672 51750073.351192005 0.0 0.0 1021.4178759068972 3.124468904431301 0.0 0.0
426.0 51750073.351192005 51750074.97171201 51750076.592232004 0.0 0.0 1021.4178759068972 3.124468904431301 0.0 0.0
427.0 51750076.592232004 51750078.212752 51750079.833272 0.0 0.0 1021.4178759068972 3.124468904431301 0.0 0.0
428.0 51750079.833272 51750081.453792006 51750083.074312 0.0 0.0 1021.4178759068972 3.124468904431301 0.0 0.0
429.0 51750083.074312 51750084.694832 51750086.315352 0.0 0.0 1021.4178759068972 3.124468904431301 0.0 0.0
430.0 51750086.315352 51750087.935872 51750089.556392 1.0 1.0 1021.4178759068972 3.124468904431301 0.3200543934304299 0.3200543934304299
431.0 51750089.55639201 51750091.17691201 51750092.797432005 0.0 0.0 1021.4178759068972 3.124468904431301 0.0 0.0
432.0 51750092.797432005 51750094.417952 51750096.038472004 0.0 0.0 1021.4178759068972 3.124468904431301 0.0 0.0
433.0 51750096.038472004 51750097.65899201 51750099.279512 0.0 0.0 1021.4178759068972 3.124468904431301 0.0 0.0
434.0 51750099.279512 51750100.900032 51750102.520552 1.0 1.0 1021.4178759068972 3.124468904431301 0.3200543934304299 0.3200543934304299
435.0 51750102.520552 51750104.141072005 51750105.761592 1.0 1.0 1021.4178759068972 3.124468904431301 0.3200543934304299 0.3200543934304299
436.0 51750105.761592 51750107.382112 51750109.002632 0.0 0.0 1021.4178759068972 3.124468904431301 0.0 0.0
437.0 51750109.00263201 51750110.623152 51750112.243672006 0.0 0.0 1021.4178759068972 3.124468904431301 0.0 0.0
438.0 51750112.243672006 51750113.86419201 51750115.484712005 0.0 0.0 1021.4178759068972 3.124468904431301 0.0 0.0
439.0 51750115.484712005 51750117.105232 51750118.725752 0.0 0.0 1021.4178759068972 3.124468904431301 0.0 0.0
440.0 51750118.725752 51750120.34627201 51750121.966792 0.0 0.0 1021.4178759068972 3.124468904431301 0.0 0.0
441.0 51750121.966792 51750123.587312 51750125.207832 0.0 0.0 1021.4178759068972 3.124468904431301 0.0 0.0
442.0 51750125.207832 51750126.828352004 51750128.448872 0.0 0.0 1021.4178759068972 3.124468904431301 0.0 0.0
443.0 51750128.448872 51750130.069391996 51750131.689912 0.0 0.0 1021.4178759068972 3.124468904431301 0.0 0.0
444.0 51750131.689912006 51750133.310432 51750134.930952005 0.0 0.0 1021.4178759068972 3.124468904431301 0.0 0.0
445.0 51750134.930952005 51750136.55147201 51750138.171992004 0.0 0.0 1021.4178759068972 3.124468904431301 0.0 0.0
446.0 51750138.171992004 51750139.792512 51750141.413032 0.0 0.0 1021.4178759068972 3.124468904431301 0.0 0.0
447.0 51750141.413032 51750143.033552006 51750144.654072 1.0 1.0 1021.4178759068972 3.124468904431301 0.3200543934304299 0.3200543934304299
448.0 51750144.654072 51750146.274592 51750147.895112 3.0 1.7320508075688772 1021.4178759068972 3.124468904431301 0.9601631802912898 0.5543504706071433
449.0 51750147.895112 51750149.515632 51750151.136152 0.0 0.0 1021.4178759068972 3.124468904431301 0.0 0.0
450.0 51750151.13615201 51750152.75667201 51750154.377192006 1.0 1.0 1021.4178759068972 3.124468904431301 0.3200543934304299 0.3200543934304299
451.0 51750154.377192006 51750155.997712 51750157.618232004 0.0 0.0 1021.4178759068972 3.124468904431301 0.0 0.0
452.0 51750157.618232004 51750159.23875201 51750160.859272 0.0 0.0 1021.4178759068972 3.124468904431301 0.0 0.0
453.0 51750160.859272 51750162.479792 51750164.100312 0.0 0.0 1021.4178759068972 3.124468904431301 0.0 0.0
454.0 51750164.100312 51750165.720832005 51750167.341352 0.0 0.0 1021.4178759068972 3.124468904431301 0.0 0.0
455.0 51750167.341352 51750168.961872 51750170.582392 1.0 1.0 1021.4178759068972 3.124468904431301 0.3200543934304299 0.3200543934304299
456.0 51750170.582392 51750172.202912 51750173.823432 0.0 0.0 1021.4178759068972 3.124468904431301 0.0 0.0
457.0 51750173.823432006 51750175.44395201 51750177.064472005 1.0 1.0 1021.4178759068972 3.124468904431301 0.3200543934304299 0.3200543934304299
458.0 51750177.064472005 51750178.684992 51750180.305512 0.0 0.0 1021.4178759068972 3.124468904431301 0.0 0.0
459.0 51750180.305512 51750181.92603201 51750183.546552 1.0 1.0 1021.4178759068972 3.124468904431301 0.3200543934304299 0.3200543934304299
460.0 51750183.546552 51750185.167072 51750186.787592 0.0 0.0 1021.4178759068972 3.124468904431301 0.0 0.0
461.0 51750186.787592 51750188.408112004 51750190.028632 1.0 1.0 1021.4178759068972 3.124468904431301 0.3200543934304299 0.3200543934304299
462.0 51750190.028632 51750191.649151996 51750193.269672 0.0 0.0 1021.4178759068972 3.124468904431301 0.0 0.0
463.0 51750193.26967201 51750194.890192 51750196.510712005 0.0 0.0 1021.4178759068972 3.124468904431301 0.0 0.0
464.0 51750196.510712005 51750198.13123201 51750199.751752004 0.0 0.0 1021.4178759068972 3.124468904431301 0.0 0.0
465.0 51750199.751752004 51750201.372272 51750202.992792 0.0 0.0 1021.4178759068972 3.124468904431301 0.0 0.0
466.0 51750202.992792 51750204.613312006 51750206.233832 0.0 0.0 1021.4178759068972 3.124468904431301 0.0 0.0
467.0 51750206.233832 51750207.854352 51750209.474872 0.0 0.0 1021.4178759068972 3.124468904431301 0.0 0.0
468.0 51750209.474872 51750211.095392 51750212.715912 0.0 0.0 1021.4178759068972 3.124468904431301 0.0 0.0
469.0 51750212.71591201 51750214.33643201 51750215.956952006 1.0 1.0 1021.4178759068972 3.124468904431301 0.3200543934304299 0.3200543934304299
470.0 51750215.956952006 51750217.577472 51750219.197992004 0.0 0.0 1021.4178759068972 3.124468904431301 0.0 0.0
471.0 51750219.197992004 51750220.81851201 51750222.439032 0.0 0.0 1021.4178759068972 3.124468904431301 0.0 0.0
472.0 51750222.439032 51750224.059552 51750225.680072 1.0 1.0 1021.4178759068972 3.124468904431301 0.3200543934304299 0.3200543934304299
473.0 51750225.680072 51750227.300592005 51750228.921112 1.0 1.0 1021.4178759068972 3.124468904431301 0.3200543934304299 0.3200543934304299
474.0 51750228.921112 51750230.541632 51750232.162152 0.0 0.0 1021.4178759068972 3.124468904431301 0.0 0.0
475.0 51750232.162152 51750233.782672 51750235.403192 0.0 0.0 1021.4178759068972 3.124468904431301 0.0 0.0
476.0 51750235.403192006 51750237.02371201 51750238.644232005 0.0 0.0 1021.4178759068972 3.124468904431301 0.0 0.0
477.0 51750238.644232005 51750240.264752 51750241.885272 1.0 1.0 1021.4178759068972 3.124468904431301 0.3200543934304299 0.3200543934304299
478.0 51750241.885272 51750243.50579201 51750245.126312 2.0 1.4142135623730951 1021.4178759068972 3.124468904431301 0.6401087868608598 0.45262526388640845
479.0 51750245.126312 51750246.746832 51750248.367352 0.0 0.0 1021.4178759068972 3.124468904431301 0.0 0.0
480.0 51750248.367352 51750249.987872005 51750251.608392 1.0 1.0 1021.4178759068972 3.124468904431301 0.3200543934304299 0.3200543934304299
481.0 51750251.608392 51750253.228911996 51750254.849432 0.0 0.0 1021.4178759068972 3.124468904431301 0.0 0.0
482.0 51750254.84943201 51750256.469952 51750258.090472005 0.0 0.0 1021.4178759068972 3.124468904431301 0.0 0.0
483.0 51750258.090472005 51750259.71099201 51750261.331512004 0.0 0.0 1021.4178759068972 3.124468904431301 0.0 0.0
484.0 51750261.331512004 51750262.952032 51750264.572552 0.0 0.0 1021.4178759068972 3.124468904431301 0.0 0.0
485.0 51750264.572552 51750266.193072006 51750267.813592 1.0 1.0 1021.4178759068972 3.124468904431301 0.3200543934304299 0.3200543934304299
486.0 51750267.813592 51750269.434112 51750271.054632 0.0 0.0 1021.4178759068972 3.124468904431301 0.0 0.0
487.0 51750271.054632 51750272.675152004 51750274.295672 1.0 1.0 1021.4178759068972 3.124468904431301 0.3200543934304299 0.3200543934304299
488.0 51750274.29567201 51750275.91619201 51750277.536712006 0.0 0.0 1021.4178759068972 3.124468904431301 0.0 0.0
489.0 51750277.536712006 51750279.157232 51750280.777752005 0.0 0.0 1021.4178759068972 3.124468904431301 0.0 0.0
490.0 51750280.777752005 51750282.39827201 51750284.018792 0.0 0.0 1021.4178759068972 3.124468904431301 0.0 0.0
491.0 51750284.018792 51750285.639312 51750287.259832 0.0 0.0 1021.4178759068972 3.124468904431301 0.0 0.0
492.0 51750287.259832 51750288.880352005 51750290.500872 0.0 0.0 1021.4178759068972 3.124468904431301 0.0 0.0
493.0 51750290.500872 51750292.121392 51750293.741912 0.0 0.0 1021.4178759068972 3.124468904431301 0.0 0.0
494.0 51750293.741912 51750295.362432 51750296.982952 0.0 0.0 1021.4178759068972 3.124468904431301 0.0 0.0
495.0 51750296.982952006 51750298.60347201 51750300.223992005 0.0 0.0 1021.4178759068972 3.124468904431301 0.0 0.0
496.0 51750300.223992005 51750301.844512 51750303.465032004 0.0 0.0 1021.4178759068972 3.124468904431301 0.0 0.0
497.0 51750303.465032004 51750305.08555201 51750306.706072 1.0 1.0 1021.4178759068972 3.124468904431301 0.3200543934304299 0.3200543934304299
498.0 51750306.706072 51750308.326592 51750309.947112 0.0 0.0 1021.4178759068972 3.124468904431301 0.0 0.0
499.0 51750309.947112 51750311.567632005 51750313.188152 0.0 0.0 1021.4178759068972 3.124468904431301 0.0 0.0
500.0 51750313.188152 51750314.808671996 51750316.429192 0.0 0.0 1021.4178759068972 3.124468904431301 0.0 0.0
501.0 51750316.42919201 51750318.049712 51750319.670232005 0.0 0.0 1021.4178759068972 3.124468904431301 0.0 0.0
502.0 51750319.670232005 51750321.29075201 51750322.911272004 0.0 0.0 1021.4178759068972 3.124468904431301 0.0 0.0
503.0 51750322.911272004 51750324.531792 51750326.152312 2.0 1.4142135623730951 1021.4178759068972 3.124468904431301 0.6401087868608598 0.45262526388640845
504.0 51750326.152312 51750327.772832006 51750329.393352 1.0 1.0 1021.4178759068972 3.124468904431301 0.3200543934304299 0.3200543934304299
505.0 51750329.393352 51750331.013872 51750332.634392 0.0 0.0 1021.4178759068972 3.124468904431301 0.0 0.0
506.0 51750332.634392 51750334.254912004 51750335.875432 0.0 0.0 1021.4178759068972 3.124468904431301 0.0 0.0
507.0 51750335.87543201 51750337.49595201 51750339.116472006 0.0 0.0 1021.4178759068972 3.124468904431301 0.0 0.0
508.0 51750339.116472006 51750340.736992 51750342.357512005 0.0 0.0 1021.4178759068972 3.124468904431301 0.0 0.0
509.0 51750342.357512005 51750343.97803201 51750345.598552 1.0 1.0 1021.4178759068972 3.124468904431301 0.3200543934304299 0.3200543934304299
510.0 51750345.598552 51750347.219072 51750348.839592 0.0 0.0 1021.4178759068972 3.124468904431301 0.0 0.0
511.0 51750348.839592 51750350.460112005 51750352.080632 0.0 0.0 1021.4178759068972 3.124468904431301 0.0 0.0
512.0 51750352.080632 51750353.701152 51750355.321672 0.0 0.0 1021.4178759068972 3.124468904431301 0.0 0.0
513.0 51750355.321672 51750356.942192 51750358.562712 1.0 1.0 1021.4178759068972 3.124468904431301 0.3200543934304299 0.3200543934304299
514.0 51750358.562712006 51750360.18323201 51750361.803752005 2.0 1.4142135623730951 1021.4178759068972 3.124468904431301 0.6401087868608598 0.45262526388640845
515.0 51750361.803752005 51750363.424272 51750365.044792004 0.0 0.0 1021.4178759068972 3.124468904431301 0.0 0.0
516.0 51750365.044792004 51750366.66531201 51750368.285832 0.0 0.0 1021.4178759068972 3.016541241133706 0.0 0.0
517.0 51750368.285832 51750369.906352 51750371.526872 0.0 0.0 1021.4178759068972 0.0 0.0 0.0
518.0 51750371.526872 51750373.147392005 51750374.767912 0.0 0.0 1021.4178759068972 0.0 0.0 0.0
519.0 51750374.767912 51750376.388431996 51750378.008952 0.0 0.0 1021.4178759068972 0.0 0.0 0.0
520.0 51750378.00895201 51750379.629472 51750381.249992006 0.0 0.0 1021.4178759068972 0.0 0.0 0.0
521.0 51750381.249992006 51750382.87051201 51750384.491032004 0.0 0.0 1021.4178759068972 0.0 0.0 0.0
522.0 51750384.491032004 51750386.111552 51750387.732072 0.0 0.0 1021.4178759068972 0.0 0.0 0.0
523.0 51750387.732072 51750389.35259201 51750390.973112 0.0 0.0 1021.4178759068972 0.0 0.0 0.0
524.0 51750390.973112 51750392.593632 51750394.214152 0.0 0.0 1021.4178759068972 0.0 0.0 0.0
525.0 51750394.214152 51750395.834672004 51750397.455192 0.0 0.0 1021.4178759068972 0.0 0.0 0.0
526.0 51750397.455192 51750399.075711995 51750400.696232 0.0 0.0 1021.4178759068972 0.0 0.0 0.0
527.0 51750400.696232006 51750402.316752 51750403.937272005 0.0 0.0 1021.4178759068972 0.0 0.0 0.0
528.0 51750403.937272005 51750405.55779201 51750407.178312 0.0 0.0 1021.4178759068972 0.0 0.0 0.0
529.0 51750407.178312 51750408.798832 51750410.419352 0.0 0.0 1021.4178759068972 0.0 0.0 0.0
530.0 51750410.419352 51750412.039872006 51750413.660392 0.0 0.0 1021.4178759068972 0.0 0.0 0.0
531.0 51750413.660392 51750415.280912 51750416.901432 0.0 0.0 1021.4178759068972 0.0 0.0 0.0
532.0 51750416.901432 51750418.521952 51750420.142472 0.0 0.0 1021.4178759068972 0.0 0.0 0.0
533.0 51750420.14247201 51750421.76299201 51750423.383512005 0.0 0.0 1021.4178759068972 0.0 0.0 0.0
534.0 51750423.383512005 51750425.004032 51750426.624552004 0.0 0.0 1021.4178759068972 0.0 0.0 0.0
535.0 51750426.624552004 51750428.24507201 51750429.865592 0.0 0.0 1021.4178759068972 0.0 0.0 0.0
536.0 51750429.865592 51750431.486112 51750433.106632 0.0 0.0 1021.4178759068972 0.0 0.0 0.0
537.0 51750433.106632 51750434.727152005 51750436.347672 0.0 0.0 1021.4178759068972 0.0 0.0 0.0
538.0 51750436.347672 51750437.968191996 51750439.588712 0.0 0.0 1021.4178759068972 0.0 0.0 0.0
539.0 51750439.58871201 51750441.209232 51750442.829752006 0.0 0.0 1021.4178759068972 0.0 0.0 0.0
540.0 51750442.829752006 51750444.45027201 51750446.070792004 0.0 0.0 1021.4178759068972 0.0 0.0 0.0
541.0 51750446.070792004 51750447.691312 51750449.311832 0.0 0.0 1021.4178759068972 0.0 0.0 0.0
542.0 51750449.311832 51750450.93235201 51750452.552872 0.0 0.0 1021.4178759068972 0.0 0.0 0.0
543.0 51750452.552872 51750454.173392 51750455.793912 0.0 0.0 1021.4178759068972 0.0 0.0 0.0
544.0 51750455.793912 51750457.414432004 51750459.034952 0.0 0.0 1021.4178759068972 0.0 0.0 0.0
545.0 51750459.034952 51750460.655471995 51750462.275992 0.0 0.0 1021.4178759068972 0.0 0.0 0.0
546.0 51750462.275992006 51750463.896512 51750465.517032005 0.0 0.0 1021.4178759068972 0.0 0.0 0.0
547.0 51750465.517032005 51750467.13755201 51750468.758072 0.0 0.0 1021.4178759068972 0.0 0.0 0.0
548.0 51750468.758072 51750470.378592 51750471.999112 0.0 0.0 1021.4178759068972 0.0 0.0 0.0
549.0 51750471.999112 51750473.619632006 51750475.240152 0.0 0.0 1021.4178759068972 0.0 0.0 0.0
550.0 51750475.240152 51750476.860672 51750478.481192 0.0 0.0 1021.4178759068972 0.0 0.0 0.0
551.0 51750478.481192 51750480.101712 51750481.722232 0.0 0.0 1021.4178759068972 0.0 0.0 0.0
552.0 51750481.72223201 51750483.34275201 51750484.963272005 0.0 0.0 1021.4178759068972 0.0 0.0 0.0
553.0 51750484.963272005 51750486.583792 51750488.204312004 0.0 0.0 1021.4178759068972 0.0 0.0 0.0
554.0 51750488.204312004 51750489.82483201 51750491.445352 0.0 0.0 1021.4178759068972 0.0 0.0 0.0
555.0 51750491.445352 51750493.065872 51750494.686392 0.0 0.0 1021.4178759068972 0.0 0.0 0.0
556.0 51750494.686392 51750496.306912005 51750497.927432 0.0 0.0 1021.4178759068972 0.0 0.0 0.0
557.0 51750497.927432 51750499.547952 51750501.168472 0.0 0.0 1021.4178759068972 0.0 0.0 0.0
558.0 51750501.16847201 51750502.788992 51750504.409512006 0.0 0.0 1021.4178759068972 0.0 0.0 0.0
559.0 51750504.409512006 51750506.03003201 51750507.650552005 0.0 0.0 1021.4178759068972 0.0 0.0 0.0
560.0 51750507.650552005 51750509.271072 51750510.891592 0.0 0.0 1021.4178759068972 0.0 0.0 0.0
561.0 51750510.891592 51750512.51211201 51750514.132632 0.0 0.0 1021.4178759068972 0.0 0.0 0.0
562.0 51750514.132632 51750515.753152 51750517.373672 0.0 0.0 1021.4178759068972 0.0 0.0 0.0
563.0 51750517.373672 51750518.994192004 51750520.614712 0.0 0.0 1021.4178759068972 0.0 0.0 0.0
564.0 51750520.614712 51750522.235231996 51750523.855752 0.0 0.0 1021.4178759068972 0.0 0.0 0.0
565.0 51750523.855752006 51750525.476272 51750527.096792005 0.0 0.0 1021.4178759068972 0.0 0.0 0.0
566.0 51750527.096792005 51750528.71731201 51750530.337832004 0.0 0.0 1021.4178759068972 0.0 0.0 0.0
567.0 51750530.337832004 51750531.958352 51750533.578872 0.0 0.0 1021.4178759068972 0.0 0.0 0.0
568.0 51750533.578872 51750535.199392006 51750536.819912 0.0 0.0 1021.4178759068972 0.0 0.0 0.0
569.0 51750536.819912 51750538.440432 51750540.060952 0.0 0.0 1021.4178759068972 0.0 0.0 0.0
570.0 51750540.060952 51750541.681472 51750543.301992 0.0 0.0 1021.4178759068972 0.0 0.0 0.0
571.0 51750543.30199201 51750544.92251201 51750546.543032005 0.0 0.0 1021.4178759068972 0.0 0.0 0.0
572.0 51750546.543032005 51750548.163552 51750549.784072004 0.0 0.0 1021.4178759068972 0.0 0.0 0.0
573.0 51750549.784072004 51750551.40459201 51750553.025112 0.0 0.0 1021.4178759068972 0.0 0.0 0.0
574.0 51750553.025112 51750554.645632 51750556.266152 0.0 0.0 1021.4178759068972 0.0 0.0 0.0
575.0 51750556.266152 51750557.886672005 51750559.507192 0.0 0.0 1021.4178759068972 0.0 0.0 0.0
576.0 51750559.507192 51750561.127712 51750562.748232 0.0 0.0 1021.4178759068972 0.0 0.0 0.0
577.0 51750562.74823201 51750564.368752 51750565.989272006 0.0 0.0 1021.4178759068972 0.0 0.0 0.0
578.0 51750565.989272006 51750567.60979201 51750569.230312005 0.0 0.0 1021.4178759068972 0.0 0.0 0.0
579.0 51750569.230312005 51750570.850832 51750572.471352 0.0 0.0 1021.4178759068972 0.0 0.0 0.0
580.0 51750572.471352 51750574.09187201 51750575.712392 0.0 0.0 1021.4178759068972 0.0 0.0 0.0
581.0 51750575.712392 51750577.332912 51750578.953432 0.0 0.0 1021.4178759068972 0.0 0.0 0.0
582.0 51750578.953432 51750580.573952004 51750582.194472 0.0 0.0 1021.4178759068972 0.0 0.0 0.0
583.0 51750582.194472 51750583.814991996 51750585.435512 0.0 0.0 1021.4178759068972 0.0 0.0 0.0
584.0 51750585.43551201 51750587.056032 51750588.676552005 0.0 0.0 1021.4178759068972 0.0 0.0 0.0
585.0 51750588.676552005 51750590.29707201 51750591.917592004 0.0 0.0 1021.4178759068972 0.0 0.0 0.0
586.0 51750591.917592004 51750593.538112 51750595.158632 0.0 0.0 1021.4178759068972 0.0 0.0 0.0
587.0 51750595.158632 51750596.779152006 51750598.399672 0.0 0.0 1021.4178759068972 0.0 0.0 0.0
588.0 51750598.399672 51750600.020192 51750601.640712 0.0 0.0 1021.4178759068972 0.0 0.0 0.0
589.0 51750601.640712 51750603.261232 51750604.881752 0.0 0.0 1021.4178759068972 0.0 0.0 0.0
590.0 51750604.88175201 51750606.50227201 51750608.122792006 0.0 0.0 1021.4178759068972 0.0 0.0 0.0
591.0 51750608.122792006 51750609.743312 51750611.363832004 0.0 0.0 1021.4178759068972 0.0 0.0 0.0
592.0 51750611.363832004 51750612.98435201 51750614.604872 0.0 0.0 1021.4178759068972 0.0 0.0 0.0
593.0 51750614.604872 51750616.225392 51750617.845912 0.0 0.0 1021.4178759068972 0.0 0.0 0.0
594.0 51750617.845912 51750619.466432005 51750621.086952 0.0 0.0 1021.4178759068972 0.0 0.0 0.0
595.0 51750621.086952 51750622.707472 51750624.327992 0.0 0.0 1021.4178759068972 0.0 0.0 0.0
596.0 51750624.327992 51750625.948512 51750627.569032 0.0 0.0 1021.4178759068972 0.0 0.0 0.0
597.0 51750627.569032006 51750629.18955201 51750630.810072005 0.0 0.0 1021.4178759068972 0.0 0.0 0.0
598.0 51750630.810072005 51750632.430592 51750634.051112 0.0 0.0 1021.4178759068972 0.0 0.0 0.0
599.0 51750634.051112 51750635.67163201 51750637.292152 0.0 0.0 1021.4178759068972 0.0 0.0 0.0
600.0 51750637.292152 51750638.912672 51750640.533192 0.0 0.0 1021.4178759068972 0.0 0.0 0.0
601.0 51750640.533192 51750642.153712004 51750643.774232 0.0 0.0 1021.4178759068972 0.0 0.0 0.0
602.0 51750643.774232 51750645.394751996 51750647.015272 0.0 0.0 1021.4178759068972 0.0 0.0 0.0
603.0 51750647.01527201 51750648.635792 51750650.256312005 0.0 0.0 1021.4178759068972 0.0 0.0 0.0
604.0 51750650.256312005 51750651.87683201 51750653.497352004 0.0 0.0 1021.4178759068972 0.0 0.0 0.0
605.0 51750653.497352004 51750655.117872 51750656.738392 0.0 0.0 1021.4178759068972 0.0 0.0 0.0
606.0 51750656.738392 51750658.358912006 51750659.979432 0.0 0.0 1021.4178759068972 0.0 0.0 0.0
607.0 51750659.979432 51750661.599952 51750663.220472 0.0 0.0 1021.4178759068972 0.0 0.0 0.0
608.0 51750663.220472 51750664.840992 51750666.461512 0.0 0.0 1021.4178759068972 0.0 0.0 0.0
609.0 51750666.46151201 51750668.08203201 51750669.702552006 0.0 0.0 1021.4178759068972 0.0 0.0 0.0
610.0 51750669.702552006 51750671.323072 51750672.943592004 0.0 0.0 1021.4178759068972 0.0 0.0 0.0
611.0 51750672.943592004 51750674.56411201 51750676.184632 0.0 0.0 1021.4178759068972 0.0 0.0 0.0
612.0 51750676.184632 51750677.805152 51750679.425672 0.0 0.0 1021.4178759068972 0.0 0.0 0.0
613.0 51750679.425672 51750681.046192005 51750682.666712 0.0 0.0 1021.4178759068972 0.0 0.0 0.0
614.0 51750682.666712 51750684.287232 51750685.907752 0.0 0.0 1021.4178759068972 0.0 0.0 0.0
615.0 51750685.907752 51750687.528272 51750689.148792 0.0 0.0 1021.4178759068972 0.0 0.0 0.0
616.0 51750689.148792006 51750690.76931201 51750692.389832005 0.0 0.0 1021.4178759068972 0.0 0.0 0.0
617.0 51750692.389832005 51750694.010352 51750695.630872004 0.0 0.0 1021.4178759068972 0.0 0.0 0.0
618.0 51750695.630872004 51750697.25139201 51750698.871912 0.0 0.0 1021.4178759068972 0.0 0.0 0.0
619.0 51750698.871912 51750700.492432 51750702.112952 0.0 0.0 1021.4178759068972 0.0 0.0 0.0
620.0 51750702.112952 51750703.733472005 51750705.353992 0.0 0.0 1021.4178759068972 0.0 0.0 0.0
621.0 51750705.353992 51750706.974511996 51750708.595032 0.0 0.0 1021.4178759068972 0.0 0.0 0.0
622.0 51750708.59503201 51750710.215552 51750711.836072005 0.0 0.0 1021.4178759068972 0.0 0.0 0.0
623.0 51750711.836072005 51750713.45659201 51750715.077112004 0.0 0.0 1021.4178759068972 0.0 0.0 0.0
624.0 51750715.077112004 51750716.697632 51750718.318152 0.0 0.0 1021.4178759068972 0.0 0.0 0.0
625.0 51750718.318152 51750719.938672006 51750721.559192 0.0 0.0 1021.4178759068972 0.0 0.0 0.0
626.0 51750721.559192 51750723.179712 51750724.800232 0.0 0.0 1021.4178759068972 0.0 0.0 0.0
627.0 51750724.800232 51750726.420752004 51750728.041272 0.0 0.0 1021.4178759068972 0.0 0.0 0.0
628.0 51750728.04127201 51750729.66179201 51750731.282312006 0.0 0.0 1021.4178759068972 0.0 0.0 0.0
629.0 51750731.282312006 51750732.902832 51750734.523352005 0.0 0.0 1021.4178759068972 0.0 0.0 0.0
630.0 51750734.523352005 51750736.14387201 51750737.764392 0.0 0.0 1021.4178759068972 0.0 0.0 0.0
631.0 51750737.764392 51750739.384912 51750741.005432 0.0 0.0 1021.4178759068972 0.0 0.0 0.0
632.0 51750741.005432 51750742.625952005 51750744.246472 0.0 0.0 1021.4178759068972 0.0 0.0 0.0
633.0 51750744.246472 51750745.866992 51750747.487512 0.0 0.0 1021.4178759068972 0.0 0.0 0.0
634.0 51750747.487512 51750749.108032 51750750.728552 0.0 0.0 1021.4178759068972 0.0 0.0 0.0
635.0 51750750.728552006 51750752.34907201 51750753.969592005 0.0 0.0 1021.4178759068972 0.0 0.0 0.0
636.0 51750753.969592005 51750755.590112 51750757.210632004 0.0 0.0 1021.4178759068972 0.0 0.0 0.0
637.0 51750757.210632004 51750758.83115201 51750760.451672 0.0 0.0 1021.4178759068972 0.0 0.0 0.0
638.0 51750760.451672 51750762.072192 51750763.692712 0.0 0.0 1021.4178759068972 0.0 0.0 0.0
639.0 51750763.692712 51750765.313232005 51750766.933752 0.0 0.0 1021.4178759068972 0.0 0.0 0.0
640.0 51750766.933752 51750768.554271996 51750770.174792 0.0 0.0 1021.4178759068972 0.0 0.0 0.0
641.0 51750770.17479201 51750771.795312 51750773.415832005 0.0 0.0 1021.4178759068972 0.0 0.0 0.0
642.0 51750773.415832005 51750775.03635201 51750776.656872004 0.0 0.0 1021.4178759068972 0.0 0.0 0.0
643.0 51750776.656872004 51750778.277392 51750779.897912 0.0 0.0 1021.4178759068972 0.0 0.0 0.0
644.0 51750779.897912 51750781.518432006 51750783.138952 0.0 0.0 1021.4178759068972 0.0 0.0 0.0
645.0 51750783.138952 51750784.759472 51750786.379992 0.0 0.0 1021.4178759068972 0.0 0.0 0.0
646.0 51750786.379992 51750788.000512004 51750789.621032 0.0 0.0 1021.4178759068972 0.0 0.0 0.0
647.0 51750789.621032 51750791.241551995 51750792.862072 0.0 0.0 1021.4178759068972 0.0 0.0 0.0
648.0 51750792.862072006 51750794.482592 51750796.103112005 0.0 0.0 1021.4178759068972 0.0 0.0 0.0
649.0 51750796.103112005 51750797.72363201 51750799.344152 0.0 0.0 1021.4178759068972 0.0 0.0 0.0
650.0 51750799.344152 51750800.964672 51750802.585192 0.0 0.0 1021.4178759068972 0.0 0.0 0.0
651.0 51750802.585192 51750804.205712005 51750805.826232 0.0 0.0 1021.4178759068972 0.0 0.0 0.0
652.0 51750805.826232 51750807.446752 51750809.067272 0.0 0.0 1021.4178759068972 0.0 0.0 0.0
653.0 51750809.067272 51750810.687792 51750812.308312 0.0 0.0 1021.4178759068972 0.0 0.0 0.0
654.0 51750812.30831201 51750813.92883201 51750815.549352005 0.0 0.0 1021.4178759068972 0.0 0.0 0.0
655.0 51750815.549352005 51750817.169872 51750818.790392004 0.0 0.0 1021.4178759068972 0.0 0.0 0.0
656.0 51750818.790392004 51750820.41091201 51750822.031432 0.0 0.0 1021.4178759068972 0.0 0.0 0.0
657.0 51750822.031432 51750823.651952 51750825.272472 0.0 0.0 1021.4178759068972 0.0 0.0 0.0
658.0 51750825.272472 51750826.892992005 51750828.513512 0.0 0.0 1021.4178759068972 0.0 0.0 0.0
659.0 51750828.513512 51750830.134031996 51750831.754552 0.0 0.0 1021.4178759068972 0.0 0.0 0.0
660.0 51750831.75455201 51750833.375072 51750834.995592006 0.0 0.0 1021.4178759068972 0.0 0.0 0.0
661.0 51750834.995592006 51750836.61611201 51750838.236632004 0.0 0.0 1021.4178759068972 0.0 0.0 0.0
662.0 51750838.236632004 51750839.857152 51750841.477672 0.0 0.0 1021.4178759068972 0.0 0.0 0.0
663.0 51750841.477672 51750843.09819201 51750844.718712 0.0 0.0 1021.4178759068972 0.0 0.0 0.0
664.0 51750844.718712 51750846.339232 51750847.959752 0.0 0.0 1021.4178759068972 0.0 0.0 0.0
665.0 51750847.959752 51750849.580272004 51750851.200792 0.0 0.0 1021.4178759068972 0.0 0.0 0.0
666.0 51750851.200792 51750852.821311995 51750854.441832 0.0 0.0 1021.4178759068972 0.0 0.0 0.0
667.0 51750854.441832006 51750856.062352 51750857.682872005 0.0 0.0 1021.4178759068972 0.0 0.0 0.0
668.0 51750857.682872005 51750859.30339201 51750860.923912 0.0 0.0 1021.4178759068972 0.0 0.0 0.0
669.0 51750860.923912 51750862.544432 51750864.164952 0.0 0.0 1021.4178759068972 0.0 0.0 0.0
670.0 51750864.164952 51750865.785472006 51750867.405992 0.0 0.0 1021.4178759068972 0.0 0.0 0.0
671.0 51750867.405992 51750869.026512 51750870.647032 0.0 0.0 1021.4178759068972 0.0 0.0 0.0
672.0 51750870.647032 51750872.267552 51750873.888072 0.0 0.0 1021.4178759068972 0.0 0.0 0.0
673.0 51750873.88807201 51750875.50859201 51750877.129112005 0.0 0.0 1021.4178759068972 0.0 0.0 0.0
674.0 51750877.129112005 51750878.749632 51750880.370152004 0.0 0.0 1021.4178759068972 0.0 0.0 0.0
675.0 51750880.370152004 51750881.99067201 51750883.611192 0.0 0.0 1021.4178759068972 0.0 0.0 0.0
676.0 51750883.611192 51750885.231712 51750886.852232 0.0 0.0 1021.4178759068972 0.0 0.0 0.0
677.0 51750886.852232 51750888.472752005 51750890.093272 0.0 0.0 1021.4178759068972 0.0 0.0 0.0
678.0 51750890.093272 51750891.713791996 51750893.334312 0.0 0.0 1021.4178759068972 0.0 0.0 0.0
679.0 51750893.33431201 51750894.954832 51750896.575352006 0.0 0.0 1021.4178759068972 0.0 0.0 0.0
680.0 51750896.575352006 51750898.19587201 51750899.816392004 0.0 0.0 1021.4178759068972 0.0 0.0 0.0
681.0 51750899.816392004 51750901.436912 51750903.057432 0.0 0.0 1021.4178759068972 0.0 0.0 0.0
682.0 51750903.057432 51750904.67795201 51750906.298472 0.0 0.0 1021.4178759068972 0.0 0.0 0.0
683.0 51750906.298472 51750907.918992 51750909.539512 0.0 0.0 1021.4178759068972 0.0 0.0 0.0
684.0 51750909.539512 51750911.160032004 51750912.780552 0.0 0.0 1021.4178759068972 0.0 0.0 0.0
685.0 51750912.780552 51750914.401071995 51750916.021592 0.0 0.0 1021.4178759068972 0.0 0.0 0.0
686.0 51750916.021592006 51750917.642112 51750919.262632005 0.0 0.0 1021.4178759068972 0.0 0.0 0.0
687.0 51750919.262632005 51750920.88315201 51750922.503672004 0.0 0.0 1021.4178759068972 0.0 0.0 0.0
688.0 51750922.503672004 51750924.124192 51750925.744712 0.0 0.0 1021.4178759068972 0.0 0.0 0.0
689.0 51750925.744712 51750927.365232006 51750928.985752 0.0 0.0 1021.4178759068972 0.0 0.0 0.0
690.0 51750928.985752 51750930.606272 51750932.226792 0.0 0.0 1021.4178759068972 0.0 0.0 0.0
691.0 51750932.226792 51750933.847312 51750935.467832 0.0 0.0 1021.4178759068972 0.0 0.0 0.0
692.0 51750935.46783201 51750937.08835201 51750938.708872005 0.0 0.0 1021.4178759068972 0.0 0.0 0.0
693.0 51750938.708872005 51750940.329392 51750941.949912004 0.0 0.0 1021.4178759068972 0.0 0.0 0.0
694.0 51750941.949912004 51750943.57043201 51750945.190952 0.0 0.0 1021.4178759068972 0.0 0.0 0.0
695.0 51750945.190952 51750946.811472 51750948.431992 0.0 0.0 1021.4178759068972 0.0 0.0 0.0
696.0 51750948.431992 51750950.052512005 51750951.673032 0.0 0.0 1021.4178759068972 0.0 0.0 0.0
697.0 51750951.673032 51750953.293552 51750954.914072 0.0 0.0 1021.4178759068972 0.0 0.0 0.0
698.0 51750954.91407201 51750956.534592 51750958.155112006 0.0 0.0 1021.4178759068972 0.0 0.0 0.0
699.0 51750958.155112006 51750959.77563201 51750961.396152005 0.0 0.0 1021.4178759068972 0.0 0.0 0.0
700.0 51750961.396152005 51750963.016672 51750964.637192 0.0 0.0 1021.4178759068972 0.0 0.0 0.0
701.0 51750964.637192 51750966.25771201 51750967.878232 0.0 0.0 1021.4178759068972 0.0 0.0 0.0
702.0 51750967.878232 51750969.498752 51750971.119272 0.0 0.0 1021.4178759068972 0.0 0.0 0.0
703.0 51750971.119272 51750972.739792004 51750974.360312 0.0 0.0 1021.4178759068972 0.0 0.0 0.0
704.0 51750974.360312 51750975.980831996 51750977.601352 0.0 0.0 1021.4178759068972 0.0 0.0 0.0
705.0 51750977.601352006 51750979.221872 51750980.842392005 0.0 0.0 1021.4178759068972 0.0 0.0 0.0
706.0 51750980.842392005 51750982.46291201 51750984.083432004 0.0 0.0 1021.4178759068972 0.0 0.0 0.0
707.0 51750984.083432004 51750985.703952 51750987.324472 0.0 0.0 1021.4178759068972 0.0 0.0 0.0
708.0 51750987.324472 51750988.944992006 51750990.565512 0.0 0.0 1021.4178759068972 0.0 0.0 0.0
709.0 51750990.565512 51750992.186032 51750993.806552 0.0 0.0 1021.4178759068972 0.0 0.0 0.0
710.0 51750993.806552 51750995.427072 51750997.047592 0.0 0.0 1021.4178759068972 0.0 0.0 0.0
711.0 51750997.04759201 51750998.66811201 51751000.288632005 0.0 0.0 1021.4178759068972 0.0 0.0 0.0
712.0 51751000.288632005 51751001.909152 51751003.529672004 0.0 0.0 1021.4178759068972 0.0 0.0 0.0
713.0 51751003.529672004 51751005.15019201 51751006.770712 0.0 0.0 1021.4178759068972 0.0 0.0 0.0
714.0 51751006.770712 51751008.391232 51751010.011752 0.0 0.0 1021.4178759068972 0.0 0.0 0.0
715.0 51751010.011752 51751011.632272005 51751013.252792 0.0 0.0 1021.4178759068972 0.0 0.0 0.0
716.0 51751013.252792 51751014.873312 51751016.493832 0.0 0.0 1021.4178759068972 0.0 0.0 0.0
717.0 51751016.493832 51751018.114352 51751019.734872 0.0 0.0 1021.4178759068972 0.0 0.0 0.0
718.0 51751019.734872006 51751021.35539201 51751022.975912005 0.0 0.0 1021.4178759068972 0.0 0.0 0.0
719.0 51751022.975912005 51751024.596432 51751026.216952 0.0 0.0 1021.4178759068972 0.0 0.0 0.0
720.0 51751026.216952 51751027.83747201 51751029.457992 0.0 0.0 1021.4178759068972 0.0 0.0 0.0
721.0 51751029.457992 51751031.078512 51751032.699032 0.0 0.0 1021.4178759068972 0.0 0.0 0.0
722.0 51751032.699032 51751034.319552004 51751035.940072 0.0 0.0 1021.4178759068972 0.0 0.0 0.0
723.0 51751035.940072 51751037.560591996 51751039.181112 0.0 0.0 1021.4178759068972 0.0 0.0 0.0
724.0 51751039.18111201 51751040.801632 51751042.422152005 0.0 0.0 1021.4178759068972 0.0 0.0 0.0
725.0 51751042.422152005 51751044.04267201 51751045.663192004 0.0 0.0 1021.4178759068972 0.0 0.0 0.0
726.0 51751045.663192004 51751047.283712 51751048.904232 0.0 0.0 1021.4178759068972 0.0 0.0 0.0
727.0 51751048.904232 51751050.524752006 51751052.145272 0.0 0.0 1021.4178759068972 0.0 0.0 0.0
728.0 51751052.145272 51751053.765792 51751055.386312 0.0 0.0 1021.4178759068972 0.0 0.0 0.0
729.0 51751055.386312 51751057.006832 51751058.627352 0.0 0.0 1021.4178759068972 0.0 0.0 0.0
730.0 51751058.62735201 51751060.24787201 51751061.868392006 0.0 0.0 1021.4178759068972 0.0 0.0 0.0
731.0 51751061.868392006 51751063.488912 51751065.109432004 0.0 0.0 1021.4178759068972 0.0 0.0 0.0
732.0 51751065.109432004 51751066.72995201 51751068.350472 0.0 0.0 1021.4178759068972 0.0 0.0 0.0
733.0 51751068.350472 51751069.970992 51751071.591512 0.0 0.0 1021.4178759068972 0.0 0.0 0.0
734.0 51751071.591512 51751073.212032005 51751074.832552 0.0 0.0 1021.4178759068972 0.0 0.0 0.0
735.0 51751074.832552 51751076.453072 51751078.073592 0.0 0.0 1021.4178759068972 0.0 0.0 0.0
736.0 51751078.073592 51751079.694112 51751081.314632 0.0 0.0 1021.4178759068972 0.0 0.0 0.0
737.0 51751081.314632006 51751082.93515201 51751084.555672005 0.0 0.0 1021.4178759068972 0.0 0.0 0.0
738.0 51751084.555672005 51751086.176192 51751087.796712 0.0 0.0 1021.4178759068972 0.0 0.0 0.0
739.0 51751087.796712 51751089.41723201 51751091.037752 0.0 0.0 1021.4178759068972 0.0 0.0 0.0
740.0 51751091.037752 51751092.658272 51751094.278792 0.0 0.0 1021.4178759068972 0.0 0.0 0.0
741.0 51751094.278792 51751095.899312004 51751097.519832 0.0 0.0 1021.4178759068972 0.0 0.0 0.0
742.0 51751097.519832 51751099.140351996 51751100.760872 0.0 0.0 1021.4178759068972 0.0 0.0 0.0
743.0 51751100.76087201 51751102.381392 51751104.001912005 0.0 0.0 1021.4178759068972 0.0 0.0 0.0
744.0 51751104.001912005 51751105.62243201 51751107.242952004 0.0 0.0 1021.4178759068972 0.0 0.0 0.0
745.0 51751107.242952004 51751108.863472 51751110.483992 0.0 0.0 1021.4178759068972 0.0 0.0 0.0
746.0 51751110.483992 51751112.104512006 51751113.725032 0.0 0.0 1021.4178759068972 0.0 0.0 0.0
747.0 51751113.725032 51751115.345552 51751116.966072 0.0 0.0 1021.4178759068972 0.0 0.0 0.0
748.0 51751116.966072 51751118.586592 51751120.207112 0.0 0.0 1021.4178759068972 0.0 0.0 0.0
749.0 51751120.20711201 51751121.82763201 51751123.448152006 0.0 0.0 1021.4178759068972 0.0 0.0 0.0
750.0 51751123.448152006 51751125.068672 51751126.689192005 0.0 0.0 1021.4178759068972 0.0 0.0 0.0
751.0 51751126.689192005 51751128.30971201 51751129.930232 0.0 0.0 1021.4178759068972 0.0 0.0 0.0
752.0 51751129.930232 51751131.550752 51751133.171272 0.0 0.0 1021.4178759068972 0.0 0.0 0.0
753.0 51751133.171272 51751134.791792005 51751136.412312 0.0 0.0 1021.4178759068972 0.0 0.0 0.0
754.0 51751136.412312 51751138.032832 51751139.653352 0.0 0.0 1021.4178759068972 0.0 0.0 0.0
755.0 51751139.653352 51751141.273872 51751142.894392 0.0 0.0 1021.4178759068972 0.0 0.0 0.0
756.0 51751142.894392006 51751144.51491201 51751146.135432005 0.0 0.0 1021.4178759068972 0.0 0.0 0.0
757.0 51751146.135432005 51751147.755952 51751149.376472004 0.0 0.0 1021.4178759068972 0.0 0.0 0.0
758.0 51751149.376472004 51751150.99699201 51751152.617512 0.0 0.0 1021.4178759068972 0.0 0.0 0.0
759.0 51751152.617512 51751154.238032 51751155.858552 0.0 0.0 1021.4178759068972 0.0 0.0 0.0
760.0 51751155.858552 51751157.479072005 51751159.099592 0.0 0.0 1021.4178759068972 0.0 0.0 0.0
761.0 51751159.099592 51751160.720111996 51751162.340632 0.0 0.0 1021.4178759068972 0.0 0.0 0.0
762.0 51751162.34063201 51751163.961152 51751165.581672005 0.0 0.0 1021.4178759068972 0.0 0.0 0.0
763.0 51751165.581672005 51751167.20219201 51751168.822712004 0.0 0.0 1021.4178759068972 0.0 0.0 0.0
764.0 51751168.822712004 51751170.443232 51751172.063752 0.0 0.0 1021.4178759068972 0.0 0.0 0.0
765.0 51751172.063752 51751173.684272006 51751175.304792 0.0 0.0 1021.4178759068972 0.0 0.0 0.0
766.0 51751175.304792 51751176.925312 51751178.545832 0.0 0.0 1021.4178759068972 0.0 0.0 0.0
767.0 51751178.545832 51751180.166352004 51751181.786872 0.0 0.0 1021.4178759068972 0.0 0.0 0.0
768.0 51751181.78687201 51751183.40739201 51751185.027912006 0.0 0.0 1021.4178759068972 0.0 0.0 0.0
769.0 51751185.027912006 51751186.648432 51751188.268952005 0.0 0.0 1021.4178759068972 0.0 0.0 0.0
770.0 51751188.268952005 51751189.88947201 51751191.509992 0.0 0.0 1021.4178759068972 0.0 0.0 0.0
771.0 51751191.509992 51751193.130512 51751194.751032 0.0 0.0 1021.4178759068972 0.0 0.0 0.0
772.0 51751194.751032 51751196.371552005 51751197.992072 0.0 0.0 1021.4178759068972 0.0 0.0 0.0
773.0 51751197.992072 51751199.612592 51751201.233112 0.0 0.0 1021.4178759068972 0.0 0.0 0.0
774.0 51751201.233112 51751202.853632 51751204.474152 0.0 0.0 1021.4178759068972 0.0 0.0 0.0
775.0 51751204.474152006 51751206.09467201 51751207.715192005 0.0 0.0 1021.4178759068972 0.0 0.0 0.0
776.0 51751207.715192005 51751209.335712 51751210.956232004 0.0 0.0 1021.4178759068972 0.0 0.0 0.0
777.0 51751210.956232004 51751212.57675201 51751214.197272 0.0 0.0 1021.4178759068972 0.0 0.0 0.0
778.0 51751214.197272 51751215.817792 51751217.438312 0.0 0.0 1021.4178759068972 0.0 0.0 0.0
779.0 51751217.438312 51751219.058832005 51751220.679352 0.0 0.0 1021.4178759068972 0.0 0.0 0.0
780.0 51751220.679352 51751222.299871996 51751223.920392 0.0 0.0 1021.4178759068972 0.0 0.0 0.0
781.0 51751223.92039201 51751225.540912 51751227.161432005 0.0 0.0 1021.4178759068972 0.0 0.0 0.0
782.0 51751227.161432005 51751228.78195201 51751230.402472004 0.0 0.0 1021.4178759068972 0.0 0.0 0.0
783.0 51751230.402472004 51751232.022992 51751233.643512 0.0 0.0 1021.4178759068972 0.0 0.0 0.0
784.0 51751233.643512 51751235.264032006 51751236.884552 0.0 0.0 1021.4178759068972 0.0 0.0 0.0
785.0 51751236.884552 51751238.505072 51751240.125592 0.0 0.0 1021.4178759068972 0.0 0.0 0.0
786.0 51751240.125592 51751241.746112004 51751243.366632 0.0 0.0 1021.4178759068972 0.0 0.0 0.0
787.0 51751243.366632 51751244.987151995 51751246.607672 0.0 0.0 1021.4178759068972 0.0 0.0 0.0
788.0 51751246.607672006 51751248.228192 51751249.848712005 0.0 0.0 1021.4178759068972 0.0 0.0 0.0
789.0 51751249.848712005 51751251.46923201 51751253.089752 0.0 0.0 1021.4178759068972 0.0 0.0 0.0
790.0 51751253.089752 51751254.710272 51751256.330792 0.0 0.0 1021.4178759068972 0.0 0.0 0.0
791.0 51751256.330792 51751257.951312006 51751259.571832 0.0 0.0 1021.4178759068972 0.0 0.0 0.0
792.0 51751259.571832 51751261.192352 51751262.812872 0.0 0.0 1021.4178759068972 0.0 0.0 0.0
793.0 51751262.812872 51751264.433392 51751266.053912 0.0 0.0 1021.4178759068972 0.0 0.0 0.0
794.0 51751266.05391201 51751267.67443201 51751269.294952005 0.0 0.0 1021.4178759068972 0.0 0.0 0.0
795.0 51751269.294952005 51751270.915472 51751272.535992004 0.0 0.0 1021.4178759068972 0.0 0.0 0.0
796.0 51751272.535992004 51751274.15651201 51751275.777032 0.0 0.0 1021.4178759068972 0.0 0.0 0.0
797.0 51751275.777032 51751277.397552 51751279.018072 0.0 0.0 1021.4178759068972 0.0 0.0 0.0
798.0 51751279.018072 51751280.638592005 51751282.259112 0.0 0.0 1021.4178759068972 0.0 0.0 0.0
799.0 51751282.259112 51751283.879631996 51751285.500152 0.0 0.0 1021.4178759068972 0.0 0.0 0.0
800.0 51751285.50015201 51751287.120672 51751288.741192006 0.0 0.0 1021.4178759068972 0.0 0.0 0.0
801.0 51751288.741192006 51751290.36171201 51751291.982232004 0.0 0.0 1021.4178759068972 0.0 0.0 0.0
802.0 51751291.982232004 51751293.602752 51751295.223272 0.0 0.0 1021.4178759068972 0.0 0.0 0.0
803.0 51751295.223272 51751296.84379201 51751298.464312 0.0 0.0 1021.4178759068972 0.0 0.0 0.0
804.0 51751298.464312 51751300.084832 51751301.705352 0.0 0.0 1021.4178759068972 0.0 0.0 0.0
805.0 51751301.705352 51751303.325872004 51751304.946392 0.0 0.0 1021.4178759068972 0.0 0.0 0.0
806.0 51751304.946392 51751306.566911995 51751308.187432 0.0 0.0 1021.4178759068972 0.0 0.0 0.0
807.0 51751308.187432006 51751309.807952 51751311.428472005 0.0 0.0 1021.4178759068972 0.0 0.0 0.0
808.0 51751311.428472005 51751313.04899201 51751314.669512 0.0 0.0 1021.4178759068972 0.0 0.0 0.0
809.0 51751314.669512 51751316.290032 51751317.910552 0.0 0.0 1021.4178759068972 0.0 0.0 0.0
810.0 51751317.910552 51751319.531072006 51751321.151592 0.0 0.0 1021.4178759068972 0.0 0.0 0.0
811.0 51751321.151592 51751322.772112 51751324.392632 0.0 0.0 1021.4178759068972 0.0 0.0 0.0
812.0 51751324.392632 51751326.013152 51751327.633672 0.0 0.0 1021.4178759068972 0.0 0.0 0.0
813.0 51751327.63367201 51751329.25419201 51751330.874712005 0.0 0.0 1021.4178759068972 0.0 0.0 0.0
814.0 51751330.874712005 51751332.495232 51751334.115752004 0.0 0.0 1021.4178759068972 0.0 0.0 0.0
815.0 51751334.115752004 51751335.73627201 51751337.356792 0.0 0.0 1021.4178759068972 0.0 0.0 0.0
816.0 51751337.356792 51751338.977312 51751340.597832 0.0 0.0 1021.4178759068972 0.0 0.0 0.0
817.0 51751340.597832 51751342.218352005 51751343.838872 0.0 0.0 1021.4178759068972 0.0 0.0 0.0
818.0 51751343.838872 51751345.459391996 51751347.079912 0.0 0.0 1021.4178759068972 0.0 0.0 0.0
819.0 51751347.07991201 51751348.700432 51751350.320952006 0.0 0.0 1021.4178759068972 0.0 0.0 0.0
820.0 51751350.320952006 51751351.94147201 51751353.561992005 0.0 0.0 1021.4178759068972 0.0 0.0 0.0
821.0 51751353.561992005 51751355.182512 51751356.803032 0.0 0.0 1021.4178759068972 0.0 0.0 0.0
822.0 51751356.803032 51751358.42355201 51751360.044072 0.0 0.0 1021.4178759068972 0.0 0.0 0.0
823.0 51751360.044072 51751361.664592 51751363.285112 0.0 0.0 1021.4178759068972 0.0 0.0 0.0
824.0 51751363.285112 51751364.905632004 51751366.526152 0.0 0.0 1021.4178759068972 0.0 0.0 0.0
825.0 51751366.526152 51751368.146671996 51751369.767192 0.0 0.0 1021.4178759068972 0.0 0.0 0.0
826.0 51751369.767192006 51751371.387712 51751373.008232005 0.0 0.0 1021.4178759068972 0.0 0.0 0.0
827.0 51751373.008232005 51751374.62875201 51751376.249272004 0.0 0.0 1021.4178759068972 0.0 0.0 0.0
828.0 51751376.249272004 51751377.869792 51751379.490312 0.0 0.0 1021.4178759068972 0.0 0.0 0.0
829.0 51751379.490312 51751381.110832006 51751382.731352 0.0 0.0 1021.4178759068972 0.0 0.0 0.0
830.0 51751382.731352 51751384.351872 51751385.972392 0.0 0.0 1021.4178759068972 0.0 0.0 0.0
831.0 51751385.972392 51751387.592912 51751389.213432 0.0 0.0 1021.4178759068972 0.0 0.0 0.0
832.0 51751389.21343201 51751390.83395201 51751392.454472005 0.0 0.0 1021.4178759068972 0.0 0.0 0.0
833.0 51751392.454472005 51751394.074992 51751395.695512004 0.0 0.0 1021.4178759068972 0.0 0.0 0.0
834.0 51751395.695512004 51751397.31603201 51751398.936552 0.0 0.0 1021.4178759068972 0.0 0.0 0.0
835.0 51751398.936552 51751400.557072 51751402.177592 0.0 0.0 1021.4178759068972 0.0 0.0 0.0
836.0 51751402.177592 51751403.798112005 51751405.418632 0.0 0.0 1021.4178759068972 0.0 0.0 0.0
837.0 51751405.418632 51751407.039152 51751408.659672 0.0 0.0 1021.4178759068972 0.0 0.0 0.0
838.0 51751408.65967201 51751410.280192 51751411.900712006 0.0 0.0 1021.4178759068972 0.0 0.0 0.0
839.0 51751411.900712006 51751413.52123201 51751415.141752005 0.0 0.0 1021.4178759068972 0.0 0.0 0.0
840.0 51751415.141752005 51751416.762272 51751418.382792 0.0 0.0 1021.4178759068972 0.0 0.0 0.0
841.0 51751418.382792 51751420.00331201 51751421.623832 0.0 0.0 1021.4178759068972 0.0 0.0 0.0
842.0 51751421.623832 51751423.244352 51751424.864872 0.0 0.0 1021.4178759068972 0.0 0.0 0.0
843.0 51751424.864872 51751426.485392004 51751428.105912 0.0 0.0 1021.4178759068972 0.0 0.0 0.0
844.0 51751428.105912 51751429.726431996 51751431.346952 0.0 0.0 1021.4178759068972 0.0 0.0 0.0
845.0 51751431.346952006 51751432.967472 51751434.587992005 0.0 0.0 1021.4178759068972 0.0 0.0 0.0
846.0 51751434.587992005 51751436.20851201 51751437.829032004 0.0 0.0 1021.4178759068972 0.0 0.0 0.0
847.0 51751437.829032004 51751439.449552 51751441.070072 0.0 0.0 1021.4178759068972 0.0 0.0 0.0
848.0 51751441.070072 51751442.690592006 51751444.311112 0.0 0.0 1021.4178759068972 0.0 0.0 0.0
849.0 51751444.311112 51751445.931632 51751447.552152 0.0 0.0 1021.4178759068972 0.0 0.0 0.0
850.0 51751447.552152 51751449.172672 51751450.793192 0.0 0.0 1021.4178759068972 0.0 0.0 0.0
851.0 51751450.79319201 51751452.41371201 51751454.034232005 0.0 0.0 1021.4178759068972 0.0 0.0 0.0
852.0 51751454.034232005 51751455.654752 51751457.275272004 0.0 0.0 1021.4178759068972 0.0 0.0 0.0
853.0 51751457.275272004 51751458.89579201 51751460.516312 0.0 0.0 1021.4178759068972 0.0 0.0 0.0
854.0 51751460.516312 51751462.136832 51751463.757352 0.0 0.0 1021.4178759068972 0.0 0.0 0.0
855.0 51751463.757352 51751465.377872005 51751466.998392 0.0 0.0 1021.4178759068972 0.0 0.0 0.0
856.0 51751466.998392 51751468.618912 51751470.239432 0.0 0.0 1021.4178759068972 0.0 0.0 0.0
857.0 51751470.239432 51751471.859952 51751473.480472 0.0 0.0 1021.4178759068972 0.0 0.0 0.0
858.0 51751473.480472006 51751475.10099201 51751476.721512005 0.0 0.0 1021.4178759068972 0.0 0.0 0.0
859.0 51751476.721512005 51751478.342032 51751479.962552 0.0 0.0 1021.4178759068972 0.0 0.0 0.0
860.0 51751479.962552 51751481.58307201 51751483.203592 0.0 0.0 1021.4178759068972 0.0 0.0 0.0
861.0 51751483.203592 51751484.824112 51751486.444632 0.0 0.0 1021.4178759068972 0.0 0.0 0.0
862.0 51751486.444632 51751488.065152004 51751489.685672 0.0 0.0 1021.4178759068972 0.0 0.0 0.0
863.0 51751489.685672 51751491.306191996 51751492.926712 0.0 0.0 1021.4178759068972 0.0 0.0 0.0
864.0 51751492.92671201 51751494.547232 51751496.167752005 0.0 0.0 1021.4178759068972 0.0 0.0 0.0
865.0 51751496.167752005 51751497.78827201 51751499.408792004 0.0 0.0 1021.4178759068972 0.0 0.0 0.0
866.0 51751499.408792004 51751501.029312 51751502.649832 0.0 0.0 1021.4178759068972 0.0 0.0 0.0
867.0 51751502.649832 51751504.270352006 51751505.890872 0.0 0.0 1021.4178759068972 0.0 0.0 0.0
868.0 51751505.890872 51751507.511392 51751509.131912 0.0 0.0 1021.4178759068972 0.0 0.0 0.0
869.0 51751509.131912 51751510.752432 51751512.372952 0.0 0.0 1021.4178759068972 0.0 0.0 0.0
870.0 51751512.37295201 51751513.99347201 51751515.613992006 0.0 0.0 1021.4178759068972 0.0 0.0 0.0
871.0 51751515.613992006 51751517.234512 51751518.855032004 0.0 0.0 1021.4178759068972 0.0 0.0 0.0
872.0 51751518.855032004 51751520.47555201 51751522.096072 0.0 0.0 1021.4178759068972 0.0 0.0 0.0
873.0 51751522.096072 51751523.716592 51751525.337112 0.0 0.0 1021.4178759068972 0.0 0.0 0.0
874.0 51751525.337112 51751526.957632005 51751528.578152 0.0 0.0 1021.4178759068972 0.0 0.0 0.0
875.0 51751528.578152 51751530.198672 51751531.819192 0.0 0.0 1021.4178759068972 0.0 0.0 0.0
876.0 51751531.819192 51751533.439712 51751535.060232 0.0 0.0 1021.4178759068972 0.0 0.0 0.0
877.0 51751535.060232006 51751536.68075201 51751538.301272005 0.0 0.0 1021.4178759068972 0.0 0.0 0.0
878.0 51751538.301272005 51751539.921792 51751541.542312 0.0 0.0 1021.4178759068972 0.0 0.0 0.0
879.0 51751541.542312 51751543.16283201 51751544.783352 0.0 0.0 1021.4178759068972 0.0 0.0 0.0
880.0 51751544.783352 51751546.403872 51751548.024392 0.0 0.0 1021.4178759068972 0.0 0.0 0.0
881.0 51751548.024392 51751549.644912004 51751551.265432 0.0 0.0 1021.4178759068972 0.0 0.0 0.0
882.0 51751551.265432 51751552.885951996 51751554.506472 0.0 0.0 1021.4178759068972 0.0 0.0 0.0
883.0 51751554.50647201 51751556.126992 51751557.747512005 0.0 0.0 1021.4178759068972 0.0 0.0 0.0
884.0 51751557.747512005 51751559.36803201 51751560.988552004 0.0 0.0 1021.4178759068972 0.0 0.0 0.0
885.0 51751560.988552004 51751562.609072 51751564.229592 0.0 0.0 1021.4178759068972 0.0 0.0 0.0
886.0 51751564.229592 51751565.850112006 51751567.470632 0.0 0.0 1021.4178759068972 0.0 0.0 0.0
887.0 51751567.470632 51751569.091152 51751570.711672 0.0 0.0 1021.4178759068972 0.0 0.0 0.0
888.0 51751570.711672 51751572.332192004 51751573.952712 0.0 0.0 1021.4178759068972 0.0 0.0 0.0
889.0 51751573.95271201 51751575.57323201 51751577.193752006 0.0 0.0 1021.4178759068972 0.0 0.0 0.0
890.0 51751577.193752006 51751578.814272 51751580.434792005 0.0 0.0 1021.4178759068972 0.0 0.0 0.0
891.0 51751580.434792005 51751582.05531201 51751583.675832 0.0 0.0 1021.4178759068972 0.0 0.0 0.0
892.0 51751583.675832 51751585.296352 51751586.916872 0.0 0.0 1021.4178759068972 0.0 0.0 0.0
893.0 51751586.916872 51751588.537392005 51751590.157912 0.0 0.0 1021.4178759068972 0.0 0.0 0.0
894.0 51751590.157912 51751591.778432 51751593.398952 0.0 0.0 1021.4178759068972 0.0 0.0 0.0
895.0 51751593.398952 51751595.019472 51751596.639992 0.0 0.0 1021.4178759068972 0.0 0.0 0.0
896.0 51751596.639992006 51751598.26051201 51751599.881032005 0.0 0.0 1021.4178759068972 0.0 0.0 0.0
897.0 51751599.881032005 51751601.501552 51751603.122072004 0.0 0.0 1021.4178759068972 0.0 0.0 0.0
898.0 51751603.122072004 51751604.74259201 51751606.363112 0.0 0.0 1021.4178759068972 0.0 0.0 0.0
899.0 51751606.363112 51751607.983632 51751609.604152 0.0 0.0 1021.4178759068972 0.0 0.0 0.0
900.0 51751609.604152 51751611.224672005 51751612.845192 0.0 0.0 1021.4178759068972 0.0 0.0 0.0
901.0 51751612.845192 51751614.465711996 51751616.086232 0.0 0.0 1021.4178759068972 0.0 0.0 0.0
902.0 51751616.08623201 51751617.706752 51751619.327272005 0.0 0.0 1021.4178759068972 0.0 0.0 0.0
903.0 51751619.327272005 51751620.94779201 51751622.568312004 0.0 0.0 1021.4178759068972 0.0 0.0 0.0
904.0 51751622.568312004 51751624.188832 51751625.809352 0.0 0.0 1021.4178759068972 0.0 0.0 0.0
905.0 51751625.809352 51751627.429872006 51751629.050392 0.0 0.0 1021.4178759068972 0.0 0.0 0.0
906.0 51751629.050392 51751630.670912 51751632.291432 0.0 0.0 1021.4178759068972 0.0 0.0 0.0
907.0 51751632.291432 51751633.911952004 51751635.532472 0.0 0.0 1021.4178759068972 0.0 0.0 0.0
908.0 51751635.53247201 51751637.15299201 51751638.773512006 0.0 0.0 1021.4178759068972 0.0 0.0 0.0
909.0 51751638.773512006 51751640.394032 51751642.014552005 0.0 0.0 1021.4178759068972 0.0 0.0 0.0
910.0 51751642.014552005 51751643.63507201 51751645.255592 0.0 0.0 1021.4178759068972 0.0 0.0 0.0
911.0 51751645.255592 51751646.876112 51751648.496632 0.0 0.0 1021.4178759068972 0.0 0.0 0.0
912.0 51751648.496632 51751650.117152005 51751651.737672 0.0 0.0 1021.4178759068972 0.0 0.0 0.0
913.0 51751651.737672 51751653.358192 51751654.978712 0.0 0.0 1021.4178759068972 0.0 0.0 0.0
914.0 51751654.978712 51751656.599232 51751658.219752 0.0 0.0 1021.4178759068972 0.0 0.0 0.0
915.0 51751658.219752006 51751659.84027201 51751661.460792005 0.0 0.0 1021.4178759068972 0.0 0.0 0.0
916.0 51751661.460792005 51751663.081312 51751664.701832004 0.0 0.0 1021.4178759068972 0.0 0.0 0.0
917.0 51751664.701832004 51751666.32235201 51751667.942872 0.0 0.0 1021.4178759068972 0.0 0.0 0.0
918.0 51751667.942872 51751669.563392 51751671.183912 0.0 0.0 1021.4178759068972 0.0 0.0 0.0
919.0 51751671.183912 51751672.804432005 51751674.424952 0.0 0.0 1021.4178759068972 0.0 0.0 0.0
920.0 51751674.424952 51751676.045471996 51751677.665992 0.0 0.0 1021.4178759068972 0.0 0.0 0.0
921.0 51751677.66599201 51751679.286512 51751680.907032005 0.0 0.0 1021.4178759068972 0.0 0.0 0.0
922.0 51751680.907032005 51751682.52755201 51751684.148072004 0.0 0.0 1021.4178759068972 0.0 0.0 0.0
923.0 51751684.148072004 51751685.768592 51751687.389112 0.0 0.0 1021.4178759068972 0.0 0.0 0.0
924.0 51751687.389112 51751689.00963201 51751690.630152 0.0 0.0 1021.4178759068972 0.0 0.0 0.0
925.0 51751690.630152 51751692.250672 51751693.871192 0.0 0.0 1021.4178759068972 0.0 0.0 0.0
926.0 51751693.871192 51751695.491712004 51751697.112232 0.0 0.0 1021.4178759068972 0.0 0.0 0.0
927.0 51751697.112232 51751698.732751995 51751700.353272 0.0 0.0 1021.4178759068972 0.0 0.0 0.0
928.0 51751700.353272006 51751701.973792 51751703.594312005 0.0 0.0 1021.4178759068972 0.0 0.0 0.0
929.0 51751703.594312005 51751705.21483201 51751706.835352 0.0 0.0 1021.4178759068972 0.0 0.0 0.0
930.0 51751706.835352 51751708.455872 51751710.076392 0.0 0.0 1021.4178759068972 0.0 0.0 0.0
931.0 51751710.076392 51751711.696912006 51751713.317432 0.0 0.0 1021.4178759068972 0.0 0.0 0.0
932.0 51751713.317432 51751714.937952 51751716.558472 0.0 0.0 1021.4178759068972 0.0 0.0 0.0
