TIME_BIN TIME_MIN TIME TIME_MAX COUNTS STAT_ERR AREA EXPOSURE COUNT_RATE COUNT_RATE_ERR
1.0 69616983.490139 69616985.110659 69616986.731179 0.0 0.0 759.3084753491239 0.0 0.0 0.0
2.0 69616986.731179 69616988.351699 69616989.972219 0.0 0.0 759.3084753491239 0.0 0.0 0.0
3.0 69616989.97221899 69616991.59273899 69616993.213259 0.0 0.0 759.3084753491239 0.0 0.0 0.0
4.0 69616993.213259 69616994.833779 69616996.454299 0.0 0.0 759.3084753491239 0.0 0.0 0.0
5.0 69616996.45429899 69616998.074819 69616999.695339 0.0 0.0 759.3084753491239 0.0 0.0 0.0
6.0 69616999.695339 69617001.31585899 69617002.936379 0.0 0.0 759.3084753491239 0.0 0.0 0.0
7.0 69617002.93637899 69617004.55689898 69617006.17741899 0.0 0.0 759.3084753491239 0.0 0.0 0.0
8.0 69617006.17741899 69617007.797939 69617009.418459 0.0 0.0 759.3084753491239 0.0 0.0 0.0
9.0 69617009.418459 69617011.038979 69617012.659499 0.0 0.0 759.3084753491239 0.0 0.0 0.0
10.0 69617012.65949899 69617014.28001899 69617015.900539 0.0 0.0 759.3084753491239 0.0 0.0 0.0
11.0 69617015.900539 69617017.521059 69617019.141579 0.0 0.0 759.3084753491239 0.0 0.0 0.0
12.0 69617019.14157899 69617020.762099 69617022.382619 0.0 0.0 759.3084753491239 0.0 0.0 0.0
13.0 69617022.382619 69617024.00313899 69617025.623659 0.0 0.0 759.3084753491239 0.0 0.0 0.0
14.0 69617025.623659 69617027.24417901 69617028.864699 0.0 0.0 759.3084753491239 0.0 0.0 0.0
15.0 69617028.86469899 69617030.485219 69617032.105739 0.0 0.0 759.3084753491239 0.0 0.0 0.0
16.0 69617032.105739 69617033.726259 69617035.346779 0.0 0.0 759.3084753491239 0.0 0.0 0.0
17.0 69617035.34677899 69617036.96729898 69617038.587819 0.0 0.0 759.3084753491239 0.0 0.0 0.0
18.0 69617038.587819 69617040.208339 69617041.828859 0.0 0.0 759.3084753491239 0.0 0.0 0.0
19.0 69617041.82885899 69617043.449379 69617045.069899 0.0 0.0 759.3084753491239 0.0 0.0 0.0
20.0 69617045.069899 69617046.69041899 69617048.310939 0.0 0.0 759.3084753491239 0.0 0.0 0.0
21.0 69617048.310939 69617049.93145901 69617051.551979 0.0 0.0 759.3084753491239 0.0 0.0 0.0
22.0 69617051.55197899 69617053.172499 69617054.793019 0.0 0.0 759.3084753491239 0.0 0.0 0.0
23.0 69617054.793019 69617056.41353899 69617058.034059 0.0 0.0 759.3084753491239 0.0 0.0 0.0
24.0 69617058.03405899 69617059.65457898 69617061.275099 0.0 0.0 759.3084753491239 0.0 0.0 0.0
25.0 69617061.275099 69617062.895619 69617064.516139 0.0 0.0 759.3084753491239 0.0 0.0 0.0
26.0 69617064.51613899 69617066.136659 69617067.75717899 0.0 0.0 759.3084753491239 0.0 0.0 0.0
27.0 69617067.75717899 69617069.37769899 69617070.998219 0.0 0.0 759.3084753491239 0.0 0.0 0.0
28.0 69617070.998219 69617072.61873901 69617074.239259 0.0 0.0 759.3084753491239 0.0 0.0 0.0
29.0 69617074.23925899 69617075.859779 69617077.480299 0.0 0.0 759.3084753491239 0.0 0.0 0.0
30.0 69617077.480299 69617079.10081899 69617080.721339 0.0 0.0 759.3084753491239 0.0 0.0 0.0
31.0 69617080.72133899 69617082.34185898 69617083.962379 0.0 0.0 759.3084753491239 0.0 0.0 0.0
32.0 69617083.962379 69617085.582899 69617087.203419 0.0 0.0 759.3084753491239 0.0 0.0 0.0
33.0 69617087.203419 69617088.823939 69617090.444459 0.0 0.0 759.3084753491239 0.0 0.0 0.0
34.0 69617090.44445899 69617092.06497899 69617093.685499 0.0 0.0 759.3084753491239 0.0 0.0 0.0
35.0 69617093.685499 69617095.30601901 69617096.926539 0.0 0.0 759.3084753491239 0.0 0.0 0.0
36.0 69617096.92653899 69617098.547059 69617100.167579 0.0 0.0 759.3084753491239 0.0 0.0 0.0
37.0 69617100.167579 69617101.78809899 69617103.408619 0.0 0.0 759.3084753491239 0.0 0.0 0.0
38.0 69617103.40861899 69617105.02913898 69617106.649659 0.0 0.0 759.3084753491239 0.0 0.0 0.0
39.0 69617106.649659 69617108.270179 69617109.890699 0.0 0.0 759.3084753491239 0.0 0.0 0.0
40.0 69617109.890699 69617111.511219 69617113.131739 0.0 0.0 759.3084753491239 0.0 0.0 0.0
41.0 69617113.13173899 69617114.75225899 69617116.372779 0.0 0.0 759.3084753491239 0.0 0.0 0.0
42.0 69617116.372779 69617117.993299 69617119.613819 0.0 0.0 759.3084753491239 0.0 0.0 0.0
43.0 69617119.61381899 69617121.234339 69617122.854859 0.0 0.0 759.3084753491239 0.0 0.0 0.0
44.0 69617122.854859 69617124.47537899 69617126.095899 0.0 0.0 759.3084753491239 0.0 0.0 0.0
45.0 69617126.09589899 69617127.71641898 69617129.33693899 0.0 0.0 759.3084753491239 0.0 0.0 0.0
46.0 69617129.33693899 69617130.957459 69617132.577979 0.0 0.0 759.3084753491239 0.0 0.0 0.0
47.0 69617132.577979 69617134.198499 69617135.819019 0.0 0.0 759.3084753491239 0.0 0.0 0.0
48.0 69617135.81901899 69617137.43953899 69617139.060059 0.0 0.0 759.3084753491239 0.0 0.0 0.0
49.0 69617139.060059 69617140.680579 69617142.301099 0.0 0.0 759.3084753491239 0.0 0.0 0.0
50.0 69617142.30109899 69617143.921619 69617145.542139 0.0 0.0 759.3084753491239 0.0 0.0 0.0
51.0 69617145.542139 69617147.16265899 69617148.783179 0.0 0.0 759.3084753491239 0.0 0.0 0.0
52.0 69617148.783179 69617150.40369901 69617152.024219 0.0 0.0 759.3084753491239 0.0 0.0 0.0
53.0 69617152.02421899 69617153.644739 69617155.265259 0.0 0.0 759.3084753491239 0.0 0.0 0.0
54.0 69617155.265259 69617156.885779 69617158.506299 0.0 0.0 759.3084753491239 0.0 0.0 0.0
55.0 69617158.50629899 69617160.12681898 69617161.747339 0.0 0.0 759.3084753491239 0.0 0.0 0.0
56.0 69617161.747339 69617163.367859 69617164.988379 0.0 0.0 759.3084753491239 0.0 0.0 0.0
57.0 69617164.98837899 69617166.608899 69617168.229419 0.0 0.0 759.3084753491239 0.0 0.0 0.0
58.0 69617168.229419 69617169.84993899 69617171.470459 0.0 0.0 759.3084753491239 0.0 0.0 0.0
59.0 69617171.470459 69617173.09097901 69617174.711499 0.0 0.0 759.3084753491239 0.0 0.0 0.0
60.0 69617174.71149899 69617176.332019 69617177.952539 0.0 0.0 759.3084753491239 0.0 0.0 0.0
61.0 69617177.952539 69617179.573059 69617181.193579 0.0 0.0 759.3084753491239 0.0 0.0 0.0
62.0 69617181.19357899 69617182.81409898 69617184.434619 0.0 0.0 759.3084753491239 0.0 0.0 0.0
63.0 69617184.434619 69617186.055139 69617187.675659 0.0 0.0 759.3084753491239 0.0 0.0 0.0
64.0 69617187.67565899 69617189.296179 69617190.91669899 0.0 0.0 759.3084753491239 0.0 0.0 0.0
65.0 69617190.91669899 69617192.53721899 69617194.157739 0.0 0.0 759.3084753491239 0.0 0.0 0.0
66.0 69617194.157739 69617195.77825901 69617197.398779 0.0 0.0 759.3084753491239 0.0 0.0 0.0
67.0 69617197.39877899 69617199.019299 69617200.639819 0.0 0.0 759.3084753491239 0.0 0.0 0.0
68.0 69617200.639819 69617202.26033899 69617203.880859 0.0 0.0 759.3084753491239 0.0 0.0 0.0
69.0 69617203.88085899 69617205.50137898 69617207.121899 0.0 0.0 759.3084753491239 0.0 0.0 0.0
70.0 69617207.121899 69617208.742419 69617210.362939 0.0 0.0 759.3084753491239 0.0 0.0 0.0
71.0 69617210.36293899 69617211.983459 69617213.60397899 0.0 0.0 759.3084753491239 0.0 0.0 0.0
72.0 69617213.60397899 69617215.22449899 69617216.845019 0.0 0.0 759.3084753491239 0.0 0.0 0.0
73.0 69617216.845019 69617218.46553901 69617220.086059 0.0 0.0 759.3084753491239 0.0 0.0 0.0
74.0 69617220.08605899 69617221.706579 69617223.327099 0.0 0.0 759.3084753491239 0.0 0.0 0.0
75.0 69617223.327099 69617224.94761899 69617226.568139 0.0 0.0 759.3084753491239 0.0 0.0 0.0
76.0 69617226.56813899 69617228.18865898 69617229.809179 0.0 0.0 759.3084753491239 0.0 0.0 0.0
77.0 69617229.809179 69617231.429699 69617233.050219 0.0 0.0 759.3084753491239 0.0 0.0 0.0
78.0 69617233.050219 69617234.670739 69617236.291259 0.0 0.0 759.3084753491239 0.0 0.0 0.0
79.0 69617236.29125899 69617237.91177899 69617239.532299 0.0 0.0 759.3084753491239 0.0 0.0 0.0
80.0 69617239.532299 69617241.15281901 69617242.773339 0.0 0.0 759.3084753491239 0.0 0.0 0.0
81.0 69617242.77333899 69617244.393859 69617246.014379 0.0 0.0 759.3084753491239 0.0 0.0 0.0
82.0 69617246.014379 69617247.63489899 69617249.255419 0.0 0.0 759.3084753491239 0.0 0.0 0.0
83.0 69617249.25541899 69617250.87593898 69617252.49645899 0.0 0.0 759.3084753491239 0.0 0.0 0.0
84.0 69617252.49645899 69617254.116979 69617255.737499 0.0 0.0 759.3084753491239 0.0 0.0 0.0
85.0 69617255.737499 69617257.358019 69617258.978539 0.0 0.0 759.3084753491239 0.0 0.0 0.0
86.0 69617258.97853899 69617260.59905899 69617262.219579 0.0 0.0 759.3084753491239 0.0 0.0 0.0
87.0 69617262.219579 69617263.840099 69617265.460619 0.0 0.0 759.3084753491239 0.0 0.0 0.0
88.0 69617265.46061899 69617267.081139 69617268.701659 0.0 0.0 759.3084753491239 0.0 0.0 0.0
89.0 69617268.701659 69617270.32217899 69617271.942699 0.0 0.0 759.3084753491239 0.0 0.0 0.0
90.0 69617271.94269899 69617273.56321898 69617275.18373899 0.0 0.0 759.3084753491239 0.0 0.0 0.0
91.0 69617275.18373899 69617276.804259 69617278.424779 0.0 0.0 759.3084753491239 0.0 0.0 0.0
92.0 69617278.424779 69617280.045299 69617281.665819 0.0 0.0 759.3084753491239 0.0 0.0 0.0
93.0 69617281.66581899 69617283.28633898 69617284.906859 0.0 0.0 759.3084753491239 0.0 0.0 0.0
94.0 69617284.906859 69617286.527379 69617288.147899 0.0 0.0 759.3084753491239 0.0 0.0 0.0
95.0 69617288.14789899 69617289.768419 69617291.388939 0.0 0.0 759.3084753491239 0.0 0.0 0.0
96.0 69617291.388939 69617293.00945899 69617294.629979 0.0 0.0 759.3084753491239 0.0 0.0 0.0
97.0 69617294.629979 69617296.25049901 69617297.871019 0.0 0.0 759.3084753491239 0.0 0.0 0.0
98.0 69617297.87101899 69617299.491539 69617301.112059 0.0 0.0 759.3084753491239 0.0 0.0 0.0
99.0 69617301.112059 69617302.732579 69617304.353099 0.0 0.0 759.3084753491239 0.0 0.0 0.0
100.0 69617304.35309899 69617305.97361898 69617307.594139 0.0 0.0 759.3084753491239 0.0 0.0 0.0
101.0 69617307.594139 69617309.214659 69617310.835179 0.0 0.0 759.3084753491239 0.0 0.0 0.0
102.0 69617310.83517899 69617312.455699 69617314.07621899 0.0 0.0 759.3084753491239 0.0 0.0 0.0
103.0 69617314.07621899 69617315.69673899 69617317.317259 0.0 0.0 759.3084753491239 0.0 0.0 0.0
104.0 69617317.317259 69617318.93777901 69617320.558299 0.0 0.0 759.3084753491239 0.0 0.0 0.0
105.0 69617320.55829899 69617322.178819 69617323.799339 0.0 0.0 759.3084753491239 0.0 0.0 0.0
106.0 69617323.799339 69617325.41985899 69617327.040379 0.0 0.0 759.3084753491239 0.0 0.0 0.0
107.0 69617327.04037899 69617328.66089898 69617330.281419 0.0 0.0 759.3084753491239 0.0 0.0 0.0
108.0 69617330.281419 69617331.901939 69617333.522459 0.0 0.0 759.3084753491239 0.0 0.0 0.0
109.0 69617333.52245899 69617335.142979 69617336.76349899 0.0 0.0 759.3084753491239 0.0 0.0 0.0
110.0 69617336.76349899 69617338.38401899 69617340.004539 0.0 0.0 759.3084753491239 0.0 0.0 0.0
111.0 69617340.004539 69617341.62505901 69617343.245579 0.0 0.0 759.3084753491239 0.0 0.0 0.0
112.0 69617343.24557899 69617344.866099 69617346.486619 0.0 0.0 759.3084753491239 0.0 0.0 0.0
113.0 69617346.486619 69617348.10713899 69617349.727659 0.0 0.0 759.3084753491239 0.0 0.0 0.0
114.0 69617349.72765899 69617351.34817898 69617352.968699 0.0 0.0 759.3084753491239 0.0 0.0 0.0
115.0 69617352.968699 69617354.589219 69617356.209739 0.0 0.0 759.3084753491239 0.0 0.0 0.0
116.0 69617356.209739 69617357.830259 69617359.450779 0.0 0.0 759.3084753491239 0.0 0.0 0.0
117.0 69617359.45077899 69617361.07129899 69617362.691819 0.0 0.0 759.3084753491239 0.0 0.0 0.0
118.0 69617362.691819 69617364.31233901 69617365.932859 0.0 0.0 759.3084753491239 0.0 0.0 0.0
119.0 69617365.93285899 69617367.553379 69617369.173899 0.0 0.0 759.3084753491239 0.0 0.0 0.0
120.0 69617369.173899 69617370.79441899 69617372.414939 0.0 0.0 759.3084753491239 0.0 0.0 0.0
121.0 69617372.41493899 69617374.03545898 69617375.655979 0.0 0.0 759.3084753491239 0.0 0.0 0.0
122.0 69617375.655979 69617377.276499 69617378.897019 0.0 0.0 759.3084753491239 0.0 0.0 0.0
123.0 69617378.897019 69617380.517539 69617382.138059 0.0 0.0 759.3084753491239 0.0 0.0 0.0
124.0 69617382.13805899 69617383.75857899 69617385.379099 0.0 0.0 759.3084753491239 0.0 0.0 0.0
125.0 69617385.379099 69617386.999619 69617388.620139 0.0 0.0 759.3084753491239 0.0 0.0 0.0
126.0 69617388.62013899 69617390.240659 69617391.861179 0.0 0.0 759.3084753491239 0.0 0.0 0.0
127.0 69617391.861179 69617393.48169899 69617395.102219 0.0 0.0 759.3084753491239 0.0 0.0 0.0
128.0 69617395.10221899 69617396.72273898 69617398.34325899 0.0 0.0 759.3084753491239 0.0 0.0 0.0
129.0 69617398.34325899 69617399.963779 69617401.584299 0.0 0.0 759.3084753491239 0.0 0.0 0.0
130.0 69617401.584299 69617403.204819 69617404.825339 0.0 0.0 759.3084753491239 0.0 0.0 0.0
131.0 69617404.82533899 69617406.44585899 69617408.066379 0.0 0.0 759.3084753491239 0.0 0.0 0.0
132.0 69617408.066379 69617409.686899 69617411.307419 0.0 0.0 759.3084753491239 0.0 0.0 0.0
133.0 69617411.30741899 69617412.927939 69617414.548459 0.0 0.0 759.3084753491239 0.0 0.0 0.0
134.0 69617414.548459 69617416.16897899 69617417.789499 0.0 0.0 759.3084753491239 0.0 0.0 0.0
135.0 69617417.789499 69617419.41001901 69617421.030539 0.0 0.0 759.3084753491239 0.0 0.0 0.0
136.0 69617421.03053899 69617422.651059 69617424.271579 0.0 0.0 759.3084753491239 0.0 0.0 0.0
137.0 69617424.271579 69617425.892099 69617427.512619 0.0 0.0 759.3084753491239 0.0 0.0 0.0
138.0 69617427.51261899 69617429.13313898 69617430.753659 0.0 0.0 759.3084753491239 0.0 0.0 0.0
139.0 69617430.753659 69617432.374179 69617433.994699 0.0 0.0 759.3084753491239 0.0 0.0 0.0
140.0 69617433.99469899 69617435.615219 69617437.235739 0.0 0.0 759.3084753491239 0.0 0.0 0.0
141.0 69617437.235739 69617438.85625899 69617440.476779 0.0 0.0 759.3084753491239 0.0 0.0 0.0
142.0 69617440.476779 69617442.09729901 69617443.717819 0.0 0.0 759.3084753491239 0.0 0.0 0.0
143.0 69617443.71781899 69617445.338339 69617446.958859 0.0 0.0 759.3084753491239 0.0 0.0 0.0
144.0 69617446.958859 69617448.57937899 69617450.199899 0.0 0.0 759.3084753491239 0.0 0.0 0.0
145.0 69617450.19989899 69617451.82041898 69617453.440939 0.0 0.0 759.3084753491239 0.0 0.0 0.0
146.0 69617453.440939 69617455.061459 69617456.681979 0.0 0.0 759.3084753491239 0.0 0.0 0.0
147.0 69617456.68197899 69617458.302499 69617459.92301899 0.0 0.0 759.3084753491239 0.0 0.0 0.0
148.0 69617459.92301899 69617461.54353899 69617463.164059 0.0 0.0 759.3084753491239 0.0 0.0 0.0
149.0 69617463.164059 69617464.78457901 69617466.405099 0.0 0.0 759.3084753491239 0.0 0.0 0.0
150.0 69617466.40509899 69617468.025619 69617469.646139 0.0 0.0 759.3084753491239 0.0 0.0 0.0
151.0 69617469.646139 69617471.26665899 69617472.887179 0.0 0.0 759.3084753491239 0.0 0.0 0.0
152.0 69617472.88717899 69617474.50769898 69617476.128219 0.0 0.0 759.3084753491239 0.0 0.0 0.0
153.0 69617476.128219 69617477.748739 69617479.369259 0.0 0.0 759.3084753491239 0.0 0.0 0.0
154.0 69617479.369259 69617480.989779 69617482.610299 0.0 0.0 759.3084753491239 0.0 0.0 0.0
155.0 69617482.61029899 69617484.23081899 69617485.851339 0.0 0.0 759.3084753491239 0.0 0.0 0.0
156.0 69617485.851339 69617487.47185901 69617489.092379 0.0 0.0 759.3084753491239 0.0 0.0 0.0
157.0 69617489.09237899 69617490.712899 69617492.333419 0.0 0.0 759.3084753491239 0.0 0.0 0.0
158.0 69617492.333419 69617493.95393899 69617495.574459 0.0 0.0 759.3084753491239 0.0 0.0 0.0
159.0 69617495.57445899 69617497.19497898 69617498.815499 0.0 0.0 759.3084753491239 0.0 0.0 0.0
160.0 69617498.815499 69617500.436019 69617502.056539 0.0 0.0 759.3084753491239 0.0 0.0 0.0
161.0 69617502.056539 69617503.677059 69617505.297579 0.0 0.0 759.3084753491239 0.0 0.0 0.0
162.0 69617505.29757899 69617506.91809899 69617508.538619 0.0 0.0 759.3084753491239 0.0 0.0 0.0
163.0 69617508.538619 69617510.159139 69617511.779659 0.0 0.0 759.3084753491239 0.0 0.0 0.0
164.0 69617511.77965899 69617513.400179 69617515.020699 0.0 0.0 759.3084753491239 0.0 0.0 0.0
165.0 69617515.020699 69617516.64121899 69617518.261739 0.0 0.0 759.3084753491239 0.0 0.0 0.0
166.0 69617518.26173899 69617519.88225898 69617521.50277899 0.0 0.0 759.3084753491239 0.0 0.0 0.0
167.0 69617521.50277899 69617523.123299 69617524.743819 0.0 0.0 759.3084753491239 0.0 0.0 0.0
168.0 69617524.743819 69617526.364339 69617527.984859 0.0 0.0 759.3084753491239 0.0 0.0 0.0
169.0 69617527.98485899 69617529.60537899 69617531.225899 0.0 0.0 759.3084753491239 0.0 0.0 0.0
170.0 69617531.225899 69617532.846419 69617534.466939 0.0 0.0 759.3084753491239 0.0 0.0 0.0
171.0 69617534.46693899 69617536.087459 69617537.707979 0.0 0.0 759.3084753491239 0.0 0.0 0.0
172.0 69617537.707979 69617539.32849899 69617540.949019 0.0 0.0 759.3084753491239 0.0 0.0 0.0
173.0 69617540.949019 69617542.56953901 69617544.190059 0.0 0.0 759.3084753491239 0.0 0.0 0.0
174.0 69617544.19005899 69617545.810579 69617547.431099 0.0 0.0 759.3084753491239 0.0 0.0 0.0
175.0 69617547.431099 69617549.051619 69617550.672139 0.0 0.0 759.3084753491239 0.0 0.0 0.0
176.0 69617550.67213899 69617552.29265898 69617553.913179 0.0 0.0 759.3084753491239 0.0 0.0 0.0
177.0 69617553.913179 69617555.533699 69617557.154219 0.0 0.0 759.3084753491239 0.0 0.0 0.0
178.0 69617557.15421899 69617558.774739 69617560.395259 0.0 0.0 759.3084753491239 0.0 0.0 0.0
179.0 69617560.395259 69617562.01577899 69617563.636299 0.0 0.0 759.3084753491239 0.0 0.0 0.0
180.0 69617563.636299 69617565.25681901 69617566.877339 0.0 0.0 759.3084753491239 0.0 0.0 0.0
181.0 69617566.87733899 69617568.497859 69617570.118379 0.0 0.0 759.3084753491239 0.0 0.0 0.0
182.0 69617570.118379 69617571.73889899 69617573.359419 0.0 0.0 759.3084753491239 0.0 0.0 0.0
183.0 69617573.35941899 69617574.97993898 69617576.600459 0.0 0.0 759.3084753491239 0.0 0.0 0.0
184.0 69617576.600459 69617578.220979 69617579.841499 0.0 0.0 759.3084753491239 0.0 0.0 0.0
185.0 69617579.84149899 69617581.462019 69617583.08253899 0.0 0.0 759.3084753491239 0.0 0.0 0.0
186.0 69617583.08253899 69617584.70305899 69617586.323579 0.0 0.0 759.3084753491239 0.0 0.0 0.0
187.0 69617586.323579 69617587.94409901 69617589.564619 0.0 0.0 759.3084753491239 0.0 0.0 0.0
188.0 69617589.56461899 69617591.185139 69617592.805659 0.0 0.0 759.3084753491239 0.0 0.0 0.0
189.0 69617592.805659 69617594.42617899 69617596.046699 0.0 0.0 759.3084753491239 0.0 0.0 0.0
190.0 69617596.04669899 69617597.66721898 69617599.287739 0.0 0.0 759.3084753491239 0.0 0.0 0.0
191.0 69617599.287739 69617600.908259 69617602.528779 0.0 0.0 759.3084753491239 0.0 0.0 0.0
192.0 69617602.528779 69617604.149299 69617605.769819 0.0 0.0 759.3084753491239 0.0 0.0 0.0
193.0 69617605.76981899 69617607.39033899 69617609.010859 0.0 0.0 759.3084753491239 0.0 0.0 0.0
194.0 69617609.010859 69617610.63137901 69617612.251899 0.0 0.0 759.3084753491239 0.0 0.0 0.0
195.0 69617612.25189899 69617613.872419 69617615.492939 0.0 0.0 759.3084753491239 0.0 0.0 0.0
196.0 69617615.492939 69617617.11345899 69617618.733979 0.0 0.0 759.3084753491239 0.0 0.0 0.0
197.0 69617618.73397899 69617620.35449898 69617621.975019 0.0 0.0 759.3084753491239 0.0 0.0 0.0
198.0 69617621.975019 69617623.595539 69617625.216059 0.0 0.0 759.3084753491239 0.0 0.0 0.0
199.0 69617625.216059 69617626.836579 69617628.457099 0.0 0.0 759.3084753491239 0.0 0.0 0.0
200.0 69617628.45709899 69617630.07761899 69617631.698139 0.0 0.0 759.3084753491239 0.0 0.0 0.0
201.0 69617631.698139 69617633.31865901 69617634.939179 0.0 0.0 759.3084753491239 0.0 0.0 0.0
202.0 69617634.93917899 69617636.559699 69617638.180219 0.0 0.0 759.3084753491239 0.0 0.0 0.0
203.0 69617638.180219 69617639.80073899 69617641.421259 0.0 0.0 759.3084753491239 0.0 0.0 0.0
204.0 69617641.42125899 69617643.04177898 69617644.66229899 0.0 0.0 759.3084753491239 0.0 0.0 0.0
205.0 69617644.66229899 69617646.282819 69617647.903339 0.0 0.0 759.3084753491239 0.0 0.0 0.0
206.0 69617647.903339 69617649.523859 69617651.144379 0.0 0.0 759.3084753491239 0.0 0.0 0.0
207.0 69617651.14437899 69617652.76489899 69617654.385419 0.0 0.0 759.3084753491239 0.0 0.0 0.0
208.0 69617654.385419 69617656.005939 69617657.626459 0.0 0.0 759.3084753491239 0.0 0.0 0.0
209.0 69617657.62645899 69617659.246979 69617660.867499 0.0 0.0 759.3084753491239 0.0 0.0 0.0
210.0 69617660.867499 69617662.48801899 69617664.108539 0.0 0.0 759.3084753491239 0.0 0.0 0.0
211.0 69617664.10853899 69617665.72905898 69617667.34957899 0.0 0.0 759.3084753491239 0.0 0.0 0.0
212.0 69617667.34957899 69617668.970099 69617670.590619 0.0 0.0 759.3084753491239 0.0 0.0 0.0
213.0 69617670.590619 69617672.211139 69617673.831659 0.0 0.0 759.3084753491239 0.0 0.0 0.0
214.0 69617673.83165899 69617675.45217898 69617677.072699 0.0 0.0 759.3084753491239 0.0 0.0 0.0
215.0 69617677.072699 69617678.693219 69617680.313739 0.0 0.0 759.3084753491239 0.0 0.0 0.0
216.0 69617680.31373899 69617681.934259 69617683.554779 0.0 0.0 759.3084753491239 0.0 0.0 0.0
217.0 69617683.554779 69617685.17529899 69617686.795819 0.0 0.0 759.3084753491239 0.0 0.0 0.0
218.0 69617686.795819 69617688.41633901 69617690.036859 0.0 0.0 759.3084753491239 0.0 0.0 0.0
219.0 69617690.03685899 69617691.657379 69617693.277899 0.0 0.0 759.3084753491239 0.0 0.0 0.0
220.0 69617693.277899 69617694.898419 69617696.518939 0.0 0.0 759.3084753491239 0.0 0.0 0.0
221.0 69617696.51893899 69617698.13945898 69617699.759979 0.0 0.0 759.3084753491239 0.0 0.0 0.0
222.0 69617699.759979 69617701.380499 69617703.001019 0.0 0.0 759.3084753491239 0.0 0.0 0.0
223.0 69617703.00101899 69617704.621539 69617706.24205899 0.0 0.0 759.3084753491239 0.0 0.0 0.0
224.0 69617706.24205899 69617707.86257899 69617709.483099 0.0 0.0 759.3084753491239 0.0 0.0 0.0
225.0 69617709.483099 69617711.10361901 69617712.724139 0.0 0.0 759.3084753491239 0.0 0.0 0.0
226.0 69617712.72413899 69617714.344659 69617715.965179 0.0 0.0 759.3084753491239 0.0 0.0 0.0
227.0 69617715.965179 69617717.58569899 69617719.206219 0.0 0.0 759.3084753491239 0.0 0.0 0.0
228.0 69617719.20621899 69617720.82673898 69617722.447259 0.0 0.0 759.3084753491239 0.0 0.0 0.0
229.0 69617722.447259 69617724.067779 69617725.688299 0.0 0.0 759.3084753491239 0.0 0.0 0.0
230.0 69617725.68829899 69617727.308819 69617728.92933899 0.0 0.0 759.3084753491239 0.0 0.0 0.0
231.0 69617728.92933899 69617730.54985899 69617732.170379 0.0 0.0 759.3084753491239 0.0 0.0 0.0
232.0 69617732.170379 69617733.79089901 69617735.411419 0.0 0.0 759.3084753491239 1.1701648552248873 0.0 0.0
233.0 69617735.41141899 69617737.031939 69617738.652459 0.0 0.0 759.3084753491239 2.995194446140711 0.0 0.0
234.0 69617738.652459 69617740.27297899 69617741.893499 2.0 1.4142135623730951 759.3084753491239 2.995194446140711 0.6677362808872016 0.4721608522596255
235.0 69617741.89349899 69617743.51401898 69617745.134539 2.0 1.4142135623730951 759.3084753491239 2.995194446140711 0.6677362808872016 0.4721608522596255
236.0 69617745.134539 69617746.755059 69617748.375579 1.0 1.0 759.3084753491239 2.995194446140711 0.3338681404436008 0.3338681404436008
237.0 69617748.375579 69617749.996099 69617751.616619 0.0 0.0 759.3084753491239 2.995194446140711 0.0 0.0
238.0 69617751.61661899 69617753.23713899 69617754.857659 1.0 1.0 759.3084753491239 2.995194446140711 0.3338681404436008 0.3338681404436008
239.0 69617754.857659 69617756.47817901 69617758.098699 1.0 1.0 759.3084753491239 2.995194446140711 0.3338681404436008 0.3338681404436008
240.0 69617758.09869899 69617759.719219 69617761.339739 1.0 1.0 759.3084753491239 2.995194446140711 0.3338681404436008 0.3338681404436008
241.0 69617761.339739 69617762.96025899 69617764.580779 1.0 1.0 759.3084753491239 2.995194446140711 0.3338681404436008 0.3338681404436008
242.0 69617764.58077899 69617766.20129898 69617767.82181899 1.0 1.0 759.3084753491239 2.995194446140711 0.3338681404436008 0.3338681404436008
243.0 69617767.82181899 69617769.442339 69617771.062859 0.0 0.0 759.3084753491239 2.995194446140711 0.0 0.0
244.0 69617771.062859 69617772.683379 69617774.303899 3.0 1.7320508075688772 759.3084753491239 2.995194446140711 1.0016044213308024 0.5782765822768581
245.0 69617774.30389899 69617775.92441899 69617777.544939 0.0 0.0 759.3084753491239 2.995194446140711 0.0 0.0
246.0 69617777.544939 69617779.165459 69617780.785979 1.0 1.0 759.3084753491239 2.995194446140711 0.3338681404436008 0.3338681404436008
247.0 69617780.78597899 69617782.406499 69617784.027019 0.0 0.0 759.3084753491239 2.995194446140711 0.0 0.0
248.0 69617784.027019 69617785.64753899 69617787.268059 0.0 0.0 759.3084753491239 2.995194446140711 0.0 0.0
249.0 69617787.26805899 69617788.88857898 69617790.50909899 2.0 1.4142135623730951 759.3084753491239 2.995194446140711 0.6677362808872016 0.4721608522596255
250.0 69617790.50909899 69617792.129619 69617793.750139 1.0 1.0 759.3084753491239 2.995194446140711 0.3338681404436008 0.3338681404436008
251.0 69617793.750139 69617795.370659 69617796.991179 1.0 1.0 759.3084753491239 2.995194446140711 0.3338681404436008 0.3338681404436008
252.0 69617796.99117899 69617798.61169899 69617800.232219 0.0 0.0 759.3084753491239 2.995194446140711 0.0 0.0
253.0 69617800.232219 69617801.852739 69617803.473259 0.0 0.0 759.3084753491239 2.995194446140711 0.0 0.0
254.0 69617803.47325899 69617805.093779 69617806.714299 0.0 0.0 759.3084753491239 2.995194446140711 0.0 0.0
255.0 69617806.714299 69617808.33481899 69617809.955339 0.0 0.0 759.3084753491239 2.995194446140711 0.0 0.0
256.0 69617809.955339 69617811.57585901 69617813.196379 0.0 0.0 759.3084753491239 2.995194446140711 0.0 0.0
257.0 69617813.19637899 69617814.816899 69617816.437419 2.0 1.4142135623730951 759.3084753491239 2.995194446140711 0.6677362808872016 0.4721608522596255
258.0 69617816.437419 69617818.057939 69617819.678459 0.0 0.0 759.3084753491239 2.995194446140711 0.0 0.0
259.0 69617819.67845899 69617821.29897898 69617822.919499 1.0 1.0 759.3084753491239 2.995194446140711 0.3338681404436008 0.3338681404436008
260.0 69617822.919499 69617824.540019 69617826.160539 0.0 0.0 759.3084753491239 2.995194446140711 0.0 0.0
261.0 69617826.16053899 69617827.781059 69617829.401579 1.0 1.0 759.3084753491239 2.995194446140711 0.3338681404436008 0.3338681404436008
262.0 69617829.401579 69617831.02209899 69617832.642619 1.0 1.0 759.3084753491239 2.995194446140711 0.3338681404436008 0.3338681404436008
263.0 69617832.642619 69617834.26313901 69617835.883659 1.0 1.0 759.3084753491239 2.995194446140711 0.3338681404436008 0.3338681404436008
264.0 69617835.88365899 69617837.504179 69617839.124699 2.0 1.4142135623730951 759.3084753491239 2.995194446140711 0.6677362808872016 0.4721608522596255
265.0 69617839.124699 69617840.74521899 69617842.365739 1.0 1.0 759.3084753491239 2.995194446140711 0.3338681404436008 0.3338681404436008
266.0 69617842.36573899 69617843.98625898 69617845.606779 0.0 0.0 759.3084753491239 2.995194446140711 0.0 0.0
267.0 69617845.606779 69617847.227299 69617848.847819 0.0 0.0 759.3084753491239 2.995194446140711 0.0 0.0
268.0 69617848.84781899 69617850.468339 69617852.08885899 1.0 1.0 759.3084753491239 2.995194446140711 0.3338681404436008 0.3338681404436008
269.0 69617852.08885899 69617853.70937899 69617855.329899 2.0 1.4142135623730951 759.3084753491239 2.995194446140711 0.6677362808872016 0.4721608522596255
270.0 69617855.329899 69617856.95041901 69617858.570939 0.0 0.0 759.3084753491239 2.995194446140711 0.0 0.0
271.0 69617858.57093899 69617860.191459 69617861.811979 1.0 1.0 759.3084753491239 2.995194446140711 0.3338681404436008 0.3338681404436008
272.0 69617861.811979 69617863.43249899 69617865.053019 1.0 1.0 759.3084753491239 2.995194446140711 0.3338681404436008 0.3338681404436008
273.0 69617865.05301899 69617866.67353898 69617868.294059 2.0 1.4142135623730951 759.3084753491239 2.995194446140711 0.6677362808872016 0.4721608522596255
274.0 69617868.294059 69617869.914579 69617871.535099 1.0 1.0 759.3084753491239 2.995194446140711 0.3338681404436008 0.3338681404436008
275.0 69617871.535099 69617873.155619 69617874.776139 0.0 0.0 759.3084753491239 2.995194446140711 0.0 0.0
276.0 69617874.77613899 69617876.39665899 69617878.017179 0.0 0.0 759.3084753491239 2.995194446140711 0.0 0.0
277.0 69617878.017179 69617879.63769901 69617881.258219 0.0 0.0 759.3084753491239 2.995194446140711 0.0 0.0
278.0 69617881.25821899 69617882.878739 69617884.499259 0.0 0.0 759.3084753491239 2.995194446140711 0.0 0.0
279.0 69617884.499259 69617886.11977899 69617887.740299 0.0 0.0 759.3084753491239 2.995194446140711 0.0 0.0
280.0 69617887.74029899 69617889.36081898 69617890.981339 0.0 0.0 759.3084753491239 2.995194446140711 0.0 0.0
281.0 69617890.981339 69617892.601859 69617894.222379 0.0 0.0 759.3084753491239 2.995194446140711 0.0 0.0
282.0 69617894.222379 69617895.842899 69617897.463419 0.0 0.0 759.3084753491239 2.995194446140711 0.0 0.0
283.0 69617897.46341899 69617899.08393899 69617900.704459 0.0 0.0 759.3084753491239 2.995194446140711 0.0 0.0
284.0 69617900.704459 69617902.324979 69617903.945499 0.0 0.0 759.3084753491239 2.995194446140711 0.0 0.0
285.0 69617903.94549899 69617905.566019 69617907.186539 1.0 1.0 759.3084753491239 2.995194446140711 0.3338681404436008 0.3338681404436008
286.0 69617907.186539 69617908.80705899 69617910.427579 0.0 0.0 759.3084753491239 2.995194446140711 0.0 0.0
287.0 69617910.42757899 69617912.04809898 69617913.66861899 1.0 1.0 759.3084753491239 2.995194446140711 0.3338681404436008 0.3338681404436008
288.0 69617913.66861899 69617915.289139 69617916.909659 0.0 0.0 759.3084753491239 2.995194446140711 0.0 0.0
289.0 69617916.909659 69617918.530179 69617920.150699 0.0 0.0 759.3084753491239 2.995194446140711 0.0 0.0
290.0 69617920.15069899 69617921.77121899 69617923.391739 0.0 0.0 759.3084753491239 2.995194446140711 0.0 0.0
291.0 69617923.391739 69617925.012259 69617926.632779 0.0 0.0 759.3084753491239 2.995194446140711 0.0 0.0
292.0 69617926.63277899 69617928.253299 69617929.873819 1.0 1.0 759.3084753491239 2.995194446140711 0.3338681404436008 0.3338681404436008
293.0 69617929.873819 69617931.49433899 69617933.114859 1.0 1.0 759.3084753491239 2.995194446140711 0.3338681404436008 0.3338681404436008
294.0 69617933.114859 69617934.73537901 69617936.355899 1.0 1.0 759.3084753491239 2.995194446140711 0.3338681404436008 0.3338681404436008
295.0 69617936.35589899 69617937.976419 69617939.596939 0.0 0.0 759.3084753491239 2.995194446140711 0.0 0.0
296.0 69617939.596939 69617941.217459 69617942.837979 1.0 1.0 759.3084753491239 2.995194446140711 0.3338681404436008 0.3338681404436008
297.0 69617942.83797899 69617944.45849898 69617946.079019 0.0 0.0 759.3084753491239 2.995194446140711 0.0 0.0
298.0 69617946.079019 69617947.699539 69617949.320059 0.0 0.0 759.3084753491239 2.995194446140711 0.0 0.0
299.0 69617949.32005899 69617950.940579 69617952.561099 0.0 0.0 759.3084753491239 2.995194446140711 0.0 0.0
300.0 69617952.561099 69617954.18161899 69617955.802139 0.0 0.0 759.3084753491239 2.995194446140711 0.0 0.0
301.0 69617955.802139 69617957.42265901 69617959.043179 1.0 1.0 759.3084753491239 2.995194446140711 0.3338681404436008 0.3338681404436008
302.0 69617959.04317899 69617960.663699 69617962.284219 2.0 1.4142135623730951 759.3084753491239 2.995194446140711 0.6677362808872016 0.4721608522596255
303.0 69617962.284219 69617963.90473899 69617965.525259 0.0 0.0 759.3084753491239 2.995194446140711 0.0 0.0
304.0 69617965.52525899 69617967.14577898 69617968.766299 1.0 1.0 759.3084753491239 2.995194446140711 0.3338681404436008 0.3338681404436008
305.0 69617968.766299 69617970.386819 69617972.007339 1.0 1.0 759.3084753491239 2.995194446140711 0.3338681404436008 0.3338681404436008
306.0 69617972.00733899 69617973.627859 69617975.24837899 3.0 1.7320508075688772 759.3084753491239 2.995194446140711 1.0016044213308024 0.5782765822768581
307.0 69617975.24837899 69617976.86889899 69617978.489419 0.0 0.0 759.3084753491239 2.995194446140711 0.0 0.0
308.0 69617978.489419 69617980.10993901 69617981.730459 1.0 1.0 759.3084753491239 2.995194446140711 0.3338681404436008 0.3338681404436008
309.0 69617981.73045899 69617983.350979 69617984.971499 0.0 0.0 759.3084753491239 2.995194446140711 0.0 0.0
310.0 69617984.971499 69617986.59201899 69617988.212539 1.0 1.0 759.3084753491239 2.995194446140711 0.3338681404436008 0.3338681404436008
311.0 69617988.21253899 69617989.83305898 69617991.453579 2.0 1.4142135623730951 759.3084753491239 2.995194446140711 0.6677362808872016 0.4721608522596255
312.0 69617991.453579 69617993.074099 69617994.694619 0.0 0.0 759.3084753491239 2.995194446140711 0.0 0.0
313.0 69617994.694619 69617996.315139 69617997.935659 2.0 1.4142135623730951 759.3084753491239 2.995194446140711 0.6677362808872016 0.4721608522596255
314.0 69617997.93565899 69617999.55617899 69618001.176699 0.0 0.0 759.3084753491239 2.995194446140711 0.0 0.0
315.0 69618001.176699 69618002.79721901 69618004.417739 0.0 0.0 759.3084753491239 2.995194446140711 0.0 0.0
316.0 69618004.41773899 69618006.038259 69618007.658779 0.0 0.0 759.3084753491239 2.995194446140711 0.0 0.0
317.0 69618007.658779 69618009.27929899 69618010.899819 0.0 0.0 759.3084753491239 2.995194446140711 0.0 0.0
318.0 69618010.89981899 69618012.52033898 69618014.140859 0.0 0.0 759.3084753491239 2.995194446140711 0.0 0.0
319.0 69618014.140859 69618015.761379 69618017.381899 0.0 0.0 759.3084753491239 2.995194446140711 0.0 0.0
320.0 69618017.381899 69618019.002419 69618020.622939 1.0 1.0 759.3084753491239 2.995194446140711 0.3338681404436008 0.3338681404436008
321.0 69618020.62293899 69618022.24345899 69618023.863979 0.0 0.0 759.3084753491239 2.995194446140711 0.0 0.0
322.0 69618023.863979 69618025.48449901 69618027.105019 2.0 1.4142135623730951 759.3084753491239 2.995194446140711 0.6677362808872016 0.4721608522596255
323.0 69618027.10501899 69618028.725539 69618030.346059 1.0 1.0 759.3084753491239 2.995194446140711 0.3338681404436008 0.3338681404436008
324.0 69618030.346059 69618031.96657899 69618033.587099 0.0 0.0 759.3084753491239 2.995194446140711 0.0 0.0
325.0 69618033.58709899 69618035.20761898 69618036.82813899 1.0 1.0 759.3084753491239 2.995194446140711 0.3338681404436008 0.3338681404436008
326.0 69618036.82813899 69618038.448659 69618040.069179 0.0 0.0 759.3084753491239 2.995194446140711 0.0 0.0
327.0 69618040.069179 69618041.689699 69618043.310219 0.0 0.0 759.3084753491239 2.995194446140711 0.0 0.0
328.0 69618043.31021899 69618044.93073899 69618046.551259 0.0 0.0 759.3084753491239 2.995194446140711 0.0 0.0
329.0 69618046.551259 69618048.171779 69618049.792299 0.0 0.0 759.3084753491239 2.995194446140711 0.0 0.0
330.0 69618049.79229899 69618051.412819 69618053.033339 0.0 0.0 759.3084753491239 2.995194446140711 0.0 0.0
331.0 69618053.033339 69618054.65385899 69618056.274379 1.0 1.0 759.3084753491239 2.995194446140711 0.3338681404436008 0.3338681404436008
332.0 69618056.274379 69618057.89489901 69618059.515419 1.0 1.0 759.3084753491239 2.995194446140711 0.3338681404436008 0.3338681404436008
333.0 69618059.51541899 69618061.135939 69618062.756459 0.0 0.0 759.3084753491239 2.995194446140711 0.0 0.0
334.0 69618062.756459 69618064.376979 69618065.997499 0.0 0.0 759.3084753491239 2.995194446140711 0.0 0.0
335.0 69618065.99749899 69618067.61801898 69618069.238539 0.0 0.0 759.3084753491239 2.995194446140711 0.0 0.0
336.0 69618069.238539 69618070.859059 69618072.479579 0.0 0.0 759.3084753491239 2.995194446140711 0.0 0.0
337.0 69618072.47957899 69618074.100099 69618075.720619 0.0 0.0 759.3084753491239 2.995194446140711 0.0 0.0
338.0 69618075.720619 69618077.34113899 69618078.961659 0.0 0.0 759.3084753491239 2.995194446140711 0.0 0.0
339.0 69618078.961659 69618080.58217901 69618082.202699 2.0 1.4142135623730951 759.3084753491239 2.995194446140711 0.6677362808872016 0.4721608522596255
340.0 69618082.20269899 69618083.823219 69618085.443739 0.0 0.0 759.3084753491239 2.995194446140711 0.0 0.0
341.0 69618085.443739 69618087.064259 69618088.684779 1.0 1.0 759.3084753491239 2.995194446140711 0.3338681404436008 0.3338681404436008
342.0 69618088.68477899 69618090.30529898 69618091.925819 0.0 0.0 759.3084753491239 2.995194446140711 0.0 0.0
343.0 69618091.925819 69618093.546339 69618095.166859 0.0 0.0 759.3084753491239 2.995194446140711 0.0 0.0
344.0 69618095.16685899 69618096.787379 69618098.40789899 0.0 0.0 759.3084753491239 2.995194446140711 0.0 0.0
345.0 69618098.40789899 69618100.02841899 69618101.648939 0.0 0.0 759.3084753491239 2.995194446140711 0.0 0.0
346.0 69618101.648939 69618103.26945901 69618104.889979 1.0 1.0 759.3084753491239 2.995194446140711 0.3338681404436008 0.3338681404436008
347.0 69618104.88997899 69618106.510499 69618108.131019 0.0 0.0 759.3084753491239 2.995194446140711 0.0 0.0
348.0 69618108.131019 69618109.75153899 69618111.372059 0.0 0.0 759.3084753491239 2.995194446140711 0.0 0.0
349.0 69618111.37205899 69618112.99257898 69618114.613099 0.0 0.0 759.3084753491239 2.995194446140711 0.0 0.0
350.0 69618114.613099 69618116.233619 69618117.854139 0.0 0.0 759.3084753491239 2.995194446140711 0.0 0.0
351.0 69618117.85413899 69618119.474659 69618121.09517899 0.0 0.0 759.3084753491239 2.995194446140711 0.0 0.0
352.0 69618121.09517899 69618122.71569899 69618124.336219 2.0 1.4142135623730951 759.3084753491239 2.995194446140711 0.6677362808872016 0.4721608522596255
353.0 69618124.336219 69618125.95673901 69618127.577259 0.0 0.0 759.3084753491239 2.995194446140711 0.0 0.0
354.0 69618127.57725899 69618129.197779 69618130.818299 0.0 0.0 759.3084753491239 2.995194446140711 0.0 0.0
355.0 69618130.818299 69618132.43881899 69618134.059339 1.0 1.0 759.3084753491239 2.995194446140711 0.3338681404436008 0.3338681404436008
356.0 69618134.05933899 69618135.67985898 69618137.300379 0.0 0.0 759.3084753491239 2.995194446140711 0.0 0.0
357.0 69618137.300379 69618138.920899 69618140.541419 2.0 1.4142135623730951 759.3084753491239 2.995194446140711 0.6677362808872016 0.4721608522596255
358.0 69618140.541419 69618142.161939 69618143.782459 1.0 1.0 759.3084753491239 2.995194446140711 0.3338681404436008 0.3338681404436008
359.0 69618143.78245899 69618145.40297899 69618147.023499 0.0 0.0 759.3084753491239 2.995194446140711 0.0 0.0
360.0 69618147.023499 69618148.64401901 69618150.264539 0.0 0.0 759.3084753491239 2.995194446140711 0.0 0.0
361.0 69618150.26453899 69618151.885059 69618153.505579 0.0 0.0 759.3084753491239 2.995194446140711 0.0 0.0
362.0 69618153.505579 69618155.12609899 69618156.746619 2.0 1.4142135623730951 759.3084753491239 2.995194446140711 0.6677362808872016 0.4721608522596255
363.0 69618156.74661899 69618158.36713898 69618159.98765899 1.0 1.0 759.3084753491239 2.995194446140711 0.3338681404436008 0.3338681404436008
364.0 69618159.98765899 69618161.608179 69618163.228699 0.0 0.0 759.3084753491239 2.995194446140711 0.0 0.0
365.0 69618163.228699 69618164.849219 69618166.469739 0.0 0.0 759.3084753491239 2.995194446140711 0.0 0.0
366.0 69618166.46973899 69618168.09025899 69618169.710779 0.0 0.0 759.3084753491239 2.995194446140711 0.0 0.0
367.0 69618169.710779 69618171.331299 69618172.951819 0.0 0.0 759.3084753491239 2.995194446140711 0.0 0.0
368.0 69618172.95181899 69618174.572339 69618176.192859 1.0 1.0 759.3084753491239 2.995194446140711 0.3338681404436008 0.3338681404436008
369.0 69618176.192859 69618177.81337899 69618179.433899 0.0 0.0 759.3084753491239 2.995194446140711 0.0 0.0
370.0 69618179.43389899 69618181.05441898 69618182.67493899 1.0 1.0 759.3084753491239 2.995194446140711 0.3338681404436008 0.3338681404436008
371.0 69618182.67493899 69618184.295459 69618185.915979 0.0 0.0 759.3084753491239 2.995194446140711 0.0 0.0
372.0 69618185.915979 69618187.536499 69618189.157019 0.0 0.0 759.3084753491239 2.995194446140711 0.0 0.0
373.0 69618189.15701899 69618190.77753899 69618192.398059 0.0 0.0 759.3084753491239 2.995194446140711 0.0 0.0
374.0 69618192.398059 69618194.018579 69618195.639099 1.0 1.0 759.3084753491239 2.995194446140711 0.3338681404436008 0.3338681404436008
375.0 69618195.63909899 69618197.259619 69618198.880139 1.0 1.0 759.3084753491239 2.995194446140711 0.3338681404436008 0.3338681404436008
376.0 69618198.880139 69618200.50065899 69618202.121179 0.0 0.0 759.3084753491239 2.995194446140711 0.0 0.0
377.0 69618202.121179 69618203.74169901 69618205.362219 0.0 0.0 759.3084753491239 2.995194446140711 0.0 0.0
378.0 69618205.36221899 69618206.982739 69618208.603259 0.0 0.0 759.3084753491239 2.995194446140711 0.0 0.0
379.0 69618208.603259 69618210.223779 69618211.844299 0.0 0.0 759.3084753491239 2.995194446140711 0.0 0.0
380.0 69618211.84429899 69618213.46481898 69618215.085339 1.0 1.0 759.3084753491239 2.995194446140711 0.3338681404436008 0.3338681404436008
381.0 69618215.085339 69618216.705859 69618218.326379 0.0 0.0 759.3084753491239 2.995194446140711 0.0 0.0
382.0 69618218.32637899 69618219.946899 69618221.56741899 0.0 0.0 759.3084753491239 2.995194446140711 0.0 0.0
383.0 69618221.56741899 69618223.18793899 69618224.808459 0.0 0.0 759.3084753491239 2.995194446140711 0.0 0.0
384.0 69618224.808459 69618226.42897901 69618228.049499 0.0 0.0 759.3084753491239 2.995194446140711 0.0 0.0
385.0 69618228.04949899 69618229.670019 69618231.290539 1.0 1.0 759.3084753491239 2.995194446140711 0.3338681404436008 0.3338681404436008
386.0 69618231.290539 69618232.91105899 69618234.531579 1.0 1.0 759.3084753491239 2.995194446140711 0.3338681404436008 0.3338681404436008
387.0 69618234.53157899 69618236.15209898 69618237.772619 0.0 0.0 759.3084753491239 2.995194446140711 0.0 0.0
388.0 69618237.772619 69618239.393139 69618241.013659 0.0 0.0 759.3084753491239 2.995194446140711 0.0 0.0
389.0 69618241.01365899 69618242.634179 69618244.25469899 0.0 0.0 759.3084753491239 2.995194446140711 0.0 0.0
390.0 69618244.25469899 69618245.87521899 69618247.495739 1.0 1.0 759.3084753491239 2.995194446140711 0.3338681404436008 0.3338681404436008
391.0 69618247.495739 69618249.11625901 69618250.736779 0.0 0.0 759.3084753491239 2.995194446140711 0.0 0.0
392.0 69618250.73677899 69618252.357299 69618253.977819 0.0 0.0 759.3084753491239 2.995194446140711 0.0 0.0
393.0 69618253.977819 69618255.59833899 69618257.218859 1.0 1.0 759.3084753491239 2.995194446140711 0.3338681404436008 0.3338681404436008
394.0 69618257.21885899 69618258.83937898 69618260.459899 1.0 1.0 759.3084753491239 2.995194446140711 0.3338681404436008 0.3338681404436008
395.0 69618260.459899 69618262.080419 69618263.700939 0.0 0.0 759.3084753491239 2.995194446140711 0.0 0.0
396.0 69618263.700939 69618265.321459 69618266.941979 0.0 0.0 759.3084753491239 2.995194446140711 0.0 0.0
397.0 69618266.94197899 69618268.56249899 69618270.183019 0.0 0.0 759.3084753491239 2.995194446140711 0.0 0.0
398.0 69618270.183019 69618271.80353901 69618273.424059 0.0 0.0 759.3084753491239 2.995194446140711 0.0 0.0
399.0 69618273.42405899 69618275.044579 69618276.665099 0.0 0.0 759.3084753491239 2.995194446140711 0.0 0.0
400.0 69618276.665099 69618278.28561899 69618279.906139 1.0 1.0 759.3084753491239 2.995194446140711 0.3338681404436008 0.3338681404436008
401.0 69618279.90613899 69618281.52665898 69618283.147179 0.0 0.0 759.3084753491239 2.995194446140711 0.0 0.0
402.0 69618283.147179 69618284.767699 69618286.388219 0.0 0.0 759.3084753491239 2.995194446140711 0.0 0.0
403.0 69618286.388219 69618288.008739 69618289.629259 0.0 0.0 759.3084753491239 2.995194446140711 0.0 0.0
404.0 69618289.62925899 69618291.24977899 69618292.870299 0.0 0.0 759.3084753491239 2.995194446140711 0.0 0.0
405.0 69618292.870299 69618294.490819 69618296.111339 1.0 1.0 759.3084753491239 2.995194446140711 0.3338681404436008 0.3338681404436008
406.0 69618296.11133899 69618297.731859 69618299.352379 0.0 0.0 759.3084753491239 2.995194446140711 0.0 0.0
407.0 69618299.352379 69618300.97289899 69618302.593419 0.0 0.0 759.3084753491239 2.995194446140711 0.0 0.0
408.0 69618302.59341899 69618304.21393898 69618305.83445899 0.0 0.0 759.3084753491239 2.995194446140711 0.0 0.0
409.0 69618305.83445899 69618307.454979 69618309.075499 0.0 0.0 759.3084753491239 2.995194446140711 0.0 0.0
410.0 69618309.075499 69618310.696019 69618312.316539 1.0 1.0 759.3084753491239 2.995194446140711 0.3338681404436008 0.3338681404436008
411.0 69618312.31653899 69618313.93705899 69618315.557579 1.0 1.0 759.3084753491239 2.995194446140711 0.3338681404436008 0.3338681404436008
412.0 69618315.557579 69618317.178099 69618318.798619 0.0 0.0 759.3084753491239 2.995194446140711 0.0 0.0
413.0 69618318.79861899 69618320.419139 69618322.039659 0.0 0.0 759.3084753491239 2.995194446140711 0.0 0.0
414.0 69618322.039659 69618323.66017899 69618325.280699 2.0 1.4142135623730951 759.3084753491239 2.995194446140711 0.6677362808872016 0.4721608522596255
415.0 69618325.280699 69618326.90121901 69618328.521739 1.0 1.0 759.3084753491239 2.995194446140711 0.3338681404436008 0.3338681404436008
416.0 69618328.52173899 69618330.142259 69618331.762779 0.0 0.0 759.3084753491239 2.995194446140711 0.0 0.0
417.0 69618331.762779 69618333.383299 69618335.003819 0.0 0.0 759.3084753491239 2.995194446140711 0.0 0.0
418.0 69618335.00381899 69618336.62433898 69618338.244859 0.0 0.0 759.3084753491239 2.995194446140711 0.0 0.0
419.0 69618338.244859 69618339.865379 69618341.485899 1.0 1.0 759.3084753491239 2.995194446140711 0.3338681404436008 0.3338681404436008
420.0 69618341.48589899 69618343.106419 69618344.726939 0.0 0.0 759.3084753491239 2.995194446140711 0.0 0.0
421.0 69618344.726939 69618346.34745899 69618347.967979 0.0 0.0 759.3084753491239 2.995194446140711 0.0 0.0
422.0 69618347.967979 69618349.58849901 69618351.209019 1.0 1.0 759.3084753491239 2.995194446140711 0.3338681404436008 0.3338681404436008
423.0 69618351.20901899 69618352.829539 69618354.450059 2.0 1.4142135623730951 759.3084753491239 2.995194446140711 0.6677362808872016 0.4721608522596255
424.0 69618354.450059 69618356.07057899 69618357.691099 1.0 1.0 759.3084753491239 2.995194446140711 0.3338681404436008 0.3338681404436008
425.0 69618357.69109899 69618359.31161898 69618360.932139 0.0 0.0 759.3084753491239 2.995194446140711 0.0 0.0
426.0 69618360.932139 69618362.552659 69618364.173179 0.0 0.0 759.3084753491239 2.995194446140711 0.0 0.0
427.0 69618364.17317899 69618365.793699 69618367.41421899 1.0 1.0 759.3084753491239 2.995194446140711 0.3338681404436008 0.3338681404436008
428.0 69618367.41421899 69618369.03473899 69618370.655259 0.0 0.0 759.3084753491239 2.995194446140711 0.0 0.0
429.0 69618370.655259 69618372.27577901 69618373.896299 0.0 0.0 759.3084753491239 2.995194446140711 0.0 0.0
430.0 69618373.89629899 69618375.516819 69618377.137339 1.0 1.0 759.3084753491239 2.995194446140711 0.3338681404436008 0.3338681404436008
431.0 69618377.137339 69618378.75785899 69618380.378379 0.0 0.0 759.3084753491239 2.995194446140711 0.0 0.0
432.0 69618380.37837899 69618381.99889898 69618383.619419 0.0 0.0 759.3084753491239 2.995194446140711 0.0 0.0
433.0 69618383.619419 69618385.239939 69618386.860459 0.0 0.0 759.3084753491239 2.995194446140711 0.0 0.0
434.0 69618386.860459 69618388.480979 69618390.101499 0.0 0.0 759.3084753491239 2.995194446140711 0.0 0.0
435.0 69618390.10149899 69618391.72201899 69618393.342539 0.0 0.0 759.3084753491239 2.995194446140711 0.0 0.0
436.0 69618393.342539 69618394.96305901 69618396.583579 0.0 0.0 759.3084753491239 2.995194446140711 0.0 0.0
437.0 69618396.58357899 69618398.204099 69618399.824619 2.0 1.4142135623730951 759.3084753491239 2.995194446140711 0.6677362808872016 0.4721608522596255
438.0 69618399.824619 69618401.44513899 69618403.065659 0.0 0.0 759.3084753491239 2.995194446140711 0.0 0.0
439.0 69618403.06565899 69618404.68617898 69618406.306699 1.0 1.0 759.3084753491239 2.995194446140711 0.3338681404436008 0.3338681404436008
440.0 69618406.306699 69618407.927219 69618409.547739 0.0 0.0 759.3084753491239 2.995194446140711 0.0 0.0
441.0 69618409.547739 69618411.168259 69618412.788779 1.0 1.0 759.3084753491239 2.995194446140711 0.3338681404436008 0.3338681404436008
442.0 69618412.78877899 69618414.40929899 69618416.029819 0.0 0.0 759.3084753491239 2.995194446140711 0.0 0.0
443.0 69618416.029819 69618417.650339 69618419.270859 1.0 1.0 759.3084753491239 2.995194446140711 0.3338681404436008 0.3338681404436008
444.0 69618419.27085899 69618420.891379 69618422.511899 1.0 1.0 759.3084753491239 2.995194446140711 0.3338681404436008 0.3338681404436008
445.0 69618422.511899 69618424.13241899 69618425.752939 0.0 0.0 759.3084753491239 2.995194446140711 0.0 0.0
446.0 69618425.75293899 69618427.37345898 69618428.99397899 0.0 0.0 759.3084753491239 2.995194446140711 0.0 0.0
447.0 69618428.99397899 69618430.614499 69618432.235019 0.0 0.0 759.3084753491239 2.995194446140711 0.0 0.0
448.0 69618432.235019 69618433.855539 69618435.476059 0.0 0.0 759.3084753491239 2.995194446140711 0.0 0.0
449.0 69618435.47605899 69618437.09657899 69618438.717099 2.0 1.4142135623730951 759.3084753491239 2.995194446140711 0.6677362808872016 0.4721608522596255
450.0 69618438.717099 69618440.337619 69618441.958139 1.0 1.0 759.3084753491239 2.995194446140711 0.3338681404436008 0.3338681404436008
451.0 69618441.95813899 69618443.578659 69618445.199179 0.0 0.0 759.3084753491239 2.995194446140711 0.0 0.0
452.0 69618445.199179 69618446.81969899 69618448.440219 0.0 0.0 759.3084753491239 2.995194446140711 0.0 0.0
453.0 69618448.440219 69618450.06073901 69618451.681259 0.0 0.0 759.3084753491239 2.995194446140711 0.0 0.0
454.0 69618451.68125899 69618453.301779 69618454.922299 0.0 0.0 759.3084753491239 2.995194446140711 0.0 0.0
455.0 69618454.922299 69618456.542819 69618458.163339 0.0 0.0 759.3084753491239 2.995194446140711 0.0 0.0
456.0 69618458.16333899 69618459.78385898 69618461.404379 0.0 0.0 759.3084753491239 2.995194446140711 0.0 0.0
457.0 69618461.404379 69618463.024899 69618464.645419 0.0 0.0 759.3084753491239 2.995194446140711 0.0 0.0
458.0 69618464.64541899 69618466.265939 69618467.886459 0.0 0.0 759.3084753491239 2.995194446140711 0.0 0.0
459.0 69618467.886459 69618469.50697899 69618471.127499 0.0 0.0 759.3084753491239 2.995194446140711 0.0 0.0
460.0 69618471.127499 69618472.74801901 69618474.368539 1.0 1.0 759.3084753491239 2.995194446140711 0.3338681404436008 0.3338681404436008
461.0 69618474.36853899 69618475.989059 69618477.609579 2.0 1.4142135623730951 759.3084753491239 2.995194446140711 0.6677362808872016 0.4721608522596255
462.0 69618477.609579 69618479.230099 69618480.850619 0.0 0.0 759.3084753491239 2.995194446140711 0.0 0.0
463.0 69618480.85061899 69618482.47113898 69618484.091659 0.0 0.0 759.3084753491239 2.995194446140711 0.0 0.0
464.0 69618484.091659 69618485.712179 69618487.332699 0.0 0.0 759.3084753491239 2.995194446140711 0.0 0.0
465.0 69618487.33269899 69618488.953219 69618490.57373899 0.0 0.0 759.3084753491239 2.995194446140711 0.0 0.0
466.0 69618490.57373899 69618492.19425899 69618493.814779 1.0 1.0 759.3084753491239 2.995194446140711 0.3338681404436008 0.3338681404436008
467.0 69618493.814779 69618495.43529901 69618497.055819 1.0 1.0 759.3084753491239 2.995194446140711 0.3338681404436008 0.3338681404436008
468.0 69618497.05581899 69618498.676339 69618500.296859 3.0 1.7320508075688772 759.3084753491239 2.995194446140711 1.0016044213308024 0.5782765822768581
469.0 69618500.296859 69618501.91737899 69618503.537899 1.0 1.0 759.3084753491239 2.995194446140711 0.3338681404436008 0.3338681404436008
470.0 69618503.53789899 69618505.15841898 69618506.778939 0.0 0.0 759.3084753491239 2.995194446140711 0.0 0.0
471.0 69618506.778939 69618508.399459 69618510.019979 1.0 1.0 759.3084753491239 2.995194446140711 0.3338681404436008 0.3338681404436008
472.0 69618510.019979 69618511.640499 69618513.261019 2.0 1.4142135623730951 759.3084753491239 2.995194446140711 0.6677362808872016 0.4721608522596255
473.0 69618513.26101899 69618514.88153899 69618516.502059 0.0 0.0 759.3084753491239 2.995194446140711 0.0 0.0
474.0 69618516.502059 69618518.12257901 69618519.743099 0.0 0.0 759.3084753491239 2.995194446140711 0.0 0.0
475.0 69618519.74309899 69618521.363619 69618522.984139 0.0 0.0 759.3084753491239 2.995194446140711 0.0 0.0
476.0 69618522.984139 69618524.60465899 69618526.225179 0.0 0.0 759.3084753491239 2.995194446140711 0.0 0.0
477.0 69618526.22517899 69618527.84569898 69618529.466219 0.0 0.0 759.3084753491239 2.995194446140711 0.0 0.0
478.0 69618529.466219 69618531.086739 69618532.707259 0.0 0.0 759.3084753491239 2.995194446140711 0.0 0.0
479.0 69618532.707259 69618534.327779 69618535.948299 0.0 0.0 759.3084753491239 2.995194446140711 0.0 0.0
480.0 69618535.94829899 69618537.56881899 69618539.189339 0.0 0.0 759.3084753491239 2.995194446140711 0.0 0.0
481.0 69618539.189339 69618540.80985901 69618542.430379 1.0 1.0 759.3084753491239 2.995194446140711 0.3338681404436008 0.3338681404436008
482.0 69618542.43037899 69618544.050899 69618545.671419 0.0 0.0 759.3084753491239 2.995194446140711 0.0 0.0
483.0 69618545.671419 69618547.29193899 69618548.912459 1.0 1.0 759.3084753491239 2.995194446140711 0.3338681404436008 0.3338681404436008
484.0 69618548.91245899 69618550.53297898 69618552.15349899 2.0 1.4142135623730951 759.3084753491239 2.995194446140711 0.6677362808872016 0.4721608522596255
485.0 69618552.15349899 69618553.774019 69618555.394539 0.0 0.0 759.3084753491239 2.995194446140711 0.0 0.0
486.0 69618555.394539 69618557.015059 69618558.635579 0.0 0.0 759.3084753491239 2.995194446140711 0.0 0.0
487.0 69618558.63557899 69618560.25609899 69618561.876619 0.0 0.0 759.3084753491239 2.995194446140711 0.0 0.0
488.0 69618561.876619 69618563.497139 69618565.117659 1.0 1.0 759.3084753491239 2.995194446140711 0.3338681404436008 0.3338681404436008
489.0 69618565.11765899 69618566.738179 69618568.358699 1.0 1.0 759.3084753491239 2.995194446140711 0.3338681404436008 0.3338681404436008
490.0 69618568.358699 69618569.97921899 69618571.599739 1.0 1.0 759.3084753491239 2.995194446140711 0.3338681404436008 0.3338681404436008
491.0 69618571.59973899 69618573.22025898 69618574.84077899 0.0 0.0 759.3084753491239 2.995194446140711 0.0 0.0
492.0 69618574.84077899 69618576.461299 69618578.081819 1.0 1.0 759.3084753491239 2.995194446140711 0.3338681404436008 0.3338681404436008
493.0 69618578.081819 69618579.702339 69618581.322859 1.0 1.0 759.3084753491239 2.995194446140711 0.3338681404436008 0.3338681404436008
494.0 69618581.32285899 69618582.94337898 69618584.563899 0.0 0.0 759.3084753491239 2.995194446140711 0.0 0.0
495.0 69618584.563899 69618586.184419 69618587.804939 0.0 0.0 759.3084753491239 2.995194446140711 0.0 0.0
496.0 69618587.80493899 69618589.425459 69618591.045979 0.0 0.0 759.3084753491239 2.995194446140711 0.0 0.0
497.0 69618591.045979 69618592.66649899 69618594.287019 0.0 0.0 759.3084753491239 2.995194446140711 0.0 0.0
498.0 69618594.287019 69618595.90753901 69618597.528059 0.0 0.0 759.3084753491239 2.995194446140711 0.0 0.0
499.0 69618597.52805899 69618599.148579 69618600.769099 0.0 0.0 759.3084753491239 2.995194446140711 0.0 0.0
500.0 69618600.769099 69618602.389619 69618604.010139 0.0 0.0 759.3084753491239 2.995194446140711 0.0 0.0
501.0 69618604.01013899 69618605.63065898 69618607.251179 0.0 0.0 759.3084753491239 2.995194446140711 0.0 0.0
502.0 69618607.251179 69618608.871699 69618610.492219 1.0 1.0 759.3084753491239 2.995194446140711 0.3338681404436008 0.3338681404436008
503.0 69618610.49221899 69618612.112739 69618613.73325899 1.0 1.0 759.3084753491239 2.995194446140711 0.3338681404436008 0.3338681404436008
504.0 69618613.73325899 69618615.35377899 69618616.974299 2.0 1.4142135623730951 759.3084753491239 2.995194446140711 0.6677362808872016 0.4721608522596255
505.0 69618616.974299 69618618.59481901 69618620.215339 0.0 0.0 759.3084753491239 2.995194446140711 0.0 0.0
506.0 69618620.21533899 69618621.835859 69618623.456379 0.0 0.0 759.3084753491239 2.995194446140711 0.0 0.0
507.0 69618623.456379 69618625.07689899 69618626.697419 0.0 0.0 759.3084753491239 2.995194446140711 0.0 0.0
508.0 69618626.69741899 69618628.31793898 69618629.938459 0.0 0.0 759.3084753491239 2.995194446140711 0.0 0.0
509.0 69618629.938459 69618631.558979 69618633.179499 1.0 1.0 759.3084753491239 2.995194446140711 0.3338681404436008 0.3338681404436008
510.0 69618633.17949899 69618634.800019 69618636.42053899 1.0 1.0 759.3084753491239 2.995194446140711 0.3338681404436008 0.3338681404436008
511.0 69618636.42053899 69618638.04105899 69618639.661579 1.0 1.0 759.3084753491239 2.995194446140711 0.3338681404436008 0.3338681404436008
512.0 69618639.661579 69618641.28209901 69618642.902619 0.0 0.0 759.3084753491239 2.995194446140711 0.0 0.0
513.0 69618642.90261899 69618644.523139 69618646.143659 1.0 1.0 759.3084753491239 2.995194446140711 0.3338681404436008 0.3338681404436008
514.0 69618646.143659 69618647.76417899 69618649.384699 1.0 1.0 759.3084753491239 2.6690273921764303 0.3746683166052337 0.3746683166052337
515.0 69618649.38469899 69618651.00521898 69618652.625739 0.0 0.0 759.3084753491239 0.0 0.0 0.0
516.0 69618652.625739 69618654.246259 69618655.866779 0.0 0.0 759.3084753491239 0.0 0.0 0.0
517.0 69618655.866779 69618657.487299 69618659.107819 0.0 0.0 759.3084753491239 0.0 0.0 0.0
518.0 69618659.10781899 69618660.72833899 69618662.348859 0.0 0.0 759.3084753491239 0.0 0.0 0.0
519.0 69618662.348859 69618663.96937901 69618665.589899 0.0 0.0 759.3084753491239 0.0 0.0 0.0
520.0 69618665.58989899 69618667.210419 69618668.830939 0.0 0.0 759.3084753491239 0.0 0.0 0.0
521.0 69618668.830939 69618670.45145899 69618672.071979 0.0 0.0 759.3084753491239 0.0 0.0 0.0
522.0 69618672.07197899 69618673.69249898 69618675.31301899 0.0 0.0 759.3084753491239 0.0 0.0 0.0
523.0 69618675.31301899 69618676.933539 69618678.554059 0.0 0.0 759.3084753491239 0.0 0.0 0.0
524.0 69618678.554059 69618680.174579 69618681.795099 0.0 0.0 759.3084753491239 0.0 0.0 0.0
525.0 69618681.79509899 69618683.41561899 69618685.036139 0.0 0.0 759.3084753491239 0.0 0.0 0.0
526.0 69618685.036139 69618686.656659 69618688.277179 0.0 0.0 759.3084753491239 0.0 0.0 0.0
527.0 69618688.27717899 69618689.897699 69618691.518219 0.0 0.0 759.3084753491239 0.0 0.0 0.0
528.0 69618691.518219 69618693.13873899 69618694.759259 0.0 0.0 759.3084753491239 0.0 0.0 0.0
529.0 69618694.75925899 69618696.37977898 69618698.00029899 0.0 0.0 759.3084753491239 0.0 0.0 0.0
530.0 69618698.00029899 69618699.620819 69618701.241339 0.0 0.0 759.3084753491239 0.0 0.0 0.0
531.0 69618701.241339 69618702.861859 69618704.482379 0.0 0.0 759.3084753491239 0.0 0.0 0.0
532.0 69618704.48237899 69618706.10289899 69618707.723419 0.0 0.0 759.3084753491239 0.0 0.0 0.0
533.0 69618707.723419 69618709.343939 69618710.964459 0.0 0.0 759.3084753491239 0.0 0.0 0.0
534.0 69618710.96445899 69618712.584979 69618714.205499 0.0 0.0 759.3084753491239 0.0 0.0 0.0
535.0 69618714.205499 69618715.82601899 69618717.446539 0.0 0.0 759.3084753491239 0.0 0.0 0.0
536.0 69618717.446539 69618719.06705901 69618720.687579 0.0 0.0 759.3084753491239 0.0 0.0 0.0
537.0 69618720.68757899 69618722.308099 69618723.928619 0.0 0.0 759.3084753491239 0.0 0.0 0.0
538.0 69618723.928619 69618725.549139 69618727.169659 0.0 0.0 759.3084753491239 0.0 0.0 0.0
539.0 69618727.16965899 69618728.79017898 69618730.410699 0.0 0.0 759.3084753491239 0.0 0.0 0.0
540.0 69618730.410699 69618732.031219 69618733.651739 0.0 0.0 759.3084753491239 0.0 0.0 0.0
541.0 69618733.65173899 69618735.272259 69618736.892779 0.0 0.0 759.3084753491239 0.0 0.0 0.0
542.0 69618736.892779 69618738.51329899 69618740.133819 0.0 0.0 759.3084753491239 0.0 0.0 0.0
543.0 69618740.133819 69618741.75433901 69618743.374859 0.0 0.0 759.3084753491239 0.0 0.0 0.0
544.0 69618743.37485899 69618744.995379 69618746.615899 0.0 0.0 759.3084753491239 0.0 0.0 0.0
545.0 69618746.615899 69618748.23641899 69618749.856939 0.0 0.0 759.3084753491239 0.0 0.0 0.0
546.0 69618749.85693899 69618751.47745898 69618753.097979 0.0 0.0 759.3084753491239 0.0 0.0 0.0
547.0 69618753.097979 69618754.718499 69618756.339019 0.0 0.0 759.3084753491239 0.0 0.0 0.0
548.0 69618756.33901899 69618757.959539 69618759.58005899 0.0 0.0 759.3084753491239 0.0 0.0 0.0
549.0 69618759.58005899 69618761.20057899 69618762.821099 0.0 0.0 759.3084753491239 0.0 0.0 0.0
550.0 69618762.821099 69618764.44161901 69618766.062139 0.0 0.0 759.3084753491239 0.0 0.0 0.0
551.0 69618766.06213899 69618767.682659 69618769.303179 0.0 0.0 759.3084753491239 0.0 0.0 0.0
552.0 69618769.303179 69618770.92369899 69618772.544219 0.0 0.0 759.3084753491239 0.0 0.0 0.0
553.0 69618772.54421899 69618774.16473898 69618775.785259 0.0 0.0 759.3084753491239 0.0 0.0 0.0
554.0 69618775.785259 69618777.405779 69618779.026299 0.0 0.0 759.3084753491239 0.0 0.0 0.0
555.0 69618779.026299 69618780.646819 69618782.267339 0.0 0.0 759.3084753491239 0.0 0.0 0.0
556.0 69618782.26733899 69618783.88785899 69618785.508379 0.0 0.0 759.3084753491239 0.0 0.0 0.0
