TIME_BIN TIME_MIN TIME TIME_MAX COUNTS STAT_ERR AREA EXPOSURE COUNT_RATE COUNT_RATE_ERR
1.0 497225363.38475 497225365.00527 497225366.62579 0.0 0.0 417.4473646589246 0.0 0.0 0.0
2.0 497225366.62579 497225368.24631 497225369.86683 0.0 0.0 417.4473646589246 0.0 0.0 0.0
3.0 497225369.86683 497225371.48735 497225373.10787 0.0 0.0 417.4473646589246 0.0 0.0 0.0
4.0 497225373.10787 497225374.72839 497225376.34891 0.0 0.0 417.4473646589246 0.0 0.0 0.0
5.0 497225376.34891003 497225377.96943 497225379.58995 0.0 0.0 417.4473646589246 0.0 0.0 0.0
6.0 497225379.58995 497225381.21047 497225382.83099 0.0 0.0 417.4473646589246 0.0 0.0 0.0
7.0 497225382.83099 497225384.45151 497225386.07203 0.0 0.0 417.4473646589246 0.0 0.0 0.0
8.0 497225386.07203 497225387.69255 497225389.31307 0.0 0.0 417.4473646589246 0.0 0.0 0.0
9.0 497225389.31307 497225390.93359 497225392.55411 0.0 0.0 417.4473646589246 0.0 0.0 0.0
10.0 497225392.55411 497225394.17463 497225395.79515 0.0 0.0 417.4473646589246 0.0 0.0 0.0
11.0 497225395.79515 497225397.41567 497225399.03619 0.0 0.0 417.4473646589246 0.0 0.0 0.0
12.0 497225399.03619003 497225400.65671 497225402.27723 0.0 0.0 417.4473646589246 0.0 0.0 0.0
13.0 497225402.27723 497225403.89775 497225405.51827 0.0 0.0 417.4473646589246 0.0 0.0 0.0
14.0 497225405.51827 497225407.13879 497225408.75931 0.0 0.0 417.4473646589246 0.0 0.0 0.0
15.0 497225408.75931 497225410.37983 497225412.00035 0.0 0.0 417.4473646589246 0.0 0.0 0.0
16.0 497225412.00035 497225413.62087 497225415.24139 0.0 0.0 417.4473646589246 0.0 0.0 0.0
17.0 497225415.24139 497225416.86191 497225418.48243 0.0 0.0 417.4473646589246 0.0 0.0 0.0
18.0 497225418.48243 497225420.10295 497225421.72347 0.0 0.0 417.4473646589246 0.0 0.0 0.0
19.0 497225421.72347003 497225423.34399 497225424.96451 0.0 0.0 417.4473646589246 0.0 0.0 0.0
20.0 497225424.96451 497225426.58503 497225428.20555 0.0 0.0 417.4473646589246 0.0 0.0 0.0
21.0 497225428.20555 497225429.82607 497225431.44659 0.0 0.0 417.4473646589246 0.0 0.0 0.0
22.0 497225431.44659 497225433.06711 497225434.68763 0.0 0.0 417.4473646589246 0.0 0.0 0.0
23.0 497225434.68763 497225436.30815 497225437.92867 0.0 0.0 417.4473646589246 0.0 0.0 0.0
24.0 497225437.92867 497225439.54919 497225441.16971 0.0 0.0 417.4473646589246 0.0 0.0 0.0
25.0 497225441.16971 497225442.79023 497225444.41075 0.0 0.0 417.4473646589246 0.0 0.0 0.0
26.0 497225444.41075003 497225446.03127 497225447.65179 0.0 0.0 417.4473646589246 0.0 0.0 0.0
27.0 497225447.65179 497225449.27231 497225450.89283 0.0 0.0 417.4473646589246 0.0 0.0 0.0
28.0 497225450.89283 497225452.51335 497225454.13387 0.0 0.0 417.4473646589246 0.0 0.0 0.0
29.0 497225454.13387 497225455.75439 497225457.37491 0.0 0.0 417.4473646589246 0.0 0.0 0.0
30.0 497225457.37491 497225458.99543 497225460.61595 0.0 0.0 417.4473646589246 0.0 0.0 0.0
31.0 497225460.61595 497225462.23647 497225463.85699 0.0 0.0 417.4473646589246 0.0 0.0 0.0
32.0 497225463.85699 497225465.47751 497225467.09803 0.0 0.0 417.4473646589246 0.0 0.0 0.0
33.0 497225467.09803003 497225468.71855 497225470.33907 0.0 0.0 417.4473646589246 0.0 0.0 0.0
34.0 497225470.33907 497225471.95959 497225473.58011 0.0 0.0 417.4473646589246 0.0 0.0 0.0
35.0 497225473.58011 497225475.20063 497225476.82115 0.0 0.0 417.4473646589246 0.0 0.0 0.0
36.0 497225476.82115 497225478.44167 497225480.06219 0.0 0.0 417.4473646589246 0.0 0.0 0.0
37.0 497225480.06219 497225481.68271 497225483.30323 0.0 0.0 417.4473646589246 0.0 0.0 0.0
38.0 497225483.30323 497225484.92375 497225486.54427 0.0 0.0 417.4473646589246 0.0 0.0 0.0
39.0 497225486.54427 497225488.16479 497225489.78531 0.0 0.0 417.4473646589246 0.0 0.0 0.0
40.0 497225489.78531003 497225491.40583 497225493.02635 0.0 0.0 417.4473646589246 0.0 0.0 0.0
41.0 497225493.02635 497225494.64687 497225496.26739 0.0 0.0 417.4473646589246 0.0 0.0 0.0
42.0 497225496.26739 497225497.88791 497225499.50843 0.0 0.0 417.4473646589246 0.0 0.0 0.0
43.0 497225499.50843 497225501.12895 497225502.74947 0.0 0.0 417.4473646589246 0.0 0.0 0.0
44.0 497225502.74947 497225504.36999 497225505.99051 0.0 0.0 417.4473646589246 0.0 0.0 0.0
45.0 497225505.99051 497225507.61103 497225509.23155 0.0 0.0 417.4473646589246 0.0 0.0 0.0
46.0 497225509.23155004 497225510.85207003 497225512.47259 0.0 0.0 417.4473646589246 0.0 0.0 0.0
47.0 497225512.47259 497225514.09311 497225515.71363 0.0 0.0 417.4473646589246 0.0 0.0 0.0
48.0 497225515.71363 497225517.33415 497225518.95467 0.0 0.0 417.4473646589246 0.0 0.0 0.0
49.0 497225518.95467 497225520.57519 497225522.19571 0.0 0.0 417.4473646589246 0.0 0.0 0.0
50.0 497225522.19571 497225523.81623 497225525.43675 0.0 0.0 417.4473646589246 0.0 0.0 0.0
51.0 497225525.43675 497225527.05727 497225528.67779 0.0 0.0 417.4473646589246 0.0 0.0 0.0
52.0 497225528.67779 497225530.29831 497225531.91883 0.0 0.0 417.4473646589246 0.0 0.0 0.0
53.0 497225531.91883004 497225533.53935003 497225535.15987 0.0 0.0 417.4473646589246 0.0 0.0 0.0
54.0 497225535.15987 497225536.78039 497225538.40091 0.0 0.0 417.4473646589246 0.0 0.0 0.0
55.0 497225538.40091 497225540.02143 497225541.64195 0.0 0.0 417.4473646589246 0.0 0.0 0.0
56.0 497225541.64195 497225543.26247 497225544.88299 0.0 0.0 417.4473646589246 0.0 0.0 0.0
57.0 497225544.88299 497225546.50351 497225548.12403 0.0 0.0 417.4473646589246 0.0 0.0 0.0
58.0 497225548.12403 497225549.74455 497225551.36507 0.0 0.0 417.4473646589246 0.0 0.0 0.0
59.0 497225551.36507 497225552.98559 497225554.60611 0.0 0.0 417.4473646589246 0.0 0.0 0.0
60.0 497225554.60611004 497225556.22663003 497225557.84715 0.0 0.0 417.4473646589246 0.0 0.0 0.0
61.0 497225557.84715 497225559.46767 497225561.08819 0.0 0.0 417.4473646589246 0.0 0.0 0.0
62.0 497225561.08819 497225562.70871 497225564.32923 0.0 0.0 417.4473646589246 0.0 0.0 0.0
63.0 497225564.32923 497225565.94975 497225567.57027 0.0 0.0 417.4473646589246 0.0 0.0 0.0
64.0 497225567.57027 497225569.19079 497225570.81131 0.0 0.0 417.4473646589246 0.0 0.0 0.0
65.0 497225570.81131 497225572.43183 497225574.05235 0.0 0.0 417.4473646589246 0.0 0.0 0.0
66.0 497225574.05235 497225575.67287 497225577.29339 0.0 0.0 417.4473646589246 0.0 0.0 0.0
67.0 497225577.29339004 497225578.91391003 497225580.53443 0.0 0.0 417.4473646589246 0.0 0.0 0.0
68.0 497225580.53443 497225582.15495 497225583.77547 0.0 0.0 417.4473646589246 0.0 0.0 0.0
69.0 497225583.77547 497225585.39599 497225587.01651 0.0 0.0 417.4473646589246 0.0 0.0 0.0
70.0 497225587.01651 497225588.63703 497225590.25755 0.0 0.0 417.4473646589246 0.0 0.0 0.0
71.0 497225590.25755 497225591.87807 497225593.49859 0.0 0.0 417.4473646589246 0.0 0.0 0.0
72.0 497225593.49859 497225595.11911 497225596.73963 0.0 0.0 417.4473646589246 0.0 0.0 0.0
73.0 497225596.73963 497225598.36015 497225599.98067 0.0 0.0 417.4473646589246 0.0 0.0 0.0
74.0 497225599.98067003 497225601.60119003 497225603.22171 0.0 0.0 417.4473646589246 0.0 0.0 0.0
75.0 497225603.22171 497225604.84223 497225606.46275 0.0 0.0 417.4473646589246 0.0 0.0 0.0
76.0 497225606.46275 497225608.08327 497225609.70379 0.0 0.0 417.4473646589246 0.0 0.0 0.0
77.0 497225609.70379 497225611.32431 497225612.94483 0.0 0.0 417.4473646589246 0.0 0.0 0.0
78.0 497225612.94483 497225614.56535 497225616.18587 0.0 0.0 417.4473646589246 0.0 0.0 0.0
79.0 497225616.18587 497225617.80639 497225619.42691 0.0 0.0 417.4473646589246 0.0 0.0 0.0
80.0 497225619.42691 497225621.04743 497225622.66795 0.0 0.0 417.4473646589246 0.0 0.0 0.0
81.0 497225622.66795003 497225624.28847003 497225625.90899 0.0 0.0 417.4473646589246 0.0 0.0 0.0
82.0 497225625.90899 497225627.52951 497225629.15003 0.0 0.0 417.4473646589246 0.0 0.0 0.0
83.0 497225629.15003 497225630.77055 497225632.39107 0.0 0.0 417.4473646589246 0.0 0.0 0.0
84.0 497225632.39107 497225634.01159 497225635.63211 0.0 0.0 417.4473646589246 0.0 0.0 0.0
85.0 497225635.63211 497225637.25263 497225638.87315 0.0 0.0 417.4473646589246 0.0 0.0 0.0
86.0 497225638.87315 497225640.49367 497225642.11419 0.0 0.0 417.4473646589246 0.0 0.0 0.0
87.0 497225642.11419 497225643.73471 497225645.35523 0.0 0.0 417.4473646589246 0.0 0.0 0.0
88.0 497225645.35523003 497225646.97575 497225648.59627 0.0 0.0 417.4473646589246 0.0 0.0 0.0
89.0 497225648.59627 497225650.21679 497225651.83731 0.0 0.0 417.4473646589246 0.0 0.0 0.0
90.0 497225651.83731 497225653.45783 497225655.07835 0.0 0.0 417.4473646589246 0.0 0.0 0.0
91.0 497225655.07835 497225656.69887 497225658.31939 0.0 0.0 417.4473646589246 0.0 0.0 0.0
92.0 497225658.31939 497225659.93991 497225661.56043 0.0 0.0 417.4473646589246 0.0 0.0 0.0
93.0 497225661.56043 497225663.18095 497225664.80147 0.0 0.0 417.4473646589246 0.0 0.0 0.0
94.0 497225664.80147 497225666.42199 497225668.04251 0.0 0.0 417.4473646589246 0.0 0.0 0.0
95.0 497225668.04251003 497225669.66303 497225671.28355 0.0 0.0 417.4473646589246 0.0 0.0 0.0
96.0 497225671.28355 497225672.90407 497225674.52459 0.0 0.0 417.4473646589246 0.0 0.0 0.0
97.0 497225674.52459 497225676.14511 497225677.76563 0.0 0.0 417.4473646589246 0.0 0.0 0.0
98.0 497225677.76563 497225679.38615 497225681.00667 0.0 0.0 417.4473646589246 0.0 0.0 0.0
99.0 497225681.00667 497225682.62719 497225684.24771 0.0 0.0 417.4473646589246 0.0 0.0 0.0
100.0 497225684.24771 497225685.86823 497225687.48875 0.0 0.0 417.4473646589246 0.0 0.0 0.0
101.0 497225687.48875 497225689.10927 497225690.72979 0.0 0.0 417.4473646589246 0.0 0.0 0.0
102.0 497225690.72979003 497225692.35031 497225693.97083 0.0 0.0 417.4473646589246 0.0 0.0 0.0
103.0 497225693.97083 497225695.59135 497225697.21187 0.0 0.0 417.4473646589246 0.0 0.0 0.0
104.0 497225697.21187 497225698.83239 497225700.45291 0.0 0.0 417.4473646589246 0.0 0.0 0.0
105.0 497225700.45291 497225702.07343 497225703.69395 0.0 0.0 417.4473646589246 0.0 0.0 0.0
106.0 497225703.69395 497225705.31447 497225706.93499 0.0 0.0 417.4473646589246 0.0 0.0 0.0
107.0 497225706.93499 497225708.55551 497225710.17603 0.0 0.0 417.4473646589246 0.0 0.0 0.0
108.0 497225710.17603 497225711.79655 497225713.41707 0.0 0.0 417.4473646589246 0.0 0.0 0.0
109.0 497225713.41707003 497225715.03759 497225716.65811 0.0 0.0 417.4473646589246 0.0 0.0 0.0
110.0 497225716.65811 497225718.27863 497225719.89915 0.0 0.0 417.4473646589246 0.0 0.0 0.0
111.0 497225719.89915 497225721.51967 497225723.14019 0.0 0.0 417.4473646589246 0.0 0.0 0.0
112.0 497225723.14019 497225724.76071 497225726.38123 0.0 0.0 417.4473646589246 0.0 0.0 0.0
113.0 497225726.38123 497225728.00175 497225729.62227 0.0 0.0 417.4473646589246 0.0 0.0 0.0
114.0 497225729.62227 497225731.24279 497225732.86331 0.0 0.0 417.4473646589246 0.0 0.0 0.0
115.0 497225732.86331 497225734.48383 497225736.10435 0.0 0.0 417.4473646589246 0.0 0.0 0.0
116.0 497225736.10435003 497225737.72487 497225739.34539 0.0 0.0 417.4473646589246 0.0 0.0 0.0
117.0 497225739.34539 497225740.96591 497225742.58643 0.0 0.0 417.4473646589246 0.0 0.0 0.0
118.0 497225742.58643 497225744.20695 497225745.82747 0.0 0.0 417.4473646589246 0.0 0.0 0.0
119.0 497225745.82747 497225747.44799 497225749.06851 0.0 0.0 417.4473646589246 0.0 0.0 0.0
120.0 497225749.06851 497225750.68903 497225752.30955 0.0 0.0 417.4473646589246 0.0 0.0 0.0
121.0 497225752.30955 497225753.93007 497225755.55059 0.0 0.0 417.4473646589246 0.0 0.0 0.0
122.0 497225755.55059004 497225757.17111003 497225758.79163 0.0 0.0 417.4473646589246 0.0 0.0 0.0
123.0 497225758.79163 497225760.41215 497225762.03267 0.0 0.0 417.4473646589246 0.0 0.0 0.0
124.0 497225762.03267 497225763.65319 497225765.27371 0.0 0.0 417.4473646589246 0.0 0.0 0.0
125.0 497225765.27371 497225766.89423 497225768.51475 0.0 0.0 417.4473646589246 0.0 0.0 0.0
126.0 497225768.51475 497225770.13527 497225771.75579 0.0 0.0 417.4473646589246 0.0 0.0 0.0
127.0 497225771.75579 497225773.37631 497225774.99683 0.0 0.0 417.4473646589246 0.0 0.0 0.0
128.0 497225774.99683 497225776.61735 497225778.23787 0.0 0.0 417.4473646589246 0.0 0.0 0.0
129.0 497225778.23787004 497225779.85839003 497225781.47891 0.0 0.0 417.4473646589246 0.0 0.0 0.0
130.0 497225781.47891 497225783.09943 497225784.71995 0.0 0.0 417.4473646589246 0.0 0.0 0.0
131.0 497225784.71995 497225786.34047 497225787.96099 0.0 0.0 417.4473646589246 0.0 0.0 0.0
132.0 497225787.96099 497225789.58151 497225791.20203 0.0 0.0 417.4473646589246 0.0 0.0 0.0
133.0 497225791.20203 497225792.82255 497225794.44307 0.0 0.0 417.4473646589246 0.0 0.0 0.0
134.0 497225794.44307 497225796.06359 497225797.68411 0.0 0.0 417.4473646589246 0.0 0.0 0.0
135.0 497225797.68411 497225799.30463 497225800.92515 0.0 0.0 417.4473646589246 0.0 0.0 0.0
136.0 497225800.92515004 497225802.54567003 497225804.16619 0.0 0.0 417.4473646589246 0.0 0.0 0.0
137.0 497225804.16619 497225805.78671 497225807.40723 0.0 0.0 417.4473646589246 0.0 0.0 0.0
138.0 497225807.40723 497225809.02775 497225810.64827 0.0 0.0 417.4473646589246 0.0 0.0 0.0
139.0 497225810.64827 497225812.26879 497225813.88931 0.0 0.0 417.4473646589246 0.0 0.0 0.0
140.0 497225813.88931 497225815.50983 497225817.13035 0.0 0.0 417.4473646589246 0.0 0.0 0.0
141.0 497225817.13035 497225818.75087 497225820.37139 0.0 0.0 417.4473646589246 0.0 0.0 0.0
142.0 497225820.37139 497225821.99191 497225823.61243 0.0 0.0 417.4473646589246 0.0 0.0 0.0
143.0 497225823.61243004 497225825.23295003 497225826.85347 0.0 0.0 417.4473646589246 0.0 0.0 0.0
144.0 497225826.85347 497225828.47399 497225830.09451 0.0 0.0 417.4473646589246 0.0 0.0 0.0
145.0 497225830.09451 497225831.71503 497225833.33555 0.0 0.0 417.4473646589246 0.0 0.0 0.0
146.0 497225833.33555 497225834.95607 497225836.57659 0.0 0.0 417.4473646589246 0.0 0.0 0.0
147.0 497225836.57659 497225838.19711 497225839.81763 0.0 0.0 417.4473646589246 0.0 0.0 0.0
148.0 497225839.81763 497225841.43815 497225843.05867 0.0 0.0 417.4473646589246 0.0 0.0 0.0
149.0 497225843.05867 497225844.67919 497225846.29971 0.0 0.0 417.4473646589246 0.0 0.0 0.0
150.0 497225846.29971004 497225847.92023003 497225849.54075 0.0 0.0 417.4473646589246 0.0 0.0 0.0
151.0 497225849.54075 497225851.16127 497225852.78179 0.0 0.0 417.4473646589246 0.0 0.0 0.0
152.0 497225852.78179 497225854.40231 497225856.02283 0.0 0.0 417.4473646589246 0.0 0.0 0.0
153.0 497225856.02283 497225857.64335 497225859.26387 0.0 0.0 417.4473646589246 0.0 0.0 0.0
154.0 497225859.26387 497225860.88439 497225862.50491 0.0 0.0 417.4473646589246 0.0 0.0 0.0
155.0 497225862.50491 497225864.12543 497225865.74595 0.0 0.0 417.4473646589246 0.0 0.0 0.0
156.0 497225865.74595 497225867.36647 497225868.98699 0.0 0.0 417.4473646589246 0.0 0.0 0.0
157.0 497225868.98699003 497225870.60751003 497225872.22803 0.0 0.0 417.4473646589246 0.0 0.0 0.0
158.0 497225872.22803 497225873.84855 497225875.46907 0.0 0.0 417.4473646589246 0.0 0.0 0.0
159.0 497225875.46907 497225877.08959 497225878.71011 0.0 0.0 417.4473646589246 0.0 0.0 0.0
160.0 497225878.71011 497225880.33063 497225881.95115 0.0 0.0 417.4473646589246 0.0 0.0 0.0
161.0 497225881.95115 497225883.57167 497225885.19219 0.0 0.0 417.4473646589246 0.0 0.0 0.0
162.0 497225885.19219 497225886.81271 497225888.43323 0.0 0.0 417.4473646589246 0.0 0.0 0.0
163.0 497225888.43323 497225890.05375 497225891.67427 0.0 0.0 417.4473646589246 0.0 0.0 0.0
164.0 497225891.67427003 497225893.29479 497225894.91531 0.0 0.0 417.4473646589246 0.0 0.0 0.0
165.0 497225894.91531 497225896.53583 497225898.15635 0.0 0.0 417.4473646589246 0.0 0.0 0.0
166.0 497225898.15635 497225899.77687 497225901.39739 0.0 0.0 417.4473646589246 0.0 0.0 0.0
167.0 497225901.39739 497225903.01791 497225904.63843 0.0 0.0 417.4473646589246 0.0 0.0 0.0
168.0 497225904.63843 497225906.25895 497225907.87947 0.0 0.0 417.4473646589246 0.0 0.0 0.0
169.0 497225907.87947 497225909.49999 497225911.12051 0.0 0.0 417.4473646589246 0.0 0.0 0.0
170.0 497225911.12051 497225912.74103 497225914.36155 0.0 0.0 417.4473646589246 0.0 0.0 0.0
171.0 497225914.36155003 497225915.98207 497225917.60259 0.0 0.0 417.4473646589246 0.0 0.0 0.0
172.0 497225917.60259 497225919.22311 497225920.84363 0.0 0.0 417.4473646589246 0.0 0.0 0.0
173.0 497225920.84363 497225922.46415 497225924.08467 0.0 0.0 417.4473646589246 0.0 0.0 0.0
174.0 497225924.08467 497225925.70519 497225927.32571 0.0 0.0 417.4473646589246 0.0 0.0 0.0
175.0 497225927.32571 497225928.94623 497225930.56675 0.0 0.0 417.4473646589246 0.0 0.0 0.0
176.0 497225930.56675 497225932.18727 497225933.80779 0.0 0.0 417.4473646589246 0.0 0.0 0.0
177.0 497225933.80779 497225935.42831 497225937.04883 0.0 0.0 417.4473646589246 0.0 0.0 0.0
178.0 497225937.04883003 497225938.66935 497225940.28987 0.0 0.0 417.4473646589246 0.0 0.0 0.0
179.0 497225940.28987 497225941.91039 497225943.53091 0.0 0.0 417.4473646589246 0.0 0.0 0.0
180.0 497225943.53091 497225945.15143 497225946.77195 0.0 0.0 417.4473646589246 0.0 0.0 0.0
181.0 497225946.77195 497225948.39247 497225950.01299 0.0 0.0 417.4473646589246 0.0 0.0 0.0
182.0 497225950.01299 497225951.63351 497225953.25403 0.0 0.0 417.4473646589246 0.0 0.0 0.0
183.0 497225953.25403 497225954.87455 497225956.49507 0.0 0.0 417.4473646589246 0.0 0.0 0.0
184.0 497225956.49507 497225958.11559 497225959.73611 0.0 0.0 417.4473646589246 0.0 0.0 0.0
185.0 497225959.73611003 497225961.35663 497225962.97715 0.0 0.0 417.4473646589246 0.0 0.0 0.0
186.0 497225962.97715 497225964.59767 497225966.21819 0.0 0.0 417.4473646589246 0.0 0.0 0.0
187.0 497225966.21819 497225967.83871 497225969.45923 0.0 0.0 417.4473646589246 0.0 0.0 0.0
188.0 497225969.45923 497225971.07975 497225972.70027 0.0 0.0 417.4473646589246 0.0 0.0 0.0
189.0 497225972.70027 497225974.32079 497225975.94131 0.0 0.0 417.4473646589246 0.0 0.0 0.0
190.0 497225975.94131 497225977.56183 497225979.18235 0.0 0.0 417.4473646589246 0.0 0.0 0.0
191.0 497225979.18235 497225980.80287 497225982.42339 0.0 0.0 417.4473646589246 0.0 0.0 0.0
192.0 497225982.42339003 497225984.04391 497225985.66443 0.0 0.0 417.4473646589246 0.0 0.0 0.0
193.0 497225985.66443 497225987.28495 497225988.90547 0.0 0.0 417.4473646589246 0.0 0.0 0.0
194.0 497225988.90547 497225990.52599 497225992.14651 0.0 0.0 417.4473646589246 0.0 0.0 0.0
195.0 497225992.14651 497225993.76703 497225995.38755 0.0 0.0 417.4473646589246 0.0 0.0 0.0
196.0 497225995.38755 497225997.00807 497225998.62859 0.0 0.0 417.4473646589246 0.0 0.0 0.0
197.0 497225998.62859 497226000.24911 497226001.86963 0.0 0.0 417.4473646589246 0.0 0.0 0.0
198.0 497226001.86963 497226003.49015 497226005.11067 0.0 0.0 417.4473646589246 0.0 0.0 0.0
199.0 497226005.11067003 497226006.73119 497226008.35171 0.0 0.0 417.4473646589246 0.0 0.0 0.0
200.0 497226008.35171 497226009.97223 497226011.59275 0.0 0.0 417.4473646589246 0.0 0.0 0.0
201.0 497226011.59275 497226013.21327 497226014.83379 0.0 0.0 417.4473646589246 0.0 0.0 0.0
202.0 497226014.83379 497226016.45431 497226018.07483 0.0 0.0 417.4473646589246 0.0 0.0 0.0
203.0 497226018.07483 497226019.69535 497226021.31587 0.0 0.0 417.4473646589246 0.0 0.0 0.0
204.0 497226021.31587 497226022.93639 497226024.55691 0.0 0.0 417.4473646589246 0.0 0.0 0.0
205.0 497226024.55691004 497226026.17743003 497226027.79795 0.0 0.0 417.4473646589246 0.0 0.0 0.0
206.0 497226027.79795 497226029.41847 497226031.03899 0.0 0.0 417.4473646589246 0.0 0.0 0.0
207.0 497226031.03899 497226032.65951 497226034.28003 0.0 0.0 417.4473646589246 0.0 0.0 0.0
208.0 497226034.28003 497226035.90055 497226037.52107 0.0 0.0 417.4473646589246 0.0 0.0 0.0
209.0 497226037.52107 497226039.14159 497226040.76211 0.0 0.0 417.4473646589246 0.0 0.0 0.0
210.0 497226040.76211 497226042.38263 497226044.00315 0.0 0.0 417.4473646589246 0.0 0.0 0.0
211.0 497226044.00315 497226045.62367 497226047.24419 0.0 0.0 417.4473646589246 0.0 0.0 0.0
212.0 497226047.24419004 497226048.86471003 497226050.48523 0.0 0.0 417.4473646589246 0.0 0.0 0.0
213.0 497226050.48523 497226052.10575 497226053.72627 0.0 0.0 417.4473646589246 0.0 0.0 0.0
214.0 497226053.72627 497226055.34679 497226056.96731 0.0 0.0 417.4473646589246 0.0 0.0 0.0
215.0 497226056.96731 497226058.58783 497226060.20835 0.0 0.0 417.4473646589246 0.0 0.0 0.0
216.0 497226060.20835 497226061.82887 497226063.44939 0.0 0.0 417.4473646589246 0.0 0.0 0.0
217.0 497226063.44939 497226065.06991 497226066.69043 0.0 0.0 417.4473646589246 0.0 0.0 0.0
218.0 497226066.69043 497226068.31095 497226069.93147 0.0 0.0 417.4473646589246 0.0 0.0 0.0
219.0 497226069.93147004 497226071.55199003 497226073.17251 0.0 0.0 417.4473646589246 0.0 0.0 0.0
220.0 497226073.17251 497226074.79303 497226076.41355 0.0 0.0 417.4473646589246 0.0 0.0 0.0
221.0 497226076.41355 497226078.03407 497226079.65459 0.0 0.0 417.4473646589246 0.0 0.0 0.0
222.0 497226079.65459 497226081.27511 497226082.89563 0.0 0.0 417.4473646589246 0.0 0.0 0.0
223.0 497226082.89563 497226084.51615 497226086.13667 0.0 0.0 417.4473646589246 0.0 0.0 0.0
224.0 497226086.13667 497226087.75719 497226089.37771 0.0 0.0 417.4473646589246 0.0 0.0 0.0
225.0 497226089.37771 497226090.99823 497226092.61875 0.0 0.0 417.4473646589246 0.0 0.0 0.0
226.0 497226092.61875004 497226094.23927003 497226095.85979 0.0 0.0 417.4473646589246 0.0 0.0 0.0
227.0 497226095.85979 497226097.48031 497226099.10083 0.0 0.0 417.4473646589246 0.0 0.0 0.0
228.0 497226099.10083 497226100.72135 497226102.34187 0.0 0.0 417.4473646589246 0.0 0.0 0.0
229.0 497226102.34187 497226103.96239 497226105.58291 0.0 0.0 417.4473646589246 0.0 0.0 0.0
230.0 497226105.58291 497226107.20343 497226108.82395 0.0 0.0 417.4473646589246 0.0 0.0 0.0
231.0 497226108.82395 497226110.44447 497226112.06499 0.0 0.0 417.4473646589246 0.0 0.0 0.0
232.0 497226112.06499 497226113.68551 497226115.30603 0.0 0.0 417.4473646589246 0.0 0.0 0.0
233.0 497226115.30603004 497226116.92655003 497226118.54707 0.0 0.0 417.4473646589246 0.0 0.0 0.0
234.0 497226118.54707 497226120.16759 497226121.78811 0.0 0.0 417.4473646589246 0.0 0.0 0.0
235.0 497226121.78811 497226123.40863 497226125.02915 0.0 0.0 417.4473646589246 0.0 0.0 0.0
236.0 497226125.02915 497226126.64967 497226128.27019 0.0 0.0 417.4473646589246 0.0 0.0 0.0
237.0 497226128.27019 497226129.89071 497226131.51123 0.0 0.0 417.4473646589246 0.0 0.0 0.0
238.0 497226131.51123 497226133.13175 497226134.75227 0.0 0.0 417.4473646589246 0.0 0.0 0.0
239.0 497226134.75227 497226136.37279 497226137.99331 0.0 0.0 417.4473646589246 0.0 0.0 0.0
240.0 497226137.99331003 497226139.61383003 497226141.23435 0.0 0.0 417.4473646589246 0.0 0.0 0.0
241.0 497226141.23435 497226142.85487 497226144.47539 0.0 0.0 417.4473646589246 0.0 0.0 0.0
242.0 497226144.47539 497226146.09591 497226147.71643 0.0 0.0 417.4473646589246 0.0 0.0 0.0
243.0 497226147.71643 497226149.33695 497226150.95747 0.0 0.0 417.4473646589246 0.0 0.0 0.0
244.0 497226150.95747 497226152.57799 497226154.19851 0.0 0.0 417.4473646589246 0.0 0.0 0.0
245.0 497226154.19851 497226155.81903 497226157.43955 0.0 0.0 417.4473646589246 0.0 0.0 0.0
246.0 497226157.43955 497226159.06007 497226160.68059 0.0 0.0 417.4473646589246 0.0 0.0 0.0
247.0 497226160.68059003 497226162.30111 497226163.92163 0.0 0.0 417.4473646589246 0.0 0.0 0.0
248.0 497226163.92163 497226165.54215 497226167.16267 0.0 0.0 417.4473646589246 0.0 0.0 0.0
249.0 497226167.16267 497226168.78319 497226170.40371 0.0 0.0 417.4473646589246 0.0 0.0 0.0
250.0 497226170.40371 497226172.02423 497226173.64475 0.0 0.0 417.4473646589246 0.0 0.0 0.0
251.0 497226173.64475 497226175.26527 497226176.88579 0.0 0.0 417.4473646589246 0.0 0.0 0.0
252.0 497226176.88579 497226178.50631 497226180.12683 0.0 0.0 417.4473646589246 0.0 0.0 0.0
253.0 497226180.12683 497226181.74735 497226183.36787 0.0 0.0 417.4473646589246 0.0 0.0 0.0
254.0 497226183.36787003 497226184.98839 497226186.60891 0.0 0.0 417.4473646589246 0.0 0.0 0.0
255.0 497226186.60891 497226188.22943 497226189.84995 0.0 0.0 417.4473646589246 0.0 0.0 0.0
256.0 497226189.84995 497226191.47047 497226193.09099 0.0 0.0 417.4473646589246 0.0 0.0 0.0
257.0 497226193.09099 497226194.71151 497226196.33203 0.0 0.0 417.4473646589246 0.0 0.0 0.0
258.0 497226196.33203 497226197.95255 497226199.57307 0.0 0.0 417.4473646589246 0.0 0.0 0.0
259.0 497226199.57307 497226201.19359 497226202.81411 0.0 0.0 417.4473646589246 0.0 0.0 0.0
260.0 497226202.81411 497226204.43463 497226206.05515 0.0 0.0 417.4473646589246 0.0 0.0 0.0
261.0 497226206.05515003 497226207.67567 497226209.29619 0.0 0.0 417.4473646589246 0.0 0.0 0.0
262.0 497226209.29619 497226210.91671 497226212.53723 0.0 0.0 417.4473646589246 0.0 0.0 0.0
263.0 497226212.53723 497226214.15775 497226215.77827 0.0 0.0 417.4473646589246 0.0 0.0 0.0
264.0 497226215.77827 497226217.39879 497226219.01931 0.0 0.0 417.4473646589246 0.0 0.0 0.0
265.0 497226219.01931 497226220.63983 497226222.26035 0.0 0.0 417.4473646589246 0.0 0.0 0.0
266.0 497226222.26035 497226223.88087 497226225.50139 0.0 0.0 417.4473646589246 0.0 0.0 0.0
267.0 497226225.50139 497226227.12191 497226228.74243 0.0 0.0 417.4473646589246 0.0 0.0 0.0
268.0 497226228.74243003 497226230.36295 497226231.98347 0.0 0.0 417.4473646589246 0.0 0.0 0.0
269.0 497226231.98347 497226233.60399 497226235.22451 0.0 0.0 417.4473646589246 0.0 0.0 0.0
270.0 497226235.22451 497226236.84503 497226238.46555 0.0 0.0 417.4473646589246 0.0 0.0 0.0
271.0 497226238.46555 497226240.08607 497226241.70659 0.0 0.0 417.4473646589246 0.0 0.0 0.0
272.0 497226241.70659 497226243.32711 497226244.94763 0.0 0.0 417.4473646589246 0.0 0.0 0.0
273.0 497226244.94763 497226246.56815 497226248.18867 0.0 0.0 417.4473646589246 0.0 0.0 0.0
274.0 497226248.18867 497226249.80919 497226251.42971 0.0 0.0 417.4473646589246 0.0 0.0 0.0
275.0 497226251.42971003 497226253.05023 497226254.67075 0.0 0.0 417.4473646589246 0.0 0.0 0.0
276.0 497226254.67075 497226256.29127 497226257.91179 0.0 0.0 417.4473646589246 0.0 0.0 0.0
277.0 497226257.91179 497226259.53231 497226261.15283 0.0 0.0 417.4473646589246 0.0 0.0 0.0
278.0 497226261.15283 497226262.77335 497226264.39387 0.0 0.0 417.4473646589246 0.0 0.0 0.0
279.0 497226264.39387 497226266.01439 497226267.63491 0.0 0.0 417.4473646589246 0.0 0.0 0.0
280.0 497226267.63491 497226269.25543 497226270.87595 0.0 0.0 417.4473646589246 0.0 0.0 0.0
281.0 497226270.87595 497226272.49647 497226274.11699 0.0 0.0 417.4473646589246 0.0 0.0 0.0
282.0 497226274.11699003 497226275.73751 497226277.35803 0.0 0.0 417.4473646589246 0.0 0.0 0.0
283.0 497226277.35803 497226278.97855 497226280.59907 0.0 0.0 417.4473646589246 0.0 0.0 0.0
284.0 497226280.59907 497226282.21959 497226283.84011 0.0 0.0 417.4473646589246 0.0 0.0 0.0
285.0 497226283.84011 497226285.46063 497226287.08115 0.0 0.0 417.4473646589246 0.0 0.0 0.0
286.0 497226287.08115 497226288.70167 497226290.32219 0.0 0.0 417.4473646589246 0.0 0.0 0.0
287.0 497226290.32219 497226291.94271 497226293.56323 0.0 0.0 417.4473646589246 0.0 0.0 0.0
288.0 497226293.56323004 497226295.18375003 497226296.80427 0.0 0.0 417.4473646589246 0.0 0.0 0.0
289.0 497226296.80427 497226298.42479 497226300.04531 0.0 0.0 417.4473646589246 0.0 0.0 0.0
290.0 497226300.04531 497226301.66583 497226303.28635 0.0 0.0 417.4473646589246 0.0 0.0 0.0
291.0 497226303.28635 497226304.90687 497226306.52739 0.0 0.0 417.4473646589246 0.0 0.0 0.0
292.0 497226306.52739 497226308.14791 497226309.76843 0.0 0.0 417.4473646589246 0.0 0.0 0.0
293.0 497226309.76843 497226311.38895 497226313.00947 0.0 0.0 417.4473646589246 0.0 0.0 0.0
294.0 497226313.00947 497226314.62999 497226316.25051 0.0 0.0 417.4473646589246 0.0 0.0 0.0
295.0 497226316.25051004 497226317.87103003 497226319.49155 0.0 0.0 417.4473646589246 0.0 0.0 0.0
296.0 497226319.49155 497226321.11207 497226322.73259 0.0 0.0 417.4473646589246 0.0 0.0 0.0
297.0 497226322.73259 497226324.35311 497226325.97363 0.0 0.0 417.4473646589246 0.0 0.0 0.0
298.0 497226325.97363 497226327.59415 497226329.21467 0.0 0.0 417.4473646589246 0.0 0.0 0.0
299.0 497226329.21467 497226330.83519 497226332.45571 0.0 0.0 417.4473646589246 0.0 0.0 0.0
300.0 497226332.45571 497226334.07623 497226335.69675 0.0 0.0 417.4473646589246 0.0 0.0 0.0
301.0 497226335.69675 497226337.31727 497226338.93779 0.0 0.0 417.4473646589246 0.0 0.0 0.0
302.0 497226338.93779004 497226340.55831003 497226342.17883 0.0 0.0 417.4473646589246 0.0 0.0 0.0
303.0 497226342.17883 497226343.79935 497226345.41987 0.0 0.0 417.4473646589246 0.0 0.0 0.0
304.0 497226345.41987 497226347.04039 497226348.66091 0.0 0.0 417.4473646589246 0.0 0.0 0.0
305.0 497226348.66091 497226350.28143 497226351.90195 0.0 0.0 417.4473646589246 0.0 0.0 0.0
306.0 497226351.90195 497226353.52247 497226355.14299 0.0 0.0 417.4473646589246 0.0 0.0 0.0
307.0 497226355.14299 497226356.76351 497226358.38403 0.0 0.0 417.4473646589246 0.0 0.0 0.0
308.0 497226358.38403 497226360.00455 497226361.62507 0.0 0.0 417.4473646589246 0.0 0.0 0.0
309.0 497226361.62507004 497226363.24559003 497226364.86611 0.0 0.0 417.4473646589246 0.0 0.0 0.0
310.0 497226364.86611 497226366.48663 497226368.10715 0.0 0.0 417.4473646589246 0.0 0.0 0.0
311.0 497226368.10715 497226369.72767 497226371.34819 0.0 0.0 417.4473646589246 0.0 0.0 0.0
312.0 497226371.34819 497226372.96871 497226374.58923 0.0 0.0 417.4473646589246 0.0 0.0 0.0
313.0 497226374.58923 497226376.20975 497226377.83027 0.0 0.0 417.4473646589246 0.0 0.0 0.0
314.0 497226377.83027 497226379.45079 497226381.07131 0.0 0.0 417.4473646589246 0.0 0.0 0.0
315.0 497226381.07131 497226382.69183 497226384.31235 0.0 0.0 417.4473646589246 0.0 0.0 0.0
316.0 497226384.31235003 497226385.93287003 497226387.55339 0.0 0.0 417.4473646589246 0.0 0.0 0.0
317.0 497226387.55339 497226389.17391 497226390.79443 0.0 0.0 417.4473646589246 0.0 0.0 0.0
318.0 497226390.79443 497226392.41495 497226394.03547 0.0 0.0 417.4473646589246 0.0 0.0 0.0
319.0 497226394.03547 497226395.65599 497226397.27651 0.0 0.0 417.4473646589246 0.0 0.0 0.0
320.0 497226397.27651 497226398.89703 497226400.51755 0.0 0.0 417.4473646589246 0.0 0.0 0.0
321.0 497226400.51755 497226402.13807 497226403.75859 0.0 0.0 417.4473646589246 0.0 0.0 0.0
322.0 497226403.75859 497226405.37911 497226406.99963 0.0 0.0 417.4473646589246 0.0 0.0 0.0
323.0 497226406.99963003 497226408.62015 497226410.24067 0.0 0.0 417.4473646589246 0.0 0.0 0.0
324.0 497226410.24067 497226411.86119 497226413.48171 0.0 0.0 417.4473646589246 0.0 0.0 0.0
325.0 497226413.48171 497226415.10223 497226416.72275 0.0 0.0 417.4473646589246 0.0 0.0 0.0
326.0 497226416.72275 497226418.34327 497226419.96379 0.0 0.0 417.4473646589246 0.0 0.0 0.0
327.0 497226419.96379 497226421.58431 497226423.20483 0.0 0.0 417.4473646589246 0.0 0.0 0.0
328.0 497226423.20483 497226424.82535 497226426.44587 0.0 0.0 417.4473646589246 0.0 0.0 0.0
329.0 497226426.44587 497226428.06639 497226429.68691 0.0 0.0 417.4473646589246 0.0 0.0 0.0
330.0 497226429.68691003 497226431.30743 497226432.92795 0.0 0.0 417.4473646589246 0.0 0.0 0.0
331.0 497226432.92795 497226434.54847 497226436.16899 0.0 0.0 417.4473646589246 0.0 0.0 0.0
332.0 497226436.16899 497226437.78951 497226439.41003 0.0 0.0 417.4473646589246 0.0 0.0 0.0
333.0 497226439.41003 497226441.03055 497226442.65107 0.0 0.0 417.4473646589246 0.0 0.0 0.0
334.0 497226442.65107 497226444.27159 497226445.89211 0.0 0.0 417.4473646589246 0.0 0.0 0.0
335.0 497226445.89211 497226447.51263 497226449.13315 0.0 0.0 417.4473646589246 0.0 0.0 0.0
336.0 497226449.13315 497226450.75367 497226452.37419 0.0 0.0 417.4473646589246 0.0 0.0 0.0
337.0 497226452.37419003 497226453.99471 497226455.61523 0.0 0.0 417.4473646589246 0.0 0.0 0.0
338.0 497226455.61523 497226457.23575 497226458.85627 0.0 0.0 417.4473646589246 0.0 0.0 0.0
339.0 497226458.85627 497226460.47679 497226462.09731 0.0 0.0 417.4473646589246 0.0 0.0 0.0
340.0 497226462.09731 497226463.71783 497226465.33835 0.0 0.0 417.4473646589246 0.0 0.0 0.0
341.0 497226465.33835 497226466.95887 497226468.57939 0.0 0.0 417.4473646589246 0.0 0.0 0.0
342.0 497226468.57939 497226470.19991 497226471.82043 0.0 0.0 417.4473646589246 0.0 0.0 0.0
343.0 497226471.82043 497226473.44095 497226475.06147 0.0 0.0 417.4473646589246 0.0 0.0 0.0
344.0 497226475.06147003 497226476.68199 497226478.30251 0.0 0.0 417.4473646589246 0.0 0.0 0.0
345.0 497226478.30251 497226479.92303 497226481.54355 0.0 0.0 417.4473646589246 0.0 0.0 0.0
346.0 497226481.54355 497226483.16407 497226484.78459 0.0 0.0 417.4473646589246 0.0 0.0 0.0
347.0 497226484.78459 497226486.40511 497226488.02563 0.0 0.0 417.4473646589246 0.0 0.0 0.0
348.0 497226488.02563 497226489.64615 497226491.26667 0.0 0.0 417.4473646589246 0.0 0.0 0.0
349.0 497226491.26667 497226492.88719 497226494.50771 0.0 0.0 417.4473646589246 0.0 0.0 0.0
350.0 497226494.50771 497226496.12823 497226497.74875 0.0 0.0 417.4473646589246 0.0 0.0 0.0
351.0 497226497.74875003 497226499.36927 497226500.98979 0.0 0.0 417.4473646589246 0.0 0.0 0.0
352.0 497226500.98979 497226502.61031 497226504.23083 0.0 0.0 417.4473646589246 0.0 0.0 0.0
353.0 497226504.23083 497226505.85135 497226507.47187 0.0 0.0 417.4473646589246 0.0 0.0 0.0
354.0 497226507.47187 497226509.09239 497226510.71291 0.0 0.0 417.4473646589246 0.0 0.0 0.0
355.0 497226510.71291 497226512.33343 497226513.95395 0.0 0.0 417.4473646589246 0.0 0.0 0.0
356.0 497226513.95395 497226515.57447 497226517.19499 0.0 0.0 417.4473646589246 0.0 0.0 0.0
357.0 497226517.19499 497226518.81551 497226520.43603 0.0 0.0 417.4473646589246 0.0 0.0 0.0
358.0 497226520.43603003 497226522.05655 497226523.67707 0.0 0.0 417.4473646589246 0.0 0.0 0.0
359.0 497226523.67707 497226525.29759 497226526.91811 0.0 0.0 417.4473646589246 0.0 0.0 0.0
360.0 497226526.91811 497226528.53863 497226530.15915 0.0 0.0 417.4473646589246 0.0 0.0 0.0
361.0 497226530.15915 497226531.77967 497226533.40019 0.0 0.0 417.4473646589246 0.0 0.0 0.0
362.0 497226533.40019 497226535.02071 497226536.64123 0.0 0.0 417.4473646589246 0.0 0.0 0.0
363.0 497226536.64123 497226538.26175 497226539.88227 0.0 0.0 417.4473646589246 0.0 0.0 0.0
364.0 497226539.88227004 497226541.50279003 497226543.12331 0.0 0.0 417.4473646589246 0.0 0.0 0.0
365.0 497226543.12331 497226544.74383 497226546.36435 0.0 0.0 417.4473646589246 0.0 0.0 0.0
366.0 497226546.36435 497226547.98487 497226549.60539 0.0 0.0 417.4473646589246 0.0 0.0 0.0
367.0 497226549.60539 497226551.22591 497226552.84643 0.0 0.0 417.4473646589246 0.0 0.0 0.0
368.0 497226552.84643 497226554.46695 497226556.08747 0.0 0.0 417.4473646589246 0.0 0.0 0.0
369.0 497226556.08747 497226557.70799 497226559.32851 0.0 0.0 417.4473646589246 0.0 0.0 0.0
370.0 497226559.32851 497226560.94903 497226562.56955 0.0 0.0 417.4473646589246 0.0 0.0 0.0
371.0 497226562.56955004 497226564.19007003 497226565.81059 0.0 0.0 417.4473646589246 0.0 0.0 0.0
372.0 497226565.81059 497226567.43111 497226569.05163 0.0 0.0 417.4473646589246 0.0 0.0 0.0
373.0 497226569.05163 497226570.67215 497226572.29267 0.0 0.0 417.4473646589246 0.0 0.0 0.0
374.0 497226572.29267 497226573.91319 497226575.53371 0.0 0.0 417.4473646589246 0.0 0.0 0.0
375.0 497226575.53371 497226577.15423 497226578.77475 0.0 0.0 417.4473646589246 0.0 0.0 0.0
376.0 497226578.77475 497226580.39527 497226582.01579 0.0 0.0 417.4473646589246 0.0 0.0 0.0
377.0 497226582.01579 497226583.63631 497226585.25683 0.0 0.0 417.4473646589246 0.0 0.0 0.0
378.0 497226585.25683004 497226586.87735003 497226588.49787 0.0 0.0 417.4473646589246 0.0 0.0 0.0
379.0 497226588.49787 497226590.11839 497226591.73891 0.0 0.0 417.4473646589246 0.0 0.0 0.0
380.0 497226591.73891 497226593.35943 497226594.97995 0.0 0.0 417.4473646589246 0.0 0.0 0.0
381.0 497226594.97995 497226596.60047 497226598.22099 0.0 0.0 417.4473646589246 0.0 0.0 0.0
382.0 497226598.22099 497226599.84151 497226601.46203 0.0 0.0 417.4473646589246 0.0 0.0 0.0
383.0 497226601.46203 497226603.08255 497226604.70307 0.0 0.0 417.4473646589246 0.0 0.0 0.0
384.0 497226604.70307 497226606.32359 497226607.94411 0.0 0.0 417.4473646589246 0.0 0.0 0.0
385.0 497226607.94411004 497226609.56463003 497226611.18515 0.0 0.0 417.4473646589246 0.0 0.0 0.0
386.0 497226611.18515 497226612.80567 497226614.42619 0.0 0.0 417.4473646589246 0.0 0.0 0.0
387.0 497226614.42619 497226616.04671 497226617.66723 0.0 0.0 417.4473646589246 0.0 0.0 0.0
388.0 497226617.66723 497226619.28775 497226620.90827 0.0 0.0 417.4473646589246 0.0 0.0 0.0
389.0 497226620.90827 497226622.52879 497226624.14931 0.0 0.0 417.4473646589246 0.0 0.0 0.0
390.0 497226624.14931 497226625.76983 497226627.39035 0.0 0.0 417.4473646589246 0.0 0.0 0.0
391.0 497226627.39035 497226629.01087 497226630.63139 0.0 0.0 417.4473646589246 0.0 0.0 0.0
392.0 497226630.63139004 497226632.25191003 497226633.87243 0.0 0.0 417.4473646589246 0.0 0.0 0.0
393.0 497226633.87243 497226635.49295 497226637.11347 0.0 0.0 417.4473646589246 0.0 0.0 0.0
394.0 497226637.11347 497226638.73399 497226640.35451 0.0 0.0 417.4473646589246 0.0 0.0 0.0
395.0 497226640.35451 497226641.97503 497226643.59555 0.0 0.0 417.4473646589246 0.0 0.0 0.0
396.0 497226643.59555 497226645.21607 497226646.83659 0.0 0.0 417.4473646589246 0.0 0.0 0.0
397.0 497226646.83659 497226648.45711 497226650.07763 0.0 0.0 417.4473646589246 0.0 0.0 0.0
398.0 497226650.07763 497226651.69815 497226653.31867 0.0 0.0 417.4473646589246 0.0 0.0 0.0
399.0 497226653.31867003 497226654.93919003 497226656.55971 0.0 0.0 417.4473646589246 0.0 0.0 0.0
400.0 497226656.55971 497226658.18023 497226659.80075 0.0 0.0 417.4473646589246 0.0 0.0 0.0
401.0 497226659.80075 497226661.42127 497226663.04179 0.0 0.0 417.4473646589246 0.0 0.0 0.0
402.0 497226663.04179 497226664.66231 497226666.28283 0.0 0.0 417.4473646589246 0.0 0.0 0.0
403.0 497226666.28283 497226667.90335 497226669.52387 0.0 0.0 417.4473646589246 0.0 0.0 0.0
404.0 497226669.52387 497226671.14439 497226672.76491 0.0 0.0 417.4473646589246 0.0 0.0 0.0
405.0 497226672.76491 497226674.38543 497226676.00595 0.0 0.0 417.4473646589246 0.0 0.0 0.0
406.0 497226676.00595003 497226677.62647 497226679.24699 0.0 0.0 417.4473646589246 1.355000590763745 0.0 0.0
407.0 497226679.24699 497226680.86751 497226682.48803 0.0 0.0 417.4473646589246 3.1986934178724904 0.0 0.0
408.0 497226682.48803 497226684.10855 497226685.72907 2.0 1.4142135623730951 417.4473646589246 3.1986934178724904 0.6252552960609262 0.4421222598174834
409.0 497226685.72907 497226687.34959 497226688.97011 1.0 1.0 417.4473646589246 3.1986934178724904 0.3126276480304631 0.3126276480304631
410.0 497226688.97011 497226690.59063 497226692.21115 1.0 1.0 417.4473646589246 3.1986934178724904 0.3126276480304631 0.3126276480304631
411.0 497226692.21115 497226693.83167 497226695.45219 0.0 0.0 417.4473646589246 3.1986934178724904 0.0 0.0
412.0 497226695.45219 497226697.07271 497226698.69323 0.0 0.0 417.4473646589246 3.1986934178724904 0.0 0.0
413.0 497226698.69323003 497226700.31375 497226701.93427 1.0 1.0 417.4473646589246 3.1986934178724904 0.3126276480304631 0.3126276480304631
414.0 497226701.93427 497226703.55479 497226705.17531 1.0 1.0 417.4473646589246 3.1986934178724904 0.3126276480304631 0.3126276480304631
415.0 497226705.17531 497226706.79583 497226708.41635 1.0 1.0 417.4473646589246 3.1986934178724904 0.3126276480304631 0.3126276480304631
416.0 497226708.41635 497226710.03687 497226711.65739 1.0 1.0 417.4473646589246 3.1986934178724904 0.3126276480304631 0.3126276480304631
417.0 497226711.65739 497226713.27791 497226714.89843 1.0 1.0 417.4473646589246 3.1986934178724904 0.3126276480304631 0.3126276480304631
418.0 497226714.89843 497226716.51895 497226718.13947 1.0 1.0 417.4473646589246 3.1986934178724904 0.3126276480304631 0.3126276480304631
419.0 497226718.13947 497226719.75999 497226721.38051 1.0 1.0 417.4473646589246 3.1986934178724904 0.3126276480304631 0.3126276480304631
420.0 497226721.38051003 497226723.00103 497226724.62155 0.0 0.0 417.4473646589246 3.1986934178724904 0.0 0.0
421.0 497226724.62155 497226726.24207 497226727.86259 0.0 0.0 417.4473646589246 3.1986934178724904 0.0 0.0
422.0 497226727.86259 497226729.48311 497226731.10363 1.0 1.0 417.4473646589246 3.1986934178724904 0.3126276480304631 0.3126276480304631
423.0 497226731.10363 497226732.72415 497226734.34467 1.0 1.0 417.4473646589246 3.1986934178724904 0.3126276480304631 0.3126276480304631
424.0 497226734.34467 497226735.96519 497226737.58571 0.0 0.0 417.4473646589246 3.1986934178724904 0.0 0.0
425.0 497226737.58571 497226739.20623 497226740.82675 0.0 0.0 417.4473646589246 3.1986934178724904 0.0 0.0
426.0 497226740.82675 497226742.44727 497226744.06779 0.0 0.0 417.4473646589246 3.1986934178724904 0.0 0.0
427.0 497226744.06779003 497226745.68831 497226747.30883 1.0 1.0 417.4473646589246 3.1986934178724904 0.3126276480304631 0.3126276480304631
428.0 497226747.30883 497226748.92935 497226750.54987 2.0 1.4142135623730951 417.4473646589246 3.1986934178724904 0.6252552960609262 0.4421222598174834
429.0 497226750.54987 497226752.17039 497226753.79091 0.0 0.0 417.4473646589246 3.1986934178724904 0.0 0.0
430.0 497226753.79091 497226755.41143 497226757.03195 1.0 1.0 417.4473646589246 3.1986934178724904 0.3126276480304631 0.3126276480304631
431.0 497226757.03195 497226758.65247 497226760.27299 0.0 0.0 417.4473646589246 3.1986934178724904 0.0 0.0
432.0 497226760.27299 497226761.89351 497226763.51403 0.0 0.0 417.4473646589246 3.1986934178724904 0.0 0.0
433.0 497226763.51403 497226765.13455 497226766.75507 1.0 1.0 417.4473646589246 3.1986934178724904 0.3126276480304631 0.3126276480304631
434.0 497226766.75507003 497226768.37559 497226769.99611 0.0 0.0 417.4473646589246 3.1986934178724904 0.0 0.0
435.0 497226769.99611 497226771.61663 497226773.23715 1.0 1.0 417.4473646589246 3.1986934178724904 0.3126276480304631 0.3126276480304631
436.0 497226773.23715 497226774.85767 497226776.47819 1.0 1.0 417.4473646589246 3.1986934178724904 0.3126276480304631 0.3126276480304631
437.0 497226776.47819 497226778.09871 497226779.71923 0.0 0.0 417.4473646589246 3.1986934178724904 0.0 0.0
438.0 497226779.71923 497226781.33975 497226782.96027 0.0 0.0 417.4473646589246 3.1986934178724904 0.0 0.0
439.0 497226782.96027 497226784.58079 497226786.20131 0.0 0.0 417.4473646589246 3.1986934178724904 0.0 0.0
440.0 497226786.20131 497226787.82183 497226789.44235 0.0 0.0 417.4473646589246 3.1986934178724904 0.0 0.0
441.0 497226789.44235003 497226791.06287 497226792.68339 0.0 0.0 417.4473646589246 3.1986934178724904 0.0 0.0
442.0 497226792.68339 497226794.30391 497226795.92443 1.0 1.0 417.4473646589246 3.1986934178724904 0.3126276480304631 0.3126276480304631
443.0 497226795.92443 497226797.54495 497226799.16547 0.0 0.0 417.4473646589246 3.1986934178724904 0.0 0.0
444.0 497226799.16547 497226800.78599 497226802.40651 0.0 0.0 417.4473646589246 3.1986934178724904 0.0 0.0
445.0 497226802.40651 497226804.02703 497226805.64755 1.0 1.0 417.4473646589246 3.1986934178724904 0.3126276480304631 0.3126276480304631
446.0 497226805.64755 497226807.26807 497226808.88859 0.0 0.0 417.4473646589246 3.1986934178724904 0.0 0.0
447.0 497226808.88859004 497226810.50911003 497226812.12963 0.0 0.0 417.4473646589246 3.1986934178724904 0.0 0.0
448.0 497226812.12963 497226813.75015 497226815.37067 0.0 0.0 417.4473646589246 3.1986934178724904 0.0 0.0
449.0 497226815.37067 497226816.99119 497226818.61171 0.0 0.0 417.4473646589246 3.1986934178724904 0.0 0.0
450.0 497226818.61171 497226820.23223 497226821.85275 0.0 0.0 417.4473646589246 3.1986934178724904 0.0 0.0
451.0 497226821.85275 497226823.47327 497226825.09379 1.0 1.0 417.4473646589246 3.1986934178724904 0.3126276480304631 0.3126276480304631
452.0 497226825.09379 497226826.71431 497226828.33483 1.0 1.0 417.4473646589246 3.1986934178724904 0.3126276480304631 0.3126276480304631
453.0 497226828.33483 497226829.95535 497226831.57587 0.0 0.0 417.4473646589246 3.1986934178724904 0.0 0.0
454.0 497226831.57587004 497226833.19639003 497226834.81691 1.0 1.0 417.4473646589246 3.1986934178724904 0.3126276480304631 0.3126276480304631
455.0 497226834.81691 497226836.43743 497226838.05795 0.0 0.0 417.4473646589246 3.1986934178724904 0.0 0.0
456.0 497226838.05795 497226839.67847 497226841.29899 0.0 0.0 417.4473646589246 3.1986934178724904 0.0 0.0
457.0 497226841.29899 497226842.91951 497226844.54003 0.0 0.0 417.4473646589246 3.1986934178724904 0.0 0.0
458.0 497226844.54003 497226846.16055 497226847.78107 1.0 1.0 417.4473646589246 3.1986934178724904 0.3126276480304631 0.3126276480304631
459.0 497226847.78107 497226849.40159 497226851.02211 0.0 0.0 417.4473646589246 3.1986934178724904 0.0 0.0
460.0 497226851.02211 497226852.64263 497226854.26315 1.0 1.0 417.4473646589246 3.1986934178724904 0.3126276480304631 0.3126276480304631
461.0 497226854.26315004 497226855.88367003 497226857.50419 0.0 0.0 417.4473646589246 3.1986934178724904 0.0 0.0
462.0 497226857.50419 497226859.12471 497226860.74523 0.0 0.0 417.4473646589246 3.1986934178724904 0.0 0.0
463.0 497226860.74523 497226862.36575 497226863.98627 0.0 0.0 417.4473646589246 3.1986934178724904 0.0 0.0
464.0 497226863.98627 497226865.60679 497226867.22731 0.0 0.0 417.4473646589246 3.1986934178724904 0.0 0.0
465.0 497226867.22731 497226868.84783 497226870.46835 0.0 0.0 417.4473646589246 3.1986934178724904 0.0 0.0
466.0 497226870.46835 497226872.08887 497226873.70939 0.0 0.0 417.4473646589246 3.1986934178724904 0.0 0.0
467.0 497226873.70939 497226875.32991 497226876.95043 0.0 0.0 417.4473646589246 3.1986934178724904 0.0 0.0
468.0 497226876.95043004 497226878.57095003 497226880.19147 0.0 0.0 417.4473646589246 3.1986934178724904 0.0 0.0
469.0 497226880.19147 497226881.81199 497226883.43251 1.0 1.0 417.4473646589246 3.1986934178724904 0.3126276480304631 0.3126276480304631
470.0 497226883.43251 497226885.05303 497226886.67355 1.0 1.0 417.4473646589246 3.1986934178724904 0.3126276480304631 0.3126276480304631
471.0 497226886.67355 497226888.29407 497226889.91459 2.0 1.4142135623730951 417.4473646589246 3.1986934178724904 0.6252552960609262 0.4421222598174834
472.0 497226889.91459 497226891.53511 497226893.15563 0.0 0.0 417.4473646589246 3.1986934178724904 0.0 0.0
473.0 497226893.15563 497226894.77615 497226896.39667 1.0 1.0 417.4473646589246 3.1986934178724904 0.3126276480304631 0.3126276480304631
474.0 497226896.39667 497226898.01719 497226899.63771 2.0 1.4142135623730951 417.4473646589246 3.1986934178724904 0.6252552960609262 0.4421222598174834
475.0 497226899.63771003 497226901.25823003 497226902.87875 1.0 1.0 417.4473646589246 3.1986934178724904 0.3126276480304631 0.3126276480304631
476.0 497226902.87875 497226904.49927 497226906.11979 1.0 1.0 417.4473646589246 3.1986934178724904 0.3126276480304631 0.3126276480304631
477.0 497226906.11979 497226907.74031 497226909.36083 0.0 0.0 417.4473646589246 3.1986934178724904 0.0 0.0
478.0 497226909.36083 497226910.98135 497226912.60187 1.0 1.0 417.4473646589246 3.1986934178724904 0.3126276480304631 0.3126276480304631
479.0 497226912.60187 497226914.22239 497226915.84291 0.0 0.0 417.4473646589246 3.1986934178724904 0.0 0.0
480.0 497226915.84291 497226917.46343 497226919.08395 0.0 0.0 417.4473646589246 3.1986934178724904 0.0 0.0
481.0 497226919.08395 497226920.70447 497226922.32499 0.0 0.0 417.4473646589246 3.1986934178724904 0.0 0.0
482.0 497226922.32499003 497226923.94551 497226925.56603 0.0 0.0 417.4473646589246 3.1986934178724904 0.0 0.0
483.0 497226925.56603 497226927.18655 497226928.80707 0.0 0.0 417.4473646589246 3.1986934178724904 0.0 0.0
484.0 497226928.80707 497226930.42759 497226932.04811 2.0 1.4142135623730951 417.4473646589246 3.1986934178724904 0.6252552960609262 0.4421222598174834
485.0 497226932.04811 497226933.66863 497226935.28915 1.0 1.0 417.4473646589246 3.1986934178724904 0.3126276480304631 0.3126276480304631
486.0 497226935.28915 497226936.90967 497226938.53019 0.0 0.0 417.4473646589246 3.1986934178724904 0.0 0.0
487.0 497226938.53019 497226940.15071 497226941.77123 0.0 0.0 417.4473646589246 3.1986934178724904 0.0 0.0
488.0 497226941.77123 497226943.39175 497226945.01227 1.0 1.0 417.4473646589246 3.1986934178724904 0.3126276480304631 0.3126276480304631
489.0 497226945.01227003 497226946.63279 497226948.25331 1.0 1.0 417.4473646589246 3.1986934178724904 0.3126276480304631 0.3126276480304631
490.0 497226948.25331 497226949.87383 497226951.49435 1.0 1.0 417.4473646589246 3.1986934178724904 0.3126276480304631 0.3126276480304631
491.0 497226951.49435 497226953.11487 497226954.73539 0.0 0.0 417.4473646589246 3.1986934178724904 0.0 0.0
492.0 497226954.73539 497226956.35591 497226957.97643 1.0 1.0 417.4473646589246 3.1986934178724904 0.3126276480304631 0.3126276480304631
493.0 497226957.97643 497226959.59695 497226961.21747 1.0 1.0 417.4473646589246 3.1986934178724904 0.3126276480304631 0.3126276480304631
494.0 497226961.21747 497226962.83799 497226964.45851 1.0 1.0 417.4473646589246 3.1986934178724904 0.3126276480304631 0.3126276480304631
495.0 497226964.45851 497226966.07903 497226967.69955 1.0 1.0 417.4473646589246 3.1986934178724904 0.3126276480304631 0.3126276480304631
496.0 497226967.69955003 497226969.32007 497226970.94059 0.0 0.0 417.4473646589246 3.1986934178724904 0.0 0.0
497.0 497226970.94059 497226972.56111 497226974.18163 0.0 0.0 417.4473646589246 3.1986934178724904 0.0 0.0
498.0 497226974.18163 497226975.80215 497226977.42267 0.0 0.0 417.4473646589246 3.1986934178724904 0.0 0.0
499.0 497226977.42267 497226979.04319 497226980.66371 0.0 0.0 417.4473646589246 3.1986934178724904 0.0 0.0
500.0 497226980.66371 497226982.28423 497226983.90475 0.0 0.0 417.4473646589246 3.1986934178724904 0.0 0.0
501.0 497226983.90475 497226985.52527 497226987.14579 2.0 1.4142135623730951 417.4473646589246 3.1986934178724904 0.6252552960609262 0.4421222598174834
502.0 497226987.14579 497226988.76631 497226990.38683 0.0 0.0 417.4473646589246 3.1986934178724904 0.0 0.0
503.0 497226990.38683003 497226992.00735 497226993.62787 2.0 1.4142135623730951 417.4473646589246 3.1986934178724904 0.6252552960609262 0.4421222598174834
504.0 497226993.62787 497226995.24839 497226996.86891 0.0 0.0 417.4473646589246 3.1986934178724904 0.0 0.0
505.0 497226996.86891 497226998.48943 497227000.10995 1.0 1.0 417.4473646589246 3.1986934178724904 0.3126276480304631 0.3126276480304631
506.0 497227000.10995 497227001.73047 497227003.35099 0.0 0.0 417.4473646589246 3.1986934178724904 0.0 0.0
507.0 497227003.35099 497227004.97151 497227006.59203 0.0 0.0 417.4473646589246 3.1986934178724904 0.0 0.0
508.0 497227006.59203 497227008.21255 497227009.83307 1.0 1.0 417.4473646589246 3.1986934178724904 0.3126276480304631 0.3126276480304631
509.0 497227009.83307 497227011.45359 497227013.07411 0.0 0.0 417.4473646589246 3.1986934178724904 0.0 0.0
510.0 497227013.07411003 497227014.69463 497227016.31515 1.0 1.0 417.4473646589246 3.1986934178724904 0.3126276480304631 0.3126276480304631
511.0 497227016.31515 497227017.93567 497227019.55619 1.0 1.0 417.4473646589246 3.1986934178724904 0.3126276480304631 0.3126276480304631
512.0 497227019.55619 497227021.17671 497227022.79723 0.0 0.0 417.4473646589246 3.1986934178724904 0.0 0.0
513.0 497227022.79723 497227024.41775 497227026.03827 1.0 1.0 417.4473646589246 3.1986934178724904 0.3126276480304631 0.3126276480304631
514.0 497227026.03827 497227027.65879 497227029.27931 0.0 0.0 417.4473646589246 3.1986934178724904 0.0 0.0
515.0 497227029.27931 497227030.89983 497227032.52035 1.0 1.0 417.4473646589246 3.1986934178724904 0.3126276480304631 0.3126276480304631
516.0 497227032.52035 497227034.14087 497227035.76139 0.0 0.0 417.4473646589246 3.1986934178724904 0.0 0.0
517.0 497227035.76139003 497227037.38191 497227039.00243 0.0 0.0 417.4473646589246 3.1986934178724904 0.0 0.0
518.0 497227039.00243 497227040.62295 497227042.24347 1.0 1.0 417.4473646589246 3.1986934178724904 0.3126276480304631 0.3126276480304631
519.0 497227042.24347 497227043.86399 497227045.48451 1.0 1.0 417.4473646589246 3.1986934178724904 0.3126276480304631 0.3126276480304631
520.0 497227045.48451 497227047.10503 497227048.72555 0.0 0.0 417.4473646589246 3.1986934178724904 0.0 0.0
521.0 497227048.72555 497227050.34607 497227051.96659 1.0 1.0 417.4473646589246 3.1986934178724904 0.3126276480304631 0.3126276480304631
522.0 497227051.96659 497227053.58711 497227055.20763 0.0 0.0 417.4473646589246 3.1986934178724904 0.0 0.0
523.0 497227055.20763004 497227056.82815003 497227058.44867 1.0 1.0 417.4473646589246 3.1986934178724904 0.3126276480304631 0.3126276480304631
524.0 497227058.44867 497227060.06919 497227061.68971 0.0 0.0 417.4473646589246 3.1986934178724904 0.0 0.0
525.0 497227061.68971 497227063.31023 497227064.93075 0.0 0.0 417.4473646589246 3.1986934178724904 0.0 0.0
526.0 497227064.93075 497227066.55127 497227068.17179 0.0 0.0 417.4473646589246 3.1986934178724904 0.0 0.0
527.0 497227068.17179 497227069.79231 497227071.41283 1.0 1.0 417.4473646589246 3.1986934178724904 0.3126276480304631 0.3126276480304631
528.0 497227071.41283 497227073.03335 497227074.65387 2.0 1.4142135623730951 417.4473646589246 3.1986934178724904 0.6252552960609262 0.4421222598174834
529.0 497227074.65387 497227076.27439 497227077.89491 1.0 1.0 417.4473646589246 3.1986934178724904 0.3126276480304631 0.3126276480304631
530.0 497227077.89491004 497227079.51543003 497227081.13595 0.0 0.0 417.4473646589246 3.1986934178724904 0.0 0.0
531.0 497227081.13595 497227082.75647 497227084.37699 0.0 0.0 417.4473646589246 3.1986934178724904 0.0 0.0
532.0 497227084.37699 497227085.99751 497227087.61803 2.0 1.4142135623730951 417.4473646589246 3.1986934178724904 0.6252552960609262 0.4421222598174834
533.0 497227087.61803 497227089.23855 497227090.85907 1.0 1.0 417.4473646589246 3.1986934178724904 0.3126276480304631 0.3126276480304631
534.0 497227090.85907 497227092.47959 497227094.10011 1.0 1.0 417.4473646589246 3.1986934178724904 0.3126276480304631 0.3126276480304631
535.0 497227094.10011 497227095.72063 497227097.34115 0.0 0.0 417.4473646589246 3.1986934178724904 0.0 0.0
536.0 497227097.34115 497227098.96167 497227100.58219 0.0 0.0 417.4473646589246 3.1986934178724904 0.0 0.0
537.0 497227100.58219004 497227102.20271003 497227103.82323 0.0 0.0 417.4473646589246 3.1986934178724904 0.0 0.0
538.0 497227103.82323 497227105.44375 497227107.06427 0.0 0.0 417.4473646589246 3.1986934178724904 0.0 0.0
539.0 497227107.06427 497227108.68479 497227110.30531 0.0 0.0 417.4473646589246 3.1986934178724904 0.0 0.0
540.0 497227110.30531 497227111.92583 497227113.54635 1.0 1.0 417.4473646589246 3.1986934178724904 0.3126276480304631 0.3126276480304631
541.0 497227113.54635 497227115.16687 497227116.78739 0.0 0.0 417.4473646589246 3.1986934178724904 0.0 0.0
542.0 497227116.78739 497227118.40791 497227120.02843 0.0 0.0 417.4473646589246 3.1986934178724904 0.0 0.0
543.0 497227120.02843 497227121.64895 497227123.26947 0.0 0.0 417.4473646589246 3.1986934178724904 0.0 0.0
544.0 497227123.26947004 497227124.88999003 497227126.51051 0.0 0.0 417.4473646589246 3.1986934178724904 0.0 0.0
545.0 497227126.51051 497227128.13103 497227129.75155 0.0 0.0 417.4473646589246 3.1986934178724904 0.0 0.0
546.0 497227129.75155 497227131.37207 497227132.99259 1.0 1.0 417.4473646589246 3.1986934178724904 0.3126276480304631 0.3126276480304631
547.0 497227132.99259 497227134.61311 497227136.23363 0.0 0.0 417.4473646589246 3.1986934178724904 0.0 0.0
548.0 497227136.23363 497227137.85415 497227139.47467 1.0 1.0 417.4473646589246 3.1986934178724904 0.3126276480304631 0.3126276480304631
549.0 497227139.47467 497227141.09519 497227142.71571 0.0 0.0 417.4473646589246 3.1986934178724904 0.0 0.0
550.0 497227142.71571 497227144.33623 497227145.95675 1.0 1.0 417.4473646589246 3.1986934178724904 0.3126276480304631 0.3126276480304631
551.0 497227145.95675004 497227147.57727003 497227149.19779 0.0 0.0 417.4473646589246 3.1986934178724904 0.0 0.0
552.0 497227149.19779 497227150.81831 497227152.43883 2.0 1.4142135623730951 417.4473646589246 3.1986934178724904 0.6252552960609262 0.4421222598174834
553.0 497227152.43883 497227154.05935 497227155.67987 0.0 0.0 417.4473646589246 3.1986934178724904 0.0 0.0
554.0 497227155.67987 497227157.30039 497227158.92091 0.0 0.0 417.4473646589246 3.1986934178724904 0.0 0.0
555.0 497227158.92091 497227160.54143 497227162.16195 1.0 1.0 417.4473646589246 3.1986934178724904 0.3126276480304631 0.3126276480304631
556.0 497227162.16195 497227163.78247 497227165.40299 0.0 0.0 417.4473646589246 3.1986934178724904 0.0 0.0
557.0 497227165.40299 497227167.02351 497227168.64403 1.0 1.0 417.4473646589246 3.1986934178724904 0.3126276480304631 0.3126276480304631
558.0 497227168.64403003 497227170.26455003 497227171.88507 0.0 0.0 417.4473646589246 3.1986934178724904 0.0 0.0
559.0 497227171.88507 497227173.50559 497227175.12611 0.0 0.0 417.4473646589246 3.1986934178724904 0.0 0.0
560.0 497227175.12611 497227176.74663 497227178.36715 1.0 1.0 417.4473646589246 3.1986934178724904 0.3126276480304631 0.3126276480304631
561.0 497227178.36715 497227179.98767 497227181.60819 0.0 0.0 417.4473646589246 3.1986934178724904 0.0 0.0
562.0 497227181.60819 497227183.22871 497227184.84923 1.0 1.0 417.4473646589246 3.1986934178724904 0.3126276480304631 0.3126276480304631
563.0 497227184.84923 497227186.46975 497227188.09027 1.0 1.0 417.4473646589246 3.1986934178724904 0.3126276480304631 0.3126276480304631
564.0 497227188.09027 497227189.71079 497227191.33131 0.0 0.0 417.4473646589246 3.1986934178724904 0.0 0.0
565.0 497227191.33131003 497227192.95183 497227194.57235 1.0 1.0 417.4473646589246 3.1986934178724904 0.3126276480304631 0.3126276480304631
566.0 497227194.57235 497227196.19287 497227197.81339 2.0 1.4142135623730951 417.4473646589246 3.1986934178724904 0.6252552960609262 0.4421222598174834
567.0 497227197.81339 497227199.43391 497227201.05443 0.0 0.0 417.4473646589246 3.1986934178724904 0.0 0.0
568.0 497227201.05443 497227202.67495 497227204.29547 1.0 1.0 417.4473646589246 3.1986934178724904 0.3126276480304631 0.3126276480304631
569.0 497227204.29547 497227205.91599 497227207.53651 2.0 1.4142135623730951 417.4473646589246 3.1986934178724904 0.6252552960609262 0.4421222598174834
570.0 497227207.53651 497227209.15703 497227210.77755 0.0 0.0 417.4473646589246 3.1986934178724904 0.0 0.0
571.0 497227210.77755 497227212.39807 497227214.01859 0.0 0.0 417.4473646589246 3.1986934178724904 0.0 0.0
572.0 497227214.01859003 497227215.63911 497227217.25963 0.0 0.0 417.4473646589246 3.1986934178724904 0.0 0.0
573.0 497227217.25963 497227218.88015 497227220.50067 0.0 0.0 417.4473646589246 3.1986934178724904 0.0 0.0
574.0 497227220.50067 497227222.12119 497227223.74171 0.0 0.0 417.4473646589246 3.1986934178724904 0.0 0.0
575.0 497227223.74171 497227225.36223 497227226.98275 0.0 0.0 417.4473646589246 3.1986934178724904 0.0 0.0
576.0 497227226.98275 497227228.60327 497227230.22379 0.0 0.0 417.4473646589246 3.1986934178724904 0.0 0.0
577.0 497227230.22379 497227231.84431 497227233.46483 0.0 0.0 417.4473646589246 3.1986934178724904 0.0 0.0
578.0 497227233.46483 497227235.08535 497227236.70587 0.0 0.0 417.4473646589246 3.1986934178724904 0.0 0.0
579.0 497227236.70587003 497227238.32639 497227239.94691 0.0 0.0 417.4473646589246 3.1986934178724904 0.0 0.0
580.0 497227239.94691 497227241.56743 497227243.18795 0.0 0.0 417.4473646589246 3.1986934178724904 0.0 0.0
581.0 497227243.18795 497227244.80847 497227246.42899 0.0 0.0 417.4473646589246 3.1986934178724904 0.0 0.0
582.0 497227246.42899 497227248.04951 497227249.67003 1.0 1.0 417.4473646589246 3.1986934178724904 0.3126276480304631 0.3126276480304631
583.0 497227249.67003 497227251.29055 497227252.91107 0.0 0.0 417.4473646589246 3.1986934178724904 0.0 0.0
584.0 497227252.91107 497227254.53159 497227256.15211 0.0 0.0 417.4473646589246 3.1986934178724904 0.0 0.0
585.0 497227256.15211 497227257.77263 497227259.39315 0.0 0.0 417.4473646589246 3.1986934178724904 0.0 0.0
586.0 497227259.39315003 497227261.01367 497227262.63419 0.0 0.0 417.4473646589246 3.1986934178724904 0.0 0.0
587.0 497227262.63419 497227264.25471 497227265.87523 1.0 1.0 417.4473646589246 3.1986934178724904 0.3126276480304631 0.3126276480304631
588.0 497227265.87523 497227267.49575 497227269.11627 0.0 0.0 417.4473646589246 3.1986934178724904 0.0 0.0
589.0 497227269.11627 497227270.73679 497227272.35731 0.0 0.0 417.4473646589246 3.1986934178724904 0.0 0.0
590.0 497227272.35731 497227273.97783 497227275.59835 1.0 1.0 417.4473646589246 3.1986934178724904 0.3126276480304631 0.3126276480304631
591.0 497227275.59835 497227277.21887 497227278.83939 0.0 0.0 417.4473646589246 3.1986934178724904 0.0 0.0
592.0 497227278.83939 497227280.45991 497227282.08043 0.0 0.0 417.4473646589246 3.1986934178724904 0.0 0.0
593.0 497227282.08043003 497227283.70095 497227285.32147 0.0 0.0 417.4473646589246 3.1986934178724904 0.0 0.0
594.0 497227285.32147 497227286.94199 497227288.56251 0.0 0.0 417.4473646589246 3.1986934178724904 0.0 0.0
595.0 497227288.56251 497227290.18303 497227291.80355 2.0 1.4142135623730951 417.4473646589246 3.1986934178724904 0.6252552960609262 0.4421222598174834
596.0 497227291.80355 497227293.42407 497227295.04459 1.0 1.0 417.4473646589246 3.1986934178724904 0.3126276480304631 0.3126276480304631
597.0 497227295.04459 497227296.66511 497227298.28563 1.0 1.0 417.4473646589246 3.1986934178724904 0.3126276480304631 0.3126276480304631
598.0 497227298.28563 497227299.90615 497227301.52667 0.0 0.0 417.4473646589246 3.1986934178724904 0.0 0.0
599.0 497227301.52667 497227303.14719 497227304.76771 0.0 0.0 417.4473646589246 3.1986934178724904 0.0 0.0
600.0 497227304.76771003 497227306.38823 497227308.00875 1.0 1.0 417.4473646589246 3.1986934178724904 0.3126276480304631 0.3126276480304631
601.0 497227308.00875 497227309.62927 497227311.24979 0.0 0.0 417.4473646589246 3.1986934178724904 0.0 0.0
602.0 497227311.24979 497227312.87031 497227314.49083 1.0 1.0 417.4473646589246 3.1986934178724904 0.3126276480304631 0.3126276480304631
603.0 497227314.49083 497227316.11135 497227317.73187 0.0 0.0 417.4473646589246 3.1986934178724904 0.0 0.0
604.0 497227317.73187 497227319.35239 497227320.97291 1.0 1.0 417.4473646589246 3.1986934178724904 0.3126276480304631 0.3126276480304631
605.0 497227320.97291 497227322.59343 497227324.21395 0.0 0.0 417.4473646589246 3.1986934178724904 0.0 0.0
606.0 497227324.21395004 497227325.83447003 497227327.45499 0.0 0.0 417.4473646589246 3.1986934178724904 0.0 0.0
607.0 497227327.45499 497227329.07551 497227330.69603 0.0 0.0 417.4473646589246 3.1986934178724904 0.0 0.0
608.0 497227330.69603 497227332.31655 497227333.93707 1.0 1.0 417.4473646589246 3.1986934178724904 0.3126276480304631 0.3126276480304631
609.0 497227333.93707 497227335.55759 497227337.17811 0.0 0.0 417.4473646589246 3.1986934178724904 0.0 0.0
610.0 497227337.17811 497227338.79863 497227340.41915 2.0 1.4142135623730951 417.4473646589246 3.1986934178724904 0.6252552960609262 0.4421222598174834
611.0 497227340.41915 497227342.03967 497227343.66019 0.0 0.0 417.4473646589246 3.1986934178724904 0.0 0.0
612.0 497227343.66019 497227345.28071 497227346.90123 0.0 0.0 417.4473646589246 3.1986934178724904 0.0 0.0
613.0 497227346.90123004 497227348.52175003 497227350.14227 0.0 0.0 417.4473646589246 3.1986934178724904 0.0 0.0
614.0 497227350.14227 497227351.76279 497227353.38331 0.0 0.0 417.4473646589246 3.1986934178724904 0.0 0.0
615.0 497227353.38331 497227355.00383 497227356.62435 0.0 0.0 417.4473646589246 3.1986934178724904 0.0 0.0
616.0 497227356.62435 497227358.24487 497227359.86539 0.0 0.0 417.4473646589246 3.1986934178724904 0.0 0.0
617.0 497227359.86539 497227361.48591 497227363.10643 0.0 0.0 417.4473646589246 3.1986934178724904 0.0 0.0
618.0 497227363.10643 497227364.72695 497227366.34747 0.0 0.0 417.4473646589246 3.1986934178724904 0.0 0.0
619.0 497227366.34747 497227367.96799 497227369.58851 1.0 1.0 417.4473646589246 3.1986934178724904 0.3126276480304631 0.3126276480304631
620.0 497227369.58851004 497227371.20903003 497227372.82955 0.0 0.0 417.4473646589246 3.1986934178724904 0.0 0.0
621.0 497227372.82955 497227374.45007 497227376.07059 0.0 0.0 417.4473646589246 3.1986934178724904 0.0 0.0
622.0 497227376.07059 497227377.69111 497227379.31163 1.0 1.0 417.4473646589246 3.1986934178724904 0.3126276480304631 0.3126276480304631
623.0 497227379.31163 497227380.93215 497227382.55267 1.0 1.0 417.4473646589246 3.1986934178724904 0.3126276480304631 0.3126276480304631
624.0 497227382.55267 497227384.17319 497227385.79371 1.0 1.0 417.4473646589246 3.1986934178724904 0.3126276480304631 0.3126276480304631
625.0 497227385.79371 497227387.41423 497227389.03475 0.0 0.0 417.4473646589246 3.1986934178724904 0.0 0.0
626.0 497227389.03475 497227390.65527 497227392.27579 0.0 0.0 417.4473646589246 3.1986934178724904 0.0 0.0
627.0 497227392.27579004 497227393.89631003 497227395.51683 2.0 1.4142135623730951 417.4473646589246 3.1986934178724904 0.6252552960609262 0.4421222598174834
628.0 497227395.51683 497227397.13735 497227398.75787 2.0 1.4142135623730951 417.4473646589246 3.1986934178724904 0.6252552960609262 0.4421222598174834
629.0 497227398.75787 497227400.37839 497227401.99891 0.0 0.0 417.4473646589246 3.1986934178724904 0.0 0.0
630.0 497227401.99891 497227403.61943 497227405.23995 0.0 0.0 417.4473646589246 3.1986934178724904 0.0 0.0
631.0 497227405.23995 497227406.86047 497227408.48099 1.0 1.0 417.4473646589246 3.1986934178724904 0.3126276480304631 0.3126276480304631
632.0 497227408.48099 497227410.10151 497227411.72203 1.0 1.0 417.4473646589246 3.1986934178724904 0.3126276480304631 0.3126276480304631
633.0 497227411.72203 497227413.34255 497227414.96307 0.0 0.0 417.4473646589246 3.1986934178724904 0.0 0.0
634.0 497227414.96307003 497227416.58359003 497227418.20411 0.0 0.0 417.4473646589246 3.1986934178724904 0.0 0.0
635.0 497227418.20411 497227419.82463 497227421.44515 0.0 0.0 417.4473646589246 3.1986934178724904 0.0 0.0
636.0 497227421.44515 497227423.06567 497227424.68619 0.0 0.0 417.4473646589246 3.1986934178724904 0.0 0.0
637.0 497227424.68619 497227426.30671 497227427.92723 0.0 0.0 417.4473646589246 3.1986934178724904 0.0 0.0
638.0 497227427.92723 497227429.54775 497227431.16827 0.0 0.0 417.4473646589246 3.1986934178724904 0.0 0.0
639.0 497227431.16827 497227432.78879 497227434.40931 1.0 1.0 417.4473646589246 3.1986934178724904 0.3126276480304631 0.3126276480304631
640.0 497227434.40931 497227436.02983 497227437.65035 1.0 1.0 417.4473646589246 3.1986934178724904 0.3126276480304631 0.3126276480304631
641.0 497227437.65035003 497227439.27087003 497227440.89139 1.0 1.0 417.4473646589246 3.1986934178724904 0.3126276480304631 0.3126276480304631
642.0 497227440.89139 497227442.51191 497227444.13243 1.0 1.0 417.4473646589246 3.1986934178724904 0.3126276480304631 0.3126276480304631
643.0 497227444.13243 497227445.75295 497227447.37347 0.0 0.0 417.4473646589246 3.1986934178724904 0.0 0.0
644.0 497227447.37347 497227448.99399 497227450.61451 1.0 1.0 417.4473646589246 3.1986934178724904 0.3126276480304631 0.3126276480304631
645.0 497227450.61451 497227452.23503 497227453.85555 0.0 0.0 417.4473646589246 3.1986934178724904 0.0 0.0
646.0 497227453.85555 497227455.47607 497227457.09659 0.0 0.0 417.4473646589246 3.1986934178724904 0.0 0.0
647.0 497227457.09659 497227458.71711 497227460.33763 2.0 1.4142135623730951 417.4473646589246 3.1986934178724904 0.6252552960609262 0.4421222598174834
648.0 497227460.33763003 497227461.95815 497227463.57867 1.0 1.0 417.4473646589246 3.1986934178724904 0.3126276480304631 0.3126276480304631
649.0 497227463.57867 497227465.19919 497227466.81971 1.0 1.0 417.4473646589246 3.1986934178724904 0.3126276480304631 0.3126276480304631
650.0 497227466.81971 497227468.44023 497227470.06075 0.0 0.0 417.4473646589246 3.1986934178724904 0.0 0.0
651.0 497227470.06075 497227471.68127 497227473.30179 0.0 0.0 417.4473646589246 3.1986934178724904 0.0 0.0
652.0 497227473.30179 497227474.92231 497227476.54283 0.0 0.0 417.4473646589246 3.1986934178724904 0.0 0.0
653.0 497227476.54283 497227478.16335 497227479.78387 0.0 0.0 417.4473646589246 3.1986934178724904 0.0 0.0
654.0 497227479.78387 497227481.40439 497227483.02491 1.0 1.0 417.4473646589246 3.1986934178724904 0.3126276480304631 0.3126276480304631
655.0 497227483.02491003 497227484.64543 497227486.26595 0.0 0.0 417.4473646589246 3.1986934178724904 0.0 0.0
656.0 497227486.26595 497227487.88647 497227489.50699 0.0 0.0 417.4473646589246 3.1986934178724904 0.0 0.0
657.0 497227489.50699 497227491.12751 497227492.74803 1.0 1.0 417.4473646589246 3.1986934178724904 0.3126276480304631 0.3126276480304631
658.0 497227492.74803 497227494.36855 497227495.98907 1.0 1.0 417.4473646589246 3.1986934178724904 0.3126276480304631 0.3126276480304631
659.0 497227495.98907 497227497.60959 497227499.23011 1.0 1.0 417.4473646589246 3.1986934178724904 0.3126276480304631 0.3126276480304631
660.0 497227499.23011 497227500.85063 497227502.47115 1.0 1.0 417.4473646589246 3.1986934178724904 0.3126276480304631 0.3126276480304631
661.0 497227502.47115 497227504.09167 497227505.71219 0.0 0.0 417.4473646589246 3.1986934178724904 0.0 0.0
662.0 497227505.71219003 497227507.33271 497227508.95323 0.0 0.0 417.4473646589246 3.1986934178724904 0.0 0.0
663.0 497227508.95323 497227510.57375 497227512.19427 0.0 0.0 417.4473646589246 3.1986934178724904 0.0 0.0
664.0 497227512.19427 497227513.81479 497227515.43531 0.0 0.0 417.4473646589246 3.1986934178724904 0.0 0.0
665.0 497227515.43531 497227517.05583 497227518.67635 1.0 1.0 417.4473646589246 3.1986934178724904 0.3126276480304631 0.3126276480304631
666.0 497227518.67635 497227520.29687 497227521.91739 1.0 1.0 417.4473646589246 3.1986934178724904 0.3126276480304631 0.3126276480304631
667.0 497227521.91739 497227523.53791 497227525.15843 0.0 0.0 417.4473646589246 3.1986934178724904 0.0 0.0
668.0 497227525.15843 497227526.77895 497227528.39947 1.0 1.0 417.4473646589246 3.1986934178724904 0.3126276480304631 0.3126276480304631
669.0 497227528.39947003 497227530.01999 497227531.64051 2.0 1.4142135623730951 417.4473646589246 3.1986934178724904 0.6252552960609262 0.4421222598174834
670.0 497227531.64051 497227533.26103 497227534.88155 0.0 0.0 417.4473646589246 3.1986934178724904 0.0 0.0
671.0 497227534.88155 497227536.50207 497227538.12259 0.0 0.0 417.4473646589246 3.1986934178724904 0.0 0.0
672.0 497227538.12259 497227539.74311 497227541.36363 1.0 1.0 417.4473646589246 3.1986934178724904 0.3126276480304631 0.3126276480304631
673.0 497227541.36363 497227542.98415 497227544.60467 1.0 1.0 417.4473646589246 3.1986934178724904 0.3126276480304631 0.3126276480304631
674.0 497227544.60467 497227546.22519 497227547.84571 0.0 0.0 417.4473646589246 3.1986934178724904 0.0 0.0
675.0 497227547.84571 497227549.46623 497227551.08675 1.0 1.0 417.4473646589246 3.1986934178724904 0.3126276480304631 0.3126276480304631
676.0 497227551.08675003 497227552.70727 497227554.32779 1.0 1.0 417.4473646589246 3.1986934178724904 0.3126276480304631 0.3126276480304631
677.0 497227554.32779 497227555.94831 497227557.56883 1.0 1.0 417.4473646589246 3.1986934178724904 0.3126276480304631 0.3126276480304631
678.0 497227557.56883 497227559.18935 497227560.80987 1.0 1.0 417.4473646589246 3.1986934178724904 0.3126276480304631 0.3126276480304631
679.0 497227560.80987 497227562.43039 497227564.05091 0.0 0.0 417.4473646589246 3.1986934178724904 0.0 0.0
680.0 497227564.05091 497227565.67143 497227567.29195 1.0 1.0 417.4473646589246 3.1986934178724904 0.3126276480304631 0.3126276480304631
681.0 497227567.29195 497227568.91247 497227570.53299 1.0 1.0 417.4473646589246 3.1986934178724904 0.3126276480304631 0.3126276480304631
682.0 497227570.53299 497227572.15351 497227573.77402997 1.0 1.0 417.4473646589246 3.1986934178724904 0.3126276480304631 0.3126276480304631
683.0 497227573.77403 497227575.39455 497227577.01507 1.0 1.0 417.4473646589246 3.1986934178724904 0.3126276480304631 0.3126276480304631
684.0 497227577.01507 497227578.63559 497227580.25611 1.0 1.0 417.4473646589246 3.1986934178724904 0.3126276480304631 0.3126276480304631
685.0 497227580.25611 497227581.87663 497227583.49715 0.0 0.0 417.4473646589246 3.1986934178724904 0.0 0.0
686.0 497227583.49715 497227585.11767 497227586.73819 1.0 1.0 417.4473646589246 3.1986934178724904 0.3126276480304631 0.3126276480304631
687.0 497227586.73819 497227588.35871 497227589.97923 2.0 1.4142135623730951 417.4473646589246 3.1986934178724904 0.6252552960609262 0.4421222598174834
688.0 497227589.97923 497227591.59975 497227593.22027 0.0 0.0 417.4473646589246 3.1986934178724904 0.0 0.0
689.0 497227593.22027004 497227594.84079003 497227596.46131 1.0 1.0 417.4473646589246 3.1986934178724904 0.3126276480304631 0.3126276480304631
690.0 497227596.46131 497227598.08183 497227599.70235 0.0 0.0 417.4473646589246 3.1986934178724904 0.0 0.0
691.0 497227599.70235 497227601.32287 497227602.94339 2.0 1.4142135623730951 417.4473646589246 3.1986934178724904 0.6252552960609262 0.4421222598174834
692.0 497227602.94339 497227604.56391 497227606.18443 0.0 0.0 417.4473646589246 3.1986934178724904 0.0 0.0
693.0 497227606.18443 497227607.80495 497227609.42547 1.0 1.0 417.4473646589246 3.1986934178724904 0.3126276480304631 0.3126276480304631
694.0 497227609.42547 497227611.04599 497227612.66651 1.0 1.0 417.4473646589246 3.1986934178724904 0.3126276480304631 0.3126276480304631
695.0 497227612.66651 497227614.28703 497227615.90755 0.0 0.0 417.4473646589246 3.1986934178724904 0.0 0.0
696.0 497227615.90755004 497227617.52807003 497227619.14859 0.0 0.0 417.4473646589246 3.1986934178724904 0.0 0.0
697.0 497227619.14859 497227620.76911 497227622.38963 0.0 0.0 417.4473646589246 3.1986934178724904 0.0 0.0
698.0 497227622.38963 497227624.01015 497227625.63067 1.0 1.0 417.4473646589246 3.1986934178724904 0.3126276480304631 0.3126276480304631
699.0 497227625.63067 497227627.25119 497227628.87171 0.0 0.0 417.4473646589246 3.1986934178724904 0.0 0.0
700.0 497227628.87171 497227630.49223 497227632.11275 1.0 1.0 417.4473646589246 3.1986934178724904 0.3126276480304631 0.3126276480304631
701.0 497227632.11275 497227633.73327 497227635.35379 0.0 0.0 417.4473646589246 3.1986934178724904 0.0 0.0
702.0 497227635.35379 497227636.97431 497227638.59483 1.0 1.0 417.4473646589246 3.1986934178724904 0.3126276480304631 0.3126276480304631
703.0 497227638.59483004 497227640.21535003 497227641.83587 1.0 1.0 417.4473646589246 3.1986934178724904 0.3126276480304631 0.3126276480304631
704.0 497227641.83587 497227643.45639 497227645.07691 0.0 0.0 417.4473646589246 3.1986934178724904 0.0 0.0
705.0 497227645.07691 497227646.69743 497227648.31795 1.0 1.0 417.4473646589246 3.1986934178724904 0.3126276480304631 0.3126276480304631
706.0 497227648.31795 497227649.93847 497227651.55899 0.0 0.0 417.4473646589246 3.1986934178724904 0.0 0.0
707.0 497227651.55899 497227653.17951 497227654.80003 0.0 0.0 417.4473646589246 3.1986934178724904 0.0 0.0
708.0 497227654.80003 497227656.42055 497227658.04107 1.0 1.0 417.4473646589246 3.1986934178724904 0.3126276480304631 0.3126276480304631
709.0 497227658.04107 497227659.66159 497227661.28211 0.0 0.0 417.4473646589246 3.1986934178724904 0.0 0.0
710.0 497227661.28211004 497227662.90263003 497227664.52315 1.0 1.0 417.4473646589246 3.1986934178724904 0.3126276480304631 0.3126276480304631
711.0 497227664.52315 497227666.14367 497227667.76419 1.0 1.0 417.4473646589246 3.1986934178724904 0.3126276480304631 0.3126276480304631
712.0 497227667.76419 497227669.38471 497227671.00523 1.0 1.0 417.4473646589246 3.1986934178724904 0.3126276480304631 0.3126276480304631
713.0 497227671.00523 497227672.62575 497227674.24627 0.0 0.0 417.4473646589246 3.1986934178724904 0.0 0.0
714.0 497227674.24627 497227675.86679 497227677.48731 1.0 1.0 417.4473646589246 3.1986934178724904 0.3126276480304631 0.3126276480304631
715.0 497227677.48731 497227679.10783 497227680.72835 0.0 0.0 417.4473646589246 3.1986934178724904 0.0 0.0
716.0 497227680.72835 497227682.34887 497227683.96939 0.0 0.0 417.4473646589246 3.1986934178724904 0.0 0.0
717.0 497227683.96939003 497227685.58991003 497227687.21043 1.0 1.0 417.4473646589246 3.1986934178724904 0.3126276480304631 0.3126276480304631
718.0 497227687.21043 497227688.83095 497227690.45147 0.0 0.0 417.4473646589246 3.1986934178724904 0.0 0.0
719.0 497227690.45147 497227692.07199 497227693.69251 0.0 0.0 417.4473646589246 3.1986934178724904 0.0 0.0
720.0 497227693.69251 497227695.31303 497227696.93355 0.0 0.0 417.4473646589246 3.1986934178724904 0.0 0.0
721.0 497227696.93355 497227698.55407 497227700.17459 1.0 1.0 417.4473646589246 3.1986934178724904 0.3126276480304631 0.3126276480304631
722.0 497227700.17459 497227701.79511 497227703.41563 2.0 1.4142135623730951 417.4473646589246 3.1986934178724904 0.6252552960609262 0.4421222598174834
723.0 497227703.41563 497227705.03615 497227706.65667 0.0 0.0 417.4473646589246 3.1986934178724904 0.0 0.0
724.0 497227706.65667003 497227708.27719 497227709.89771 1.0 1.0 417.4473646589246 3.1986934178724904 0.3126276480304631 0.3126276480304631
725.0 497227709.89771 497227711.51823 497227713.13875 1.0 1.0 417.4473646589246 3.1986934178724904 0.3126276480304631 0.3126276480304631
726.0 497227713.13875 497227714.75927 497227716.37979 0.0 0.0 417.4473646589246 1.249974595180569 0.0 0.0
727.0 497227716.37979 497227718.00031 497227719.62083 0.0 0.0 417.4473646589246 0.0 0.0 0.0
728.0 497227719.62083 497227721.24135 497227722.86187 0.0 0.0 417.4473646589246 0.0 0.0 0.0
729.0 497227722.86187 497227724.48239 497227726.10291 0.0 0.0 417.4473646589246 0.0 0.0 0.0
730.0 497227726.10291 497227727.72343 497227729.34395 0.0 0.0 417.4473646589246 0.0 0.0 0.0
731.0 497227729.34395003 497227730.96447 497227732.58499 0.0 0.0 417.4473646589246 0.0 0.0 0.0
732.0 497227732.58499 497227734.20551 497227735.82603 0.0 0.0 417.4473646589246 0.0 0.0 0.0
733.0 497227735.82603 497227737.44655 497227739.06707 0.0 0.0 417.4473646589246 0.0 0.0 0.0
734.0 497227739.06707 497227740.68759 497227742.30811 0.0 0.0 417.4473646589246 0.0 0.0 0.0
735.0 497227742.30811 497227743.92863 497227745.54915 0.0 0.0 417.4473646589246 0.0 0.0 0.0
736.0 497227745.54915 497227747.16967 497227748.79019 0.0 0.0 417.4473646589246 0.0 0.0 0.0
737.0 497227748.79019 497227750.41071 497227752.03123 0.0 0.0 417.4473646589246 0.0 0.0 0.0
738.0 497227752.03123003 497227753.65175 497227755.27227 0.0 0.0 417.4473646589246 0.0 0.0 0.0
739.0 497227755.27227 497227756.89279 497227758.51331 0.0 0.0 417.4473646589246 0.0 0.0 0.0
740.0 497227758.51331 497227760.13383 497227761.75435 0.0 0.0 417.4473646589246 0.0 0.0 0.0
741.0 497227761.75435 497227763.37487 497227764.99539 0.0 0.0 417.4473646589246 0.0 0.0 0.0
742.0 497227764.99539 497227766.61591 497227768.23643 0.0 0.0 417.4473646589246 0.0 0.0 0.0
743.0 497227768.23643 497227769.85695 497227771.47747 0.0 0.0 417.4473646589246 0.0 0.0 0.0
744.0 497227771.47747 497227773.09799 497227774.71851 0.0 0.0 417.4473646589246 0.0 0.0 0.0
745.0 497227774.71851003 497227776.33903 497227777.95955 0.0 0.0 417.4473646589246 0.0 0.0 0.0
746.0 497227777.95955 497227779.58007 497227781.20059 0.0 0.0 417.4473646589246 0.0 0.0 0.0
747.0 497227781.20059 497227782.82111 497227784.44163 0.0 0.0 417.4473646589246 0.0 0.0 0.0
748.0 497227784.44163 497227786.06215 497227787.68267 0.0 0.0 417.4473646589246 0.0 0.0 0.0
749.0 497227787.68267 497227789.30319 497227790.92371 0.0 0.0 417.4473646589246 0.0 0.0 0.0
750.0 497227790.92371 497227792.54423 497227794.16475 0.0 0.0 417.4473646589246 0.0 0.0 0.0
751.0 497227794.16475 497227795.78527 497227797.40579 0.0 0.0 417.4473646589246 0.0 0.0 0.0
752.0 497227797.40579003 497227799.02631 497227800.64683 0.0 0.0 417.4473646589246 0.0 0.0 0.0
753.0 497227800.64683 497227802.26735 497227803.88787 0.0 0.0 417.4473646589246 0.0 0.0 0.0
754.0 497227803.88787 497227805.50839 497227807.12891 0.0 0.0 417.4473646589246 0.0 0.0 0.0
755.0 497227807.12891 497227808.74943 497227810.36995 0.0 0.0 417.4473646589246 0.0 0.0 0.0
756.0 497227810.36995 497227811.99047 497227813.61099 0.0 0.0 417.4473646589246 0.0 0.0 0.0
757.0 497227813.61099 497227815.23151 497227816.85203 0.0 0.0 417.4473646589246 0.0 0.0 0.0
758.0 497227816.85203 497227818.47255 497227820.09307 0.0 0.0 417.4473646589246 0.0 0.0 0.0
759.0 497227820.09307003 497227821.71359 497227823.33411 0.0 0.0 417.4473646589246 0.0 0.0 0.0
760.0 497227823.33411 497227824.95463 497227826.57515 0.0 0.0 417.4473646589246 0.0 0.0 0.0
761.0 497227826.57515 497227828.19567 497227829.81619 0.0 0.0 417.4473646589246 0.0 0.0 0.0
762.0 497227829.81619 497227831.43671 497227833.05723 0.0 0.0 417.4473646589246 0.0 0.0 0.0
763.0 497227833.05723 497227834.67775 497227836.29827 0.0 0.0 417.4473646589246 0.0 0.0 0.0
764.0 497227836.29827 497227837.91879 497227839.53931 0.0 0.0 417.4473646589246 0.0 0.0 0.0
765.0 497227839.53931004 497227841.15983003 497227842.78035 0.0 0.0 417.4473646589246 0.0 0.0 0.0
766.0 497227842.78035 497227844.40087 497227846.02139 0.0 0.0 417.4473646589246 0.0 0.0 0.0
767.0 497227846.02139 497227847.64191 497227849.26243 0.0 0.0 417.4473646589246 0.0 0.0 0.0
768.0 497227849.26243 497227850.88295 497227852.50347 0.0 0.0 417.4473646589246 0.0 0.0 0.0
769.0 497227852.50347 497227854.12399 497227855.74451 0.0 0.0 417.4473646589246 0.0 0.0 0.0
770.0 497227855.74451 497227857.36503 497227858.98555 0.0 0.0 417.4473646589246 0.0 0.0 0.0
771.0 497227858.98555 497227860.60607 497227862.22659 0.0 0.0 417.4473646589246 0.0 0.0 0.0
772.0 497227862.22659004 497227863.84711003 497227865.46763 0.0 0.0 417.4473646589246 0.0 0.0 0.0
773.0 497227865.46763 497227867.08815 497227868.70867 0.0 0.0 417.4473646589246 0.0 0.0 0.0
774.0 497227868.70867 497227870.32919 497227871.94971 0.0 0.0 417.4473646589246 0.0 0.0 0.0
775.0 497227871.94971 497227873.57023 497227875.19075 0.0 0.0 417.4473646589246 0.0 0.0 0.0
776.0 497227875.19075 497227876.81127 497227878.43179 0.0 0.0 417.4473646589246 0.0 0.0 0.0
777.0 497227878.43179 497227880.05231 497227881.67283 0.0 0.0 417.4473646589246 0.0 0.0 0.0
778.0 497227881.67283 497227883.29335 497227884.91387 0.0 0.0 417.4473646589246 0.0 0.0 0.0
779.0 497227884.91387004 497227886.53439003 497227888.15491 0.0 0.0 417.4473646589246 0.0 0.0 0.0
780.0 497227888.15491 497227889.77543 497227891.39595 0.0 0.0 417.4473646589246 0.0 0.0 0.0
781.0 497227891.39595 497227893.01647 497227894.63699 0.0 0.0 417.4473646589246 0.0 0.0 0.0
782.0 497227894.63699 497227896.25751 497227897.87803 0.0 0.0 417.4473646589246 0.0 0.0 0.0
783.0 497227897.87803 497227899.49855 497227901.11907 0.0 0.0 417.4473646589246 0.0 0.0 0.0
784.0 497227901.11907 497227902.73959 497227904.36011 0.0 0.0 417.4473646589246 0.0 0.0 0.0
785.0 497227904.36011 497227905.98063 497227907.60115 0.0 0.0 417.4473646589246 0.0 0.0 0.0
786.0 497227907.60115004 497227909.22167003 497227910.84219 0.0 0.0 417.4473646589246 0.0 0.0 0.0
787.0 497227910.84219 497227912.46271 497227914.08323 0.0 0.0 417.4473646589246 0.0 0.0 0.0
788.0 497227914.08323 497227915.70375 497227917.32427 0.0 0.0 417.4473646589246 0.0 0.0 0.0
