TIME_BIN TIME_MIN TIME TIME_MAX COUNTS STAT_ERR AREA EXPOSURE COUNT_RATE COUNT_RATE_ERR
1.0 327814552.12484 327814553.74536 327814555.36588 0.0 0.0 5205.443837887176 0.0 0.0 0.0
2.0 327814555.36588 327814556.9864 327814558.60692 0.0 0.0 5205.443837887176 0.0 0.0 0.0
3.0 327814558.60692 327814560.22744 327814561.84796 0.0 0.0 5205.443837887176 0.0 0.0 0.0
4.0 327814561.84796 327814563.46848 327814565.089 0.0 0.0 5205.443837887176 0.0 0.0 0.0
5.0 327814565.08900005 327814566.70952004 327814568.33004004 0.0 0.0 5205.443837887176 0.0 0.0 0.0
6.0 327814568.33004004 327814569.95056003 327814571.57108 0.0 0.0 5205.443837887176 0.0 0.0 0.0
7.0 327814571.57108 327814573.1916 327814574.81212 0.0 0.0 5205.443837887176 0.0 0.0 0.0
8.0 327814574.81212 327814576.43264 327814578.05316 0.0 0.0 5205.443837887176 0.0 0.0 0.0
9.0 327814578.05316 327814579.67368 327814581.2942 0.0 0.0 5205.443837887176 0.0 0.0 0.0
10.0 327814581.2942 327814582.91472 327814584.53524 0.0 0.0 5205.443837887176 0.0 0.0 0.0
11.0 327814584.53524 327814586.15576 327814587.77628 0.0 0.0 5205.443837887176 0.0 0.0 0.0
12.0 327814587.77628005 327814589.39680004 327814591.01732004 0.0 0.0 5205.443837887176 0.0 0.0 0.0
13.0 327814591.01732004 327814592.63784003 327814594.25836 0.0 0.0 5205.443837887176 0.0 0.0 0.0
14.0 327814594.25836 327814595.87888 327814597.4994 0.0 0.0 5205.443837887176 0.0 0.0 0.0
15.0 327814597.4994 327814599.11992 327814600.74044 0.0 0.0 5205.443837887176 0.0 0.0 0.0
16.0 327814600.74044 327814602.36096 327814603.98148 0.0 0.0 5205.443837887176 0.0 0.0 0.0
17.0 327814603.98148 327814605.602 327814607.22252 0.0 0.0 5205.443837887176 0.0 0.0 0.0
18.0 327814607.22252 327814608.84304 327814610.46356 0.0 0.0 5205.443837887176 0.0 0.0 0.0
19.0 327814610.46356004 327814612.08408004 327814613.70460004 0.0 0.0 5205.443837887176 0.0 0.0 0.0
20.0 327814613.70460004 327814615.32512003 327814616.94564 0.0 0.0 5205.443837887176 0.0 0.0 0.0
21.0 327814616.94564 327814618.56616 327814620.18668 0.0 0.0 5205.443837887176 0.0 0.0 0.0
22.0 327814620.18668 327814621.8072 327814623.42772 0.0 0.0 5205.443837887176 0.0 0.0 0.0
23.0 327814623.42772 327814625.04824 327814626.66876 0.0 0.0 5205.443837887176 0.0 0.0 0.0
24.0 327814626.66876 327814628.28928 327814629.9098 0.0 0.0 5205.443837887176 0.0 0.0 0.0
25.0 327814629.9098 327814631.53032 327814633.15084 0.0 0.0 5205.443837887176 0.0 0.0 0.0
26.0 327814633.15084004 327814634.77136004 327814636.39188004 0.0 0.0 5205.443837887176 0.0 0.0 0.0
27.0 327814636.39188004 327814638.01240003 327814639.63292 0.0 0.0 5205.443837887176 0.0 0.0 0.0
28.0 327814639.63292 327814641.25344 327814642.87396 0.0 0.0 5205.443837887176 0.0 0.0 0.0
29.0 327814642.87396 327814644.49448 327814646.115 0.0 0.0 5205.443837887176 0.0 0.0 0.0
30.0 327814646.115 327814647.73552 327814649.35604 0.0 0.0 5205.443837887176 0.0 0.0 0.0
31.0 327814649.35604 327814650.97656 327814652.59708 0.0 0.0 5205.443837887176 0.0 0.0 0.0
32.0 327814652.59708 327814654.2176 327814655.83812 0.0 0.0 5205.443837887176 0.0 0.0 0.0
33.0 327814655.83812004 327814657.45864004 327814659.07916003 0.0 0.0 5205.443837887176 0.0 0.0 0.0
34.0 327814659.07916003 327814660.69968003 327814662.3202 0.0 0.0 5205.443837887176 0.0 0.0 0.0
35.0 327814662.3202 327814663.94072 327814665.56124 0.0 0.0 5205.443837887176 0.0 0.0 0.0
36.0 327814665.56124 327814667.18176 327814668.80228 0.0 0.0 5205.443837887176 0.0 0.0 0.0
37.0 327814668.80228 327814670.4228 327814672.04332 0.0 0.0 5205.443837887176 0.0 0.0 0.0
38.0 327814672.04332 327814673.66384 327814675.28436 0.0 0.0 5205.443837887176 0.0 0.0 0.0
39.0 327814675.28436 327814676.90488 327814678.5254 0.0 0.0 5205.443837887176 0.0 0.0 0.0
40.0 327814678.52540004 327814680.14592004 327814681.76644003 0.0 0.0 5205.443837887176 0.0 0.0 0.0
41.0 327814681.76644003 327814683.38696 327814685.00748 0.0 0.0 5205.443837887176 0.0 0.0 0.0
42.0 327814685.00748 327814686.628 327814688.24852 0.0 0.0 5205.443837887176 0.0 0.0 0.0
43.0 327814688.24852 327814689.86904 327814691.48956 0.0 0.0 5205.443837887176 0.0 0.0 0.0
44.0 327814691.48956 327814693.11008 327814694.7306 0.0 0.0 5205.443837887176 0.0 0.0 0.0
45.0 327814694.7306 327814696.35112 327814697.97164 0.0 0.0 5205.443837887176 0.0 0.0 0.0
46.0 327814697.97164005 327814699.59216005 327814701.21268004 0.0 0.0 5205.443837887176 0.0 0.0 0.0
47.0 327814701.21268004 327814702.83320004 327814704.45372003 0.0 0.0 5205.443837887176 0.0 0.0 0.0
48.0 327814704.45372003 327814706.07424 327814707.69476 0.0 0.0 5205.443837887176 0.0 0.0 0.0
49.0 327814707.69476 327814709.31528 327814710.9358 0.0 0.0 5205.443837887176 0.0 0.0 0.0
50.0 327814710.9358 327814712.55632 327814714.17684 0.0 0.0 5205.443837887176 0.0 0.0 0.0
51.0 327814714.17684 327814715.79736 327814717.41788 0.0 0.0 5205.443837887176 0.0 0.0 0.0
52.0 327814717.41788 327814719.0384 327814720.65892 0.0 0.0 5205.443837887176 0.0 0.0 0.0
53.0 327814720.65892005 327814722.27944005 327814723.89996004 0.0 0.0 5205.443837887176 0.0 0.0 0.0
54.0 327814723.89996004 327814725.52048004 327814727.14100003 0.0 0.0 5205.443837887176 0.0 0.0 0.0
55.0 327814727.14100003 327814728.76152 327814730.38204 0.0 0.0 5205.443837887176 0.0 0.0 0.0
56.0 327814730.38204 327814732.00256 327814733.62308 0.0 0.0 5205.443837887176 0.0 0.0 0.0
57.0 327814733.62308 327814735.2436 327814736.86412 0.0 0.0 5205.443837887176 0.0 0.0 0.0
58.0 327814736.86412 327814738.48464 327814740.10516 0.0 0.0 5205.443837887176 0.0 0.0 0.0
59.0 327814740.10516 327814741.72568 327814743.3462 0.0 0.0 5205.443837887176 0.0 0.0 0.0
60.0 327814743.34620005 327814744.96672004 327814746.58724004 0.0 0.0 5205.443837887176 3.1822209988160584 0.0 0.0
61.0 327814746.58724004 327814748.20776004 327814749.82828003 0.0 0.0 5205.443837887176 3.1986934178724904 0.0 0.0
62.0 327814749.82828003 327814751.4488 327814753.06932 0.0 0.0 5205.443837887176 3.1986934178724904 0.0 0.0
63.0 327814753.06932 327814754.68984 327814756.31036 0.0 0.0 5205.443837887176 3.1986934178724904 0.0 0.0
64.0 327814756.31036 327814757.93088 327814759.5514 0.0 0.0 5205.443837887176 3.1986934178724904 0.0 0.0
65.0 327814759.5514 327814761.17192 327814762.79244 0.0 0.0 5205.443837887176 3.1986934178724904 0.0 0.0
66.0 327814762.79244 327814764.41296 327814766.03348 0.0 0.0 5205.443837887176 3.1986934178724904 0.0 0.0
67.0 327814766.03348005 327814767.65400004 327814769.27452004 0.0 0.0 5205.443837887176 3.1986934178724904 0.0 0.0
68.0 327814769.27452004 327814770.89504004 327814772.51556003 0.0 0.0 5205.443837887176 3.1986934178724904 0.0 0.0
69.0 327814772.51556003 327814774.13608 327814775.7566 0.0 0.0 5205.443837887176 3.1986934178724904 0.0 0.0
70.0 327814775.7566 327814777.37712 327814778.99764 0.0 0.0 5205.443837887176 3.1986934178724904 0.0 0.0
71.0 327814778.99764 327814780.61816 327814782.23868 0.0 0.0 5205.443837887176 3.1986934178724904 0.0 0.0
72.0 327814782.23868 327814783.8592 327814785.47972 0.0 0.0 5205.443837887176 3.1986934178724904 0.0 0.0
73.0 327814785.47972 327814787.10024 327814788.72076 0.0 0.0 5205.443837887176 3.1986934178724904 0.0 0.0
74.0 327814788.72076005 327814790.34128004 327814791.96180004 0.0 0.0 5205.443837887176 3.1986934178724904 0.0 0.0
75.0 327814791.96180004 327814793.58232003 327814795.20284003 0.0 0.0 5205.443837887176 3.1986934178724904 0.0 0.0
76.0 327814795.20284003 327814796.82336 327814798.44388 0.0 0.0 5205.443837887176 3.1986934178724904 0.0 0.0
77.0 327814798.44388 327814800.0644 327814801.68492 0.0 0.0 5205.443837887176 3.1986934178724904 0.0 0.0
78.0 327814801.68492 327814803.30544 327814804.92596 0.0 0.0 5205.443837887176 3.1986934178724904 0.0 0.0
79.0 327814804.92596 327814806.54648 327814808.167 0.0 0.0 5205.443837887176 3.1986934178724904 0.0 0.0
80.0 327814808.167 327814809.78752 327814811.40804 0.0 0.0 5205.443837887176 3.1986934178724904 0.0 0.0
81.0 327814811.40804005 327814813.02856004 327814814.64908004 0.0 0.0 5205.443837887176 3.1986934178724904 0.0 0.0
82.0 327814814.64908004 327814816.26960003 327814817.89012 0.0 0.0 5205.443837887176 3.1986934178724904 0.0 0.0
83.0 327814817.89012 327814819.51064 327814821.13116 0.0 0.0 5205.443837887176 3.1986934178724904 0.0 0.0
84.0 327814821.13116 327814822.75168 327814824.3722 0.0 0.0 5205.443837887176 3.1986934178724904 0.0 0.0
85.0 327814824.3722 327814825.99272 327814827.61324 0.0 0.0 5205.443837887176 3.1986934178724904 0.0 0.0
86.0 327814827.61324 327814829.23376 327814830.85428 0.0 0.0 5205.443837887176 3.1986934178724904 0.0 0.0
87.0 327814830.85428 327814832.4748 327814834.09532 0.0 0.0 5205.443837887176 3.1986934178724904 0.0 0.0
88.0 327814834.09532005 327814835.71584004 327814837.33636004 0.0 0.0 5205.443837887176 3.1986934178724904 0.0 0.0
89.0 327814837.33636004 327814838.95688003 327814840.5774 0.0 0.0 5205.443837887176 3.1986934178724904 0.0 0.0
90.0 327814840.5774 327814842.19792 327814843.81844 0.0 0.0 5205.443837887176 3.1986934178724904 0.0 0.0
91.0 327814843.81844 327814845.43896 327814847.05948 0.0 0.0 5205.443837887176 3.1986934178724904 0.0 0.0
92.0 327814847.05948 327814848.68 327814850.30052 0.0 0.0 5205.443837887176 3.1986934178724904 0.0 0.0
93.0 327814850.30052 327814851.92104 327814853.54156 0.0 0.0 5205.443837887176 3.1986934178724904 0.0 0.0
94.0 327814853.54156 327814855.16208 327814856.7826 0.0 0.0 5205.443837887176 3.1986934178724904 0.0 0.0
95.0 327814856.78260005 327814858.40312004 327814860.02364004 0.0 0.0 5205.443837887176 3.1986934178724904 0.0 0.0
96.0 327814860.02364004 327814861.64416003 327814863.26468 0.0 0.0 5205.443837887176 3.1986934178724904 0.0 0.0
97.0 327814863.26468 327814864.8852 327814866.50572 1.0 1.0 5205.443837887176 3.1986934178724904 0.3126276480304631 0.3126276480304631
98.0 327814866.50572 327814868.12624 327814869.74676 0.0 0.0 5205.443837887176 3.1986934178724904 0.0 0.0
99.0 327814869.74676 327814871.36728 327814872.9878 0.0 0.0 5205.443837887176 3.1986934178724904 0.0 0.0
100.0 327814872.9878 327814874.60832 327814876.22884 0.0 0.0 5205.443837887176 3.1986934178724904 0.0 0.0
101.0 327814876.22884 327814877.84936 327814879.46988 0.0 0.0 5205.443837887176 3.1986934178724904 0.0 0.0
102.0 327814879.46988004 327814881.09040004 327814882.71092004 0.0 0.0 5205.443837887176 3.1986934178724904 0.0 0.0
103.0 327814882.71092004 327814884.33144003 327814885.95196 0.0 0.0 5205.443837887176 3.1986934178724904 0.0 0.0
104.0 327814885.95196 327814887.57248 327814889.193 0.0 0.0 5205.443837887176 3.1986934178724904 0.0 0.0
105.0 327814889.193 327814890.81352 327814892.43404 0.0 0.0 5205.443837887176 3.1986934178724904 0.0 0.0
106.0 327814892.43404 327814894.05456 327814895.67508 0.0 0.0 5205.443837887176 3.1986934178724904 0.0 0.0
107.0 327814895.67508 327814897.2956 327814898.91612 0.0 0.0 5205.443837887176 3.1986934178724904 0.0 0.0
108.0 327814898.91612 327814900.53664 327814902.15716 0.0 0.0 5205.443837887176 3.1986934178724904 0.0 0.0
109.0 327814902.15716004 327814903.77768004 327814905.39820004 0.0 0.0 5205.443837887176 3.1986934178724904 0.0 0.0
110.0 327814905.39820004 327814907.01872003 327814908.63924 0.0 0.0 5205.443837887176 3.1986934178724904 0.0 0.0
111.0 327814908.63924 327814910.25976 327814911.88028 1.0 1.0 5205.443837887176 3.1986934178724904 0.3126276480304631 0.3126276480304631
112.0 327814911.88028 327814913.5008 327814915.12132 0.0 0.0 5205.443837887176 3.1986934178724904 0.0 0.0
113.0 327814915.12132 327814916.74184 327814918.36236 0.0 0.0 5205.443837887176 3.1986934178724904 0.0 0.0
114.0 327814918.36236 327814919.98288 327814921.6034 0.0 0.0 5205.443837887176 3.1986934178724904 0.0 0.0
115.0 327814921.6034 327814923.22392 327814924.84444 1.0 1.0 5205.443837887176 3.1986934178724904 0.3126276480304631 0.3126276480304631
116.0 327814924.84444004 327814926.46496004 327814928.08548003 0.0 0.0 5205.443837887176 3.1986934178724904 0.0 0.0
117.0 327814928.08548003 327814929.70600003 327814931.32652 0.0 0.0 5205.443837887176 3.1986934178724904 0.0 0.0
118.0 327814931.32652 327814932.94704 327814934.56756 0.0 0.0 5205.443837887176 3.1986934178724904 0.0 0.0
119.0 327814934.56756 327814936.18808 327814937.8086 0.0 0.0 5205.443837887176 3.1986934178724904 0.0 0.0
120.0 327814937.8086 327814939.42912 327814941.04964 1.0 1.0 5205.443837887176 3.1986934178724904 0.3126276480304631 0.3126276480304631
121.0 327814941.04964 327814942.67016 327814944.29068 0.0 0.0 5205.443837887176 3.1986934178724904 0.0 0.0
122.0 327814944.29068005 327814945.91120005 327814947.53172004 0.0 0.0 5205.443837887176 3.1986934178724904 0.0 0.0
123.0 327814947.53172004 327814949.15224004 327814950.77276003 0.0 0.0 5205.443837887176 3.1986934178724904 0.0 0.0
124.0 327814950.77276003 327814952.39328 327814954.0138 0.0 0.0 5205.443837887176 3.1986934178724904 0.0 0.0
125.0 327814954.0138 327814955.63432 327814957.25484 0.0 0.0 5205.443837887176 3.1986934178724904 0.0 0.0
126.0 327814957.25484 327814958.87536 327814960.49588 0.0 0.0 5205.443837887176 3.1986934178724904 0.0 0.0
127.0 327814960.49588 327814962.1164 327814963.73692 0.0 0.0 5205.443837887176 3.1986934178724904 0.0 0.0
128.0 327814963.73692 327814965.35744 327814966.97796 1.0 1.0 5205.443837887176 3.1986934178724904 0.3126276480304631 0.3126276480304631
129.0 327814966.97796005 327814968.59848005 327814970.21900004 0.0 0.0 5205.443837887176 3.1986934178724904 0.0 0.0
130.0 327814970.21900004 327814971.83952004 327814973.46004003 0.0 0.0 5205.443837887176 3.1986934178724904 0.0 0.0
131.0 327814973.46004003 327814975.08056 327814976.70108 0.0 0.0 5205.443837887176 3.1986934178724904 0.0 0.0
132.0 327814976.70108 327814978.3216 327814979.94212 0.0 0.0 5205.443837887176 3.1986934178724904 0.0 0.0
133.0 327814979.94212 327814981.56264 327814983.18316 0.0 0.0 5205.443837887176 3.1986934178724904 0.0 0.0
134.0 327814983.18316 327814984.80368 327814986.4242 1.0 1.0 5205.443837887176 3.1986934178724904 0.3126276480304631 0.3126276480304631
135.0 327814986.4242 327814988.04472 327814989.66524 0.0 0.0 5205.443837887176 3.1986934178724904 0.0 0.0
136.0 327814989.66524005 327814991.28576005 327814992.90628004 0.0 0.0 5205.443837887176 3.1986934178724904 0.0 0.0
137.0 327814992.90628004 327814994.52680004 327814996.14732003 0.0 0.0 5205.443837887176 3.1986934178724904 0.0 0.0
138.0 327814996.14732003 327814997.76784 327814999.38836 0.0 0.0 5205.443837887176 3.1986934178724904 0.0 0.0
139.0 327814999.38836 327815001.00888 327815002.6294 0.0 0.0 5205.443837887176 3.1986934178724904 0.0 0.0
140.0 327815002.6294 327815004.24992 327815005.87044 0.0 0.0 5205.443837887176 3.1986934178724904 0.0 0.0
141.0 327815005.87044 327815007.49096 327815009.11148 0.0 0.0 5205.443837887176 3.1986934178724904 0.0 0.0
142.0 327815009.11148 327815010.732 327815012.35252 0.0 0.0 5205.443837887176 3.1986934178724904 0.0 0.0
143.0 327815012.35252005 327815013.97304004 327815015.59356004 0.0 0.0 5205.443837887176 3.1986934178724904 0.0 0.0
144.0 327815015.59356004 327815017.21408004 327815018.83460003 0.0 0.0 5205.443837887176 3.1986934178724904 0.0 0.0
145.0 327815018.83460003 327815020.45512 327815022.07564 0.0 0.0 5205.443837887176 3.1986934178724904 0.0 0.0
146.0 327815022.07564 327815023.69616 327815025.31668 1.0 1.0 5205.443837887176 3.1986934178724904 0.3126276480304631 0.3126276480304631
147.0 327815025.31668 327815026.9372 327815028.55772 0.0 0.0 5205.443837887176 3.1986934178724904 0.0 0.0
148.0 327815028.55772 327815030.17824 327815031.79876 0.0 0.0 5205.443837887176 3.1986934178724904 0.0 0.0
149.0 327815031.79876 327815033.41928 327815035.0398 0.0 0.0 5205.443837887176 3.1986934178724904 0.0 0.0
150.0 327815035.03980005 327815036.66032004 327815038.28084004 0.0 0.0 5205.443837887176 3.1986934178724904 0.0 0.0
151.0 327815038.28084004 327815039.90136003 327815041.52188003 0.0 0.0 5205.443837887176 3.1986934178724904 0.0 0.0
152.0 327815041.52188003 327815043.1424 327815044.76292 0.0 0.0 5205.443837887176 3.1986934178724904 0.0 0.0
153.0 327815044.76292 327815046.38344 327815048.00396 0.0 0.0 5205.443837887176 3.1986934178724904 0.0 0.0
154.0 327815048.00396 327815049.62448 327815051.245 0.0 0.0 5205.443837887176 3.1986934178724904 0.0 0.0
155.0 327815051.245 327815052.86552 327815054.48604 0.0 0.0 5205.443837887176 3.1986934178724904 0.0 0.0
156.0 327815054.48604 327815056.10656 327815057.72708 0.0 0.0 5205.443837887176 3.1986934178724904 0.0 0.0
157.0 327815057.72708005 327815059.34760004 327815060.96812004 0.0 0.0 5205.443837887176 3.1986934178724904 0.0 0.0
158.0 327815060.96812004 327815062.58864003 327815064.20916003 0.0 0.0 5205.443837887176 3.1986934178724904 0.0 0.0
159.0 327815064.20916003 327815065.82968 327815067.4502 0.0 0.0 5205.443837887176 3.1986934178724904 0.0 0.0
160.0 327815067.4502 327815069.07072 327815070.69124 0.0 0.0 5205.443837887176 3.1986934178724904 0.0 0.0
161.0 327815070.69124 327815072.31176 327815073.93228 0.0 0.0 5205.443837887176 3.1986934178724904 0.0 0.0
162.0 327815073.93228 327815075.5528 327815077.17332 0.0 0.0 5205.443837887176 3.1986934178724904 0.0 0.0
163.0 327815077.17332 327815078.79384 327815080.41436 0.0 0.0 5205.443837887176 3.1986934178724904 0.0 0.0
164.0 327815080.41436005 327815082.03488004 327815083.65540004 0.0 0.0 5205.443837887176 3.1986934178724904 0.0 0.0
165.0 327815083.65540004 327815085.27592003 327815086.89644 0.0 0.0 5205.443837887176 2.0508859988289703 0.0 0.0
166.0 327815086.89644 327815088.51696 327815090.13748 0.0 0.0 5205.443837887176 1.2465498709014913 0.0 0.0
167.0 327815090.13748 327815091.758 327815093.37852 0.0 0.0 5205.443837887176 3.1986934178724904 0.0 0.0
168.0 327815093.37852 327815094.99904 327815096.61956 1.0 1.0 5205.443837887176 3.1986934178724904 0.3126276480304631 0.3126276480304631
169.0 327815096.61956 327815098.24008 327815099.8606 0.0 0.0 5205.443837887176 3.1986934178724904 0.0 0.0
170.0 327815099.8606 327815101.48112 327815103.10164 0.0 0.0 5205.443837887176 3.1986934178724904 0.0 0.0
171.0 327815103.10164005 327815104.72216004 327815106.34268004 0.0 0.0 5205.443837887176 3.1986934178724904 0.0 0.0
172.0 327815106.34268004 327815107.96320003 327815109.58372 0.0 0.0 5205.443837887176 3.1986934178724904 0.0 0.0
173.0 327815109.58372 327815111.20424 327815112.82476 0.0 0.0 5205.443837887176 3.1986934178724904 0.0 0.0
174.0 327815112.82476 327815114.44528 327815116.0658 0.0 0.0 5205.443837887176 3.1986934178724904 0.0 0.0
175.0 327815116.0658 327815117.68632 327815119.30684 0.0 0.0 5205.443837887176 3.1986934178724904 0.0 0.0
176.0 327815119.30684 327815120.92736 327815122.54788 0.0 0.0 5205.443837887176 3.1986934178724904 0.0 0.0
177.0 327815122.54788 327815124.1684 327815125.78892 0.0 0.0 5205.443837887176 3.1986934178724904 0.0 0.0
178.0 327815125.78892004 327815127.40944004 327815129.02996004 0.0 0.0 5205.443837887176 3.1986934178724904 0.0 0.0
179.0 327815129.02996004 327815130.65048003 327815132.271 0.0 0.0 5205.443837887176 3.1986934178724904 0.0 0.0
180.0 327815132.271 327815133.89152 327815135.51204 0.0 0.0 5205.443837887176 3.1986934178724904 0.0 0.0
181.0 327815135.51204 327815137.13256 327815138.75308 0.0 0.0 5205.443837887176 3.1986934178724904 0.0 0.0
182.0 327815138.75308 327815140.3736 327815141.99412 0.0 0.0 5205.443837887176 3.1986934178724904 0.0 0.0
183.0 327815141.99412 327815143.61464 327815145.23516 0.0 0.0 5205.443837887176 3.1986934178724904 0.0 0.0
184.0 327815145.23516 327815146.85568 327815148.4762 0.0 0.0 5205.443837887176 3.1986934178724904 0.0 0.0
185.0 327815148.47620004 327815150.09672004 327815151.71724004 0.0 0.0 5205.443837887176 3.1986934178724904 0.0 0.0
186.0 327815151.71724004 327815153.33776003 327815154.95828 0.0 0.0 5205.443837887176 3.1986934178724904 0.0 0.0
187.0 327815154.95828 327815156.5788 327815158.19932 0.0 0.0 5205.443837887176 3.1986934178724904 0.0 0.0
188.0 327815158.19932 327815159.81984 327815161.44036 0.0 0.0 5205.443837887176 3.1986934178724904 0.0 0.0
189.0 327815161.44036 327815163.06088 327815164.6814 0.0 0.0 5205.443837887176 3.1986934178724904 0.0 0.0
190.0 327815164.6814 327815166.30192 327815167.92244 1.0 1.0 5205.443837887176 3.1986934178724904 0.3126276480304631 0.3126276480304631
191.0 327815167.92244 327815169.54296 327815171.16348 0.0 0.0 5205.443837887176 3.1986934178724904 0.0 0.0
192.0 327815171.16348004 327815172.78400004 327815174.40452003 0.0 0.0 5205.443837887176 3.1986934178724904 0.0 0.0
193.0 327815174.40452003 327815176.02504003 327815177.64556 0.0 0.0 5205.443837887176 3.1986934178724904 0.0 0.0
194.0 327815177.64556 327815179.26608 327815180.8866 1.0 1.0 5205.443837887176 3.1986934178724904 0.3126276480304631 0.3126276480304631
195.0 327815180.8866 327815182.50712 327815184.12764 0.0 0.0 5205.443837887176 3.1986934178724904 0.0 0.0
196.0 327815184.12764 327815185.74816 327815187.36868 0.0 0.0 5205.443837887176 3.1986934178724904 0.0 0.0
197.0 327815187.36868 327815188.9892 327815190.60972 0.0 0.0 5205.443837887176 3.1986934178724904 0.0 0.0
198.0 327815190.60972 327815192.23024 327815193.85076 0.0 0.0 5205.443837887176 3.1986934178724904 0.0 0.0
199.0 327815193.85076004 327815195.47128004 327815197.09180003 0.0 0.0 5205.443837887176 3.1986934178724904 0.0 0.0
200.0 327815197.09180003 327815198.71232 327815200.33284 0.0 0.0 5205.443837887176 3.1986934178724904 0.0 0.0
201.0 327815200.33284 327815201.95336 327815203.57388 0.0 0.0 5205.443837887176 3.1986934178724904 0.0 0.0
202.0 327815203.57388 327815205.1944 327815206.81492 0.0 0.0 5205.443837887176 3.1986934178724904 0.0 0.0
203.0 327815206.81492 327815208.43544 327815210.05596 0.0 0.0 5205.443837887176 3.1986934178724904 0.0 0.0
204.0 327815210.05596 327815211.67648 327815213.297 0.0 0.0 5205.443837887176 3.1986934178724904 0.0 0.0
205.0 327815213.29700005 327815214.91752005 327815216.53804004 0.0 0.0 5205.443837887176 3.1986934178724904 0.0 0.0
206.0 327815216.53804004 327815218.15856004 327815219.77908003 0.0 0.0 5205.443837887176 3.1986934178724904 0.0 0.0
207.0 327815219.77908003 327815221.3996 327815223.02012 0.0 0.0 5205.443837887176 3.1986934178724904 0.0 0.0
208.0 327815223.02012 327815224.64064 327815226.26116 0.0 0.0 5205.443837887176 3.1986934178724904 0.0 0.0
209.0 327815226.26116 327815227.88168 327815229.5022 0.0 0.0 5205.443837887176 3.1986934178724904 0.0 0.0
210.0 327815229.5022 327815231.12272 327815232.74324 1.0 1.0 5205.443837887176 3.1986934178724904 0.3126276480304631 0.3126276480304631
211.0 327815232.74324 327815234.36376 327815235.98428 0.0 0.0 5205.443837887176 3.1986934178724904 0.0 0.0
212.0 327815235.98428005 327815237.60480005 327815239.22532004 0.0 0.0 5205.443837887176 3.1986934178724904 0.0 0.0
213.0 327815239.22532004 327815240.84584004 327815242.46636003 0.0 0.0 5205.443837887176 3.1986934178724904 0.0 0.0
214.0 327815242.46636003 327815244.08688 327815245.7074 0.0 0.0 5205.443837887176 3.1986934178724904 0.0 0.0
215.0 327815245.7074 327815247.32792 327815248.94844 0.0 0.0 5205.443837887176 3.1986934178724904 0.0 0.0
216.0 327815248.94844 327815250.56896 327815252.18948 0.0 0.0 5205.443837887176 3.1986934178724904 0.0 0.0
217.0 327815252.18948 327815253.81 327815255.43052 0.0 0.0 5205.443837887176 3.1986934178724904 0.0 0.0
218.0 327815255.43052 327815257.05104 327815258.67156 0.0 0.0 5205.443837887176 3.1986934178724904 0.0 0.0
219.0 327815258.67156005 327815260.29208004 327815261.91260004 0.0 0.0 5205.443837887176 3.1986934178724904 0.0 0.0
220.0 327815261.91260004 327815263.53312004 327815265.15364003 0.0 0.0 5205.443837887176 3.1986934178724904 0.0 0.0
221.0 327815265.15364003 327815266.77416 327815268.39468 0.0 0.0 5205.443837887176 3.1986934178724904 0.0 0.0
222.0 327815268.39468 327815270.0152 327815271.63572 0.0 0.0 5205.443837887176 3.1986934178724904 0.0 0.0
223.0 327815271.63572 327815273.25624 327815274.87676 0.0 0.0 5205.443837887176 3.1986934178724904 0.0 0.0
224.0 327815274.87676 327815276.49728 327815278.1178 0.0 0.0 5205.443837887176 3.1986934178724904 0.0 0.0
225.0 327815278.1178 327815279.73832 327815281.35884 0.0 0.0 5205.443837887176 3.1986934178724904 0.0 0.0
226.0 327815281.35884005 327815282.97936004 327815284.59988004 0.0 0.0 5205.443837887176 3.1986934178724904 0.0 0.0
227.0 327815284.59988004 327815286.22040004 327815287.84092003 0.0 0.0 5205.443837887176 3.1986934178724904 0.0 0.0
228.0 327815287.84092003 327815289.46144 327815291.08196 0.0 0.0 5205.443837887176 3.1986934178724904 0.0 0.0
229.0 327815291.08196 327815292.70248 327815294.323 0.0 0.0 5205.443837887176 3.1986934178724904 0.0 0.0
230.0 327815294.323 327815295.94352 327815297.56404 1.0 1.0 5205.443837887176 3.1986934178724904 0.3126276480304631 0.3126276480304631
231.0 327815297.56404 327815299.18456 327815300.80508 0.0 0.0 5205.443837887176 3.1986934178724904 0.0 0.0
232.0 327815300.80508 327815302.4256 327815304.04612 0.0 0.0 5205.443837887176 3.1986934178724904 0.0 0.0
233.0 327815304.04612005 327815305.66664004 327815307.28716004 0.0 0.0 5205.443837887176 3.1986934178724904 0.0 0.0
234.0 327815307.28716004 327815308.90768003 327815310.52820003 0.0 0.0 5205.443837887176 3.1986934178724904 0.0 0.0
235.0 327815310.52820003 327815312.14872 327815313.76924 0.0 0.0 5205.443837887176 3.1986934178724904 0.0 0.0
236.0 327815313.76924 327815315.38976 327815317.01028 0.0 0.0 5205.443837887176 3.1986934178724904 0.0 0.0
237.0 327815317.01028 327815318.6308 327815320.25132 0.0 0.0 5205.443837887176 3.1986934178724904 0.0 0.0
238.0 327815320.25132 327815321.87184 327815323.49236 0.0 0.0 5205.443837887176 3.1986934178724904 0.0 0.0
239.0 327815323.49236 327815325.11288 327815326.7334 0.0 0.0 5205.443837887176 3.1986934178724904 0.0 0.0
240.0 327815326.73340005 327815328.35392004 327815329.97444004 0.0 0.0 5205.443837887176 3.1986934178724904 0.0 0.0
241.0 327815329.97444004 327815331.59496003 327815333.21548 0.0 0.0 5205.443837887176 3.1986934178724904 0.0 0.0
242.0 327815333.21548 327815334.836 327815336.45652 0.0 0.0 5205.443837887176 3.1986934178724904 0.0 0.0
243.0 327815336.45652 327815338.07704 327815339.69756 0.0 0.0 5205.443837887176 3.1986934178724904 0.0 0.0
244.0 327815339.69756 327815341.31808 327815342.9386 0.0 0.0 5205.443837887176 3.1986934178724904 0.0 0.0
245.0 327815342.9386 327815344.55912 327815346.17964 0.0 0.0 5205.443837887176 3.1986934178724904 0.0 0.0
246.0 327815346.17964 327815347.80016 327815349.42068 0.0 0.0 5205.443837887176 3.1986934178724904 0.0 0.0
247.0 327815349.42068005 327815351.04120004 327815352.66172004 1.0 1.0 5205.443837887176 3.1986934178724904 0.3126276480304631 0.3126276480304631
248.0 327815352.66172004 327815354.28224003 327815355.90276 0.0 0.0 5205.443837887176 3.1986934178724904 0.0 0.0
249.0 327815355.90276 327815357.52328 327815359.1438 0.0 0.0 5205.443837887176 3.1986934178724904 0.0 0.0
250.0 327815359.1438 327815360.76432 327815362.38484 0.0 0.0 5205.443837887176 3.1986934178724904 0.0 0.0
251.0 327815362.38484 327815364.00536 327815365.62588 0.0 0.0 5205.443837887176 3.1986934178724904 0.0 0.0
252.0 327815365.62588 327815367.2464 327815368.86692 0.0 0.0 5205.443837887176 3.1986934178724904 0.0 0.0
253.0 327815368.86692 327815370.48744 327815372.10796 0.0 0.0 5205.443837887176 3.1986934178724904 0.0 0.0
254.0 327815372.10796005 327815373.72848004 327815375.34900004 0.0 0.0 5205.443837887176 3.1986934178724904 0.0 0.0
255.0 327815375.34900004 327815376.96952003 327815378.59004 0.0 0.0 5205.443837887176 3.1986934178724904 0.0 0.0
256.0 327815378.59004 327815380.21056 327815381.83108 0.0 0.0 5205.443837887176 3.1986934178724904 0.0 0.0
257.0 327815381.83108 327815383.4516 327815385.07212 0.0 0.0 5205.443837887176 3.1986934178724904 0.0 0.0
258.0 327815385.07212 327815386.69264 327815388.31316 0.0 0.0 5205.443837887176 3.1986934178724904 0.0 0.0
259.0 327815388.31316 327815389.93368 327815391.5542 0.0 0.0 5205.443837887176 3.1986934178724904 0.0 0.0
260.0 327815391.5542 327815393.17472 327815394.79524 0.0 0.0 5205.443837887176 3.1986934178724904 0.0 0.0
261.0 327815394.79524004 327815396.41576004 327815398.03628004 0.0 0.0 5205.443837887176 3.1986934178724904 0.0 0.0
262.0 327815398.03628004 327815399.65680003 327815401.27732 0.0 0.0 5205.443837887176 3.1986934178724904 0.0 0.0
263.0 327815401.27732 327815402.89784 327815404.51836 0.0 0.0 5205.443837887176 3.1986934178724904 0.0 0.0
264.0 327815404.51836 327815406.13888 327815407.7594 0.0 0.0 5205.443837887176 3.1986934178724904 0.0 0.0
265.0 327815407.7594 327815409.37992 327815411.00044 0.0 0.0 5205.443837887176 3.1986934178724904 0.0 0.0
266.0 327815411.00044 327815412.62096 327815414.24148 0.0 0.0 5205.443837887176 3.1986934178724904 0.0 0.0
267.0 327815414.24148 327815415.862 327815417.48252 0.0 0.0 5205.443837887176 3.1986934178724904 0.0 0.0
268.0 327815417.48252004 327815419.10304004 327815420.72356004 0.0 0.0 5205.443837887176 3.1986934178724904 0.0 0.0
269.0 327815420.72356004 327815422.34408003 327815423.9646 1.0 1.0 5205.443837887176 3.1986934178724904 0.3126276480304631 0.3126276480304631
270.0 327815423.9646 327815425.58512 327815427.20564 0.0 0.0 5205.443837887176 3.1986934178724904 0.0 0.0
271.0 327815427.20564 327815428.82616 327815430.44668 0.0 0.0 5205.443837887176 3.1986934178724904 0.0 0.0
272.0 327815430.44668 327815432.0672 327815433.68772 0.0 0.0 5205.443837887176 3.1986934178724904 0.0 0.0
273.0 327815433.68772 327815435.30824 327815436.92876 0.0 0.0 5205.443837887176 3.1986934178724904 0.0 0.0
274.0 327815436.92876 327815438.54928 327815440.1698 0.0 0.0 5205.443837887176 3.1986934178724904 0.0 0.0
275.0 327815440.16980004 327815441.79032004 327815443.41084003 0.0 0.0 5205.443837887176 3.1986934178724904 0.0 0.0
276.0 327815443.41084003 327815445.03136003 327815446.65188 0.0 0.0 5205.443837887176 3.1986934178724904 0.0 0.0
277.0 327815446.65188 327815448.2724 327815449.89292 0.0 0.0 5205.443837887176 3.1986934178724904 0.0 0.0
278.0 327815449.89292 327815451.51344 327815453.13396 0.0 0.0 5205.443837887176 3.1986934178724904 0.0 0.0
279.0 327815453.13396 327815454.75448 327815456.375 0.0 0.0 5205.443837887176 3.1986934178724904 0.0 0.0
280.0 327815456.375 327815457.99552 327815459.61604 0.0 0.0 5205.443837887176 3.1986934178724904 0.0 0.0
281.0 327815459.61604 327815461.23656 327815462.85708 0.0 0.0 5205.443837887176 3.1986934178724904 0.0 0.0
282.0 327815462.85708004 327815464.47760004 327815466.09812003 0.0 0.0 5205.443837887176 3.1986934178724904 0.0 0.0
283.0 327815466.09812003 327815467.71864 327815469.33916 0.0 0.0 5205.443837887176 3.1986934178724904 0.0 0.0
284.0 327815469.33916 327815470.95968 327815472.5802 0.0 0.0 5205.443837887176 3.1986934178724904 0.0 0.0
285.0 327815472.5802 327815474.20072 327815475.82124 0.0 0.0 5205.443837887176 3.1986934178724904 0.0 0.0
286.0 327815475.82124 327815477.44176 327815479.06228 0.0 0.0 5205.443837887176 3.1986934178724904 0.0 0.0
287.0 327815479.06228 327815480.6828 327815482.30332 0.0 0.0 5205.443837887176 3.1986934178724904 0.0 0.0
288.0 327815482.30332005 327815483.92384005 327815485.54436004 0.0 0.0 5205.443837887176 3.1986934178724904 0.0 0.0
289.0 327815485.54436004 327815487.16488004 327815488.78540003 0.0 0.0 5205.443837887176 3.1986934178724904 0.0 0.0
290.0 327815488.78540003 327815490.40592 327815492.02644 2.0 1.4142135623730951 5205.443837887176 3.1986934178724904 0.6252552960609262 0.4421222598174834
291.0 327815492.02644 327815493.64696 327815495.26748 0.0 0.0 5205.443837887176 3.1986934178724904 0.0 0.0
292.0 327815495.26748 327815496.888 327815498.50852 0.0 0.0 5205.443837887176 3.1986934178724904 0.0 0.0
293.0 327815498.50852 327815500.12904 327815501.74956 0.0 0.0 5205.443837887176 3.1986934178724904 0.0 0.0
294.0 327815501.74956 327815503.37008 327815504.9906 0.0 0.0 5205.443837887176 3.1986934178724904 0.0 0.0
295.0 327815504.99060005 327815506.61112005 327815508.23164004 0.0 0.0 5205.443837887176 3.1986934178724904 0.0 0.0
296.0 327815508.23164004 327815509.85216004 327815511.47268003 0.0 0.0 5205.443837887176 3.1986934178724904 0.0 0.0
297.0 327815511.47268003 327815513.0932 327815514.71372 0.0 0.0 5205.443837887176 3.1986934178724904 0.0 0.0
298.0 327815514.71372 327815516.33424 327815517.95476 0.0 0.0 5205.443837887176 3.1986934178724904 0.0 0.0
299.0 327815517.95476 327815519.57528 327815521.1958 0.0 0.0 5205.443837887176 3.1986934178724904 0.0 0.0
300.0 327815521.1958 327815522.81632 327815524.43684 0.0 0.0 5205.443837887176 3.1986934178724904 0.0 0.0
301.0 327815524.43684 327815526.05736 327815527.67788 0.0 0.0 5205.443837887176 3.1986934178724904 0.0 0.0
302.0 327815527.67788005 327815529.29840004 327815530.91892004 0.0 0.0 5205.443837887176 3.1986934178724904 0.0 0.0
303.0 327815530.91892004 327815532.53944004 327815534.15996003 1.0 1.0 5205.443837887176 3.1986934178724904 0.3126276480304631 0.3126276480304631
304.0 327815534.15996003 327815535.78048 327815537.401 0.0 0.0 5205.443837887176 3.1986934178724904 0.0 0.0
305.0 327815537.401 327815539.02152 327815540.64204 0.0 0.0 5205.443837887176 3.1986934178724904 0.0 0.0
306.0 327815540.64204 327815542.26256 327815543.88308 0.0 0.0 5205.443837887176 3.1986934178724904 0.0 0.0
307.0 327815543.88308 327815545.5036 327815547.12412 0.0 0.0 5205.443837887176 3.1986934178724904 0.0 0.0
308.0 327815547.12412 327815548.74464 327815550.36516 0.0 0.0 5205.443837887176 3.1986934178724904 0.0 0.0
309.0 327815550.36516005 327815551.98568004 327815553.60620004 0.0 0.0 5205.443837887176 3.1986934178724904 0.0 0.0
310.0 327815553.60620004 327815555.22672004 327815556.84724003 0.0 0.0 5205.443837887176 3.1986934178724904 0.0 0.0
311.0 327815556.84724003 327815558.46776 327815560.08828 0.0 0.0 5205.443837887176 3.1986934178724904 0.0 0.0
312.0 327815560.08828 327815561.7088 327815563.32932 0.0 0.0 5205.443837887176 3.1986934178724904 0.0 0.0
313.0 327815563.32932 327815564.94984 327815566.57036 0.0 0.0 5205.443837887176 3.1986934178724904 0.0 0.0
314.0 327815566.57036 327815568.19088 327815569.8114 0.0 0.0 5205.443837887176 3.1986934178724904 0.0 0.0
315.0 327815569.8114 327815571.43192 327815573.05244 0.0 0.0 5205.443837887176 3.1986934178724904 0.0 0.0
316.0 327815573.05244005 327815574.67296004 327815576.29348004 0.0 0.0 5205.443837887176 3.1986934178724904 0.0 0.0
317.0 327815576.29348004 327815577.91400003 327815579.53452003 0.0 0.0 5205.443837887176 3.1986934178724904 0.0 0.0
318.0 327815579.53452003 327815581.15504 327815582.77556 0.0 0.0 5205.443837887176 3.1986934178724904 0.0 0.0
319.0 327815582.77556 327815584.39608 327815586.0166 0.0 0.0 5205.443837887176 3.1986934178724904 0.0 0.0
320.0 327815586.0166 327815587.63712 327815589.25764 0.0 0.0 5205.443837887176 3.1986934178724904 0.0 0.0
321.0 327815589.25764 327815590.87816 327815592.49868 0.0 0.0 5205.443837887176 3.1986934178724904 0.0 0.0
322.0 327815592.49868 327815594.1192 327815595.73972 0.0 0.0 5205.443837887176 3.1986934178724904 0.0 0.0
323.0 327815595.73972005 327815597.36024004 327815598.98076004 0.0 0.0 5205.443837887176 3.1986934178724904 0.0 0.0
324.0 327815598.98076004 327815600.60128003 327815602.2218 0.0 0.0 5205.443837887176 3.1986934178724904 0.0 0.0
325.0 327815602.2218 327815603.84232 327815605.46284 0.0 0.0 5205.443837887176 3.1986934178724904 0.0 0.0
326.0 327815605.46284 327815607.08336 327815608.70388 0.0 0.0 5205.443837887176 3.1986934178724904 0.0 0.0
327.0 327815608.70388 327815610.3244 327815611.94492 0.0 0.0 5205.443837887176 3.1986934178724904 0.0 0.0
328.0 327815611.94492 327815613.56544 327815615.18596 0.0 0.0 5205.443837887176 3.1986934178724904 0.0 0.0
329.0 327815615.18596 327815616.80648 327815618.427 1.0 1.0 5205.443837887176 3.1986934178724904 0.3126276480304631 0.3126276480304631
330.0 327815618.42700005 327815620.04752004 327815621.66804004 0.0 0.0 5205.443837887176 3.1986934178724904 0.0 0.0
331.0 327815621.66804004 327815623.28856003 327815624.90908 0.0 0.0 5205.443837887176 3.1986934178724904 0.0 0.0
332.0 327815624.90908 327815626.5296 327815628.15012 0.0 0.0 5205.443837887176 3.1986934178724904 0.0 0.0
333.0 327815628.15012 327815629.77064 327815631.39116 0.0 0.0 5205.443837887176 3.1986934178724904 0.0 0.0
334.0 327815631.39116 327815633.01168 327815634.6322 0.0 0.0 5205.443837887176 3.1986934178724904 0.0 0.0
335.0 327815634.6322 327815636.25272 327815637.87324 0.0 0.0 5205.443837887176 3.1986934178724904 0.0 0.0
336.0 327815637.87324 327815639.49376 327815641.11428 0.0 0.0 5205.443837887176 3.1986934178724904 0.0 0.0
337.0 327815641.11428005 327815642.73480004 327815644.35532004 0.0 0.0 5205.443837887176 3.1986934178724904 0.0 0.0
338.0 327815644.35532004 327815645.97584003 327815647.59636 0.0 0.0 5205.443837887176 3.1986934178724904 0.0 0.0
339.0 327815647.59636 327815649.21688 327815650.8374 0.0 0.0 5205.443837887176 3.1986934178724904 0.0 0.0
340.0 327815650.8374 327815652.45792 327815654.07844 0.0 0.0 5205.443837887176 3.1986934178724904 0.0 0.0
341.0 327815654.07844 327815655.69896 327815657.31948 0.0 0.0 5205.443837887176 3.1986934178724904 0.0 0.0
342.0 327815657.31948 327815658.94 327815660.56052 0.0 0.0 5205.443837887176 3.1986934178724904 0.0 0.0
343.0 327815660.56052 327815662.18104 327815663.80156 0.0 0.0 5205.443837887176 3.1986934178724904 0.0 0.0
344.0 327815663.80156004 327815665.42208004 327815667.04260004 0.0 0.0 5205.443837887176 3.1986934178724904 0.0 0.0
345.0 327815667.04260004 327815668.66312003 327815670.28364 0.0 0.0 5205.443837887176 3.1986934178724904 0.0 0.0
346.0 327815670.28364 327815671.90416 327815673.52468 0.0 0.0 5205.443837887176 3.1986934178724904 0.0 0.0
347.0 327815673.52468 327815675.1452 327815676.76572 0.0 0.0 5205.443837887176 3.1986934178724904 0.0 0.0
348.0 327815676.76572 327815678.38624 327815680.00676 0.0 0.0 5205.443837887176 3.1986934178724904 0.0 0.0
349.0 327815680.00676 327815681.62728 327815683.2478 0.0 0.0 5205.443837887176 3.1986934178724904 0.0 0.0
350.0 327815683.2478 327815684.86832 327815686.48884 1.0 1.0 5205.443837887176 3.1986934178724904 0.3126276480304631 0.3126276480304631
351.0 327815686.48884004 327815688.10936004 327815689.72988003 0.0 0.0 5205.443837887176 3.1986934178724904 0.0 0.0
352.0 327815689.72988003 327815691.35040003 327815692.97092 0.0 0.0 5205.443837887176 3.1986934178724904 0.0 0.0
353.0 327815692.97092 327815694.59144 327815696.21196 0.0 0.0 5205.443837887176 3.1986934178724904 0.0 0.0
354.0 327815696.21196 327815697.83248 327815699.453 0.0 0.0 5205.443837887176 3.1986934178724904 0.0 0.0
355.0 327815699.453 327815701.07352 327815702.69404 1.0 1.0 5205.443837887176 3.1986934178724904 0.3126276480304631 0.3126276480304631
356.0 327815702.69404 327815704.31456 327815705.93508 0.0 0.0 5205.443837887176 3.1986934178724904 0.0 0.0
357.0 327815705.93508 327815707.5556 327815709.17612 0.0 0.0 5205.443837887176 3.1986934178724904 0.0 0.0
358.0 327815709.17612004 327815710.79664004 327815712.41716003 0.0 0.0 5205.443837887176 3.1986934178724904 0.0 0.0
359.0 327815712.41716003 327815714.03768003 327815715.6582 0.0 0.0 5205.443837887176 3.1986934178724904 0.0 0.0
360.0 327815715.6582 327815717.27872 327815718.89924 0.0 0.0 5205.443837887176 3.1986934178724904 0.0 0.0
361.0 327815718.89924 327815720.51976 327815722.14028 0.0 0.0 5205.443837887176 3.1986934178724904 0.0 0.0
362.0 327815722.14028 327815723.7608 327815725.38132 0.0 0.0 5205.443837887176 3.1986934178724904 0.0 0.0
363.0 327815725.38132 327815727.00184 327815728.62236 0.0 0.0 5205.443837887176 3.1986934178724904 0.0 0.0
364.0 327815728.62236005 327815730.24288005 327815731.86340004 0.0 0.0 5205.443837887176 3.1986934178724904 0.0 0.0
365.0 327815731.86340004 327815733.48392004 327815735.10444003 0.0 0.0 5205.443837887176 3.1986934178724904 0.0 0.0
366.0 327815735.10444003 327815736.72496 327815738.34548 1.0 1.0 5205.443837887176 3.1986934178724904 0.3126276480304631 0.3126276480304631
367.0 327815738.34548 327815739.966 327815741.58652 0.0 0.0 5205.443837887176 3.1986934178724904 0.0 0.0
368.0 327815741.58652 327815743.20704 327815744.82756 0.0 0.0 5205.443837887176 3.1986934178724904 0.0 0.0
369.0 327815744.82756 327815746.44808 327815748.0686 0.0 0.0 5205.443837887176 3.1986934178724904 0.0 0.0
370.0 327815748.0686 327815749.68912 327815751.30964 0.0 0.0 5205.443837887176 3.1986934178724904 0.0 0.0
371.0 327815751.30964005 327815752.93016005 327815754.55068004 0.0 0.0 5205.443837887176 3.1986934178724904 0.0 0.0
372.0 327815754.55068004 327815756.17120004 327815757.79172003 0.0 0.0 5205.443837887176 3.1986934178724904 0.0 0.0
373.0 327815757.79172003 327815759.41224 327815761.03276 0.0 0.0 5205.443837887176 3.1986934178724904 0.0 0.0
374.0 327815761.03276 327815762.65328 327815764.2738 0.0 0.0 5205.443837887176 3.1986934178724904 0.0 0.0
375.0 327815764.2738 327815765.89432 327815767.51484 0.0 0.0 5205.443837887176 3.1986934178724904 0.0 0.0
376.0 327815767.51484 327815769.13536 327815770.75588 0.0 0.0 5205.443837887176 3.1986934178724904 0.0 0.0
377.0 327815770.75588 327815772.3764 327815773.99692 0.0 0.0 5205.443837887176 3.1986934178724904 0.0 0.0
378.0 327815773.99692005 327815775.61744004 327815777.23796004 0.0 0.0 5205.443837887176 3.1986934178724904 0.0 0.0
379.0 327815777.23796004 327815778.85848004 327815780.47900003 0.0 0.0 5205.443837887176 3.1986934178724904 0.0 0.0
380.0 327815780.47900003 327815782.09952 327815783.72004 0.0 0.0 5205.443837887176 3.1986934178724904 0.0 0.0
381.0 327815783.72004 327815785.34056 327815786.96108 0.0 0.0 5205.443837887176 3.1986934178724904 0.0 0.0
382.0 327815786.96108 327815788.5816 327815790.20212 0.0 0.0 5205.443837887176 3.1986934178724904 0.0 0.0
383.0 327815790.20212 327815791.82264 327815793.44316 0.0 0.0 5205.443837887176 3.1986934178724904 0.0 0.0
384.0 327815793.44316 327815795.06368 327815796.6842 0.0 0.0 5205.443837887176 3.1986934178724904 0.0 0.0
385.0 327815796.68420005 327815798.30472004 327815799.92524004 0.0 0.0 5205.443837887176 3.1986934178724904 0.0 0.0
386.0 327815799.92524004 327815801.54576004 327815803.16628003 0.0 0.0 5205.443837887176 3.1986934178724904 0.0 0.0
387.0 327815803.16628003 327815804.7868 327815806.40732 0.0 0.0 5205.443837887176 3.1986934178724904 0.0 0.0
388.0 327815806.40732 327815808.02784 327815809.64836 0.0 0.0 5205.443837887176 3.1986934178724904 0.0 0.0
389.0 327815809.64836 327815811.26888 327815812.8894 0.0 0.0 5205.443837887176 3.1986934178724904 0.0 0.0
390.0 327815812.8894 327815814.50992 327815816.13044 0.0 0.0 5205.443837887176 3.1986934178724904 0.0 0.0
391.0 327815816.13044 327815817.75096 327815819.37148 0.0 0.0 5205.443837887176 3.1986934178724904 0.0 0.0
392.0 327815819.37148005 327815820.99200004 327815822.61252004 0.0 0.0 5205.443837887176 3.1986934178724904 0.0 0.0
393.0 327815822.61252004 327815824.23304003 327815825.85356003 0.0 0.0 5205.443837887176 3.1986934178724904 0.0 0.0
394.0 327815825.85356003 327815827.47408 327815829.0946 0.0 0.0 5205.443837887176 3.1986934178724904 0.0 0.0
395.0 327815829.0946 327815830.71512 327815832.33564 0.0 0.0 5205.443837887176 3.1986934178724904 0.0 0.0
396.0 327815832.33564 327815833.95616 327815835.57668 0.0 0.0 5205.443837887176 3.1986934178724904 0.0 0.0
397.0 327815835.57668 327815837.1972 327815838.81772 0.0 0.0 5205.443837887176 3.1986934178724904 0.0 0.0
398.0 327815838.81772 327815840.43824 327815842.05876 0.0 0.0 5205.443837887176 3.1986934178724904 0.0 0.0
399.0 327815842.05876005 327815843.67928004 327815845.29980004 0.0 0.0 5205.443837887176 3.1986934178724904 0.0 0.0
400.0 327815845.29980004 327815846.92032003 327815848.54084 0.0 0.0 5205.443837887176 3.1986934178724904 0.0 0.0
401.0 327815848.54084 327815850.16136 327815851.78188 0.0 0.0 5205.443837887176 3.1986934178724904 0.0 0.0
402.0 327815851.78188 327815853.4024 327815855.02292 0.0 0.0 5205.443837887176 3.1986934178724904 0.0 0.0
403.0 327815855.02292 327815856.64344 327815858.26396 0.0 0.0 5205.443837887176 3.1986934178724904 0.0 0.0
404.0 327815858.26396 327815859.88448 327815861.505 0.0 0.0 5205.443837887176 3.1986934178724904 0.0 0.0
405.0 327815861.505 327815863.12552 327815864.74604 1.0 1.0 5205.443837887176 3.1986934178724904 0.3126276480304631 0.3126276480304631
406.0 327815864.74604005 327815866.36656004 327815867.98708004 0.0 0.0 5205.443837887176 3.1986934178724904 0.0 0.0
407.0 327815867.98708004 327815869.60760003 327815871.22812 0.0 0.0 5205.443837887176 3.1986934178724904 0.0 0.0
408.0 327815871.22812 327815872.84864 327815874.46916 0.0 0.0 5205.443837887176 3.1986934178724904 0.0 0.0
409.0 327815874.46916 327815876.08968 327815877.7102 0.0 0.0 5205.443837887176 3.1986934178724904 0.0 0.0
410.0 327815877.7102 327815879.33072 327815880.95124 0.0 0.0 5205.443837887176 3.1986934178724904 0.0 0.0
411.0 327815880.95124 327815882.57176 327815884.19228 0.0 0.0 5205.443837887176 3.1986934178724904 0.0 0.0
412.0 327815884.19228 327815885.8128 327815887.43332 0.0 0.0 5205.443837887176 3.1986934178724904 0.0 0.0
413.0 327815887.43332005 327815889.05384004 327815890.67436004 0.0 0.0 5205.443837887176 3.1986934178724904 0.0 0.0
414.0 327815890.67436004 327815892.29488003 327815893.9154 0.0 0.0 5205.443837887176 3.1986934178724904 0.0 0.0
415.0 327815893.9154 327815895.53592 327815897.15644 0.0 0.0 5205.443837887176 3.1986934178724904 0.0 0.0
416.0 327815897.15644 327815898.77696 327815900.39748 0.0 0.0 5205.443837887176 3.1986934178724904 0.0 0.0
417.0 327815900.39748 327815902.018 327815903.63852 0.0 0.0 5205.443837887176 3.1986934178724904 0.0 0.0
418.0 327815903.63852 327815905.25904 327815906.87956 0.0 0.0 5205.443837887176 3.1986934178724904 0.0 0.0
419.0 327815906.87956 327815908.50008 327815910.1206 0.0 0.0 5205.443837887176 3.1986934178724904 0.0 0.0
420.0 327815910.12060004 327815911.74112004 327815913.36164004 0.0 0.0 5205.443837887176 3.1986934178724904 0.0 0.0
421.0 327815913.36164004 327815914.98216003 327815916.60268 0.0 0.0 5205.443837887176 3.1986934178724904 0.0 0.0
422.0 327815916.60268 327815918.2232 327815919.84372 0.0 0.0 5205.443837887176 3.1986934178724904 0.0 0.0
423.0 327815919.84372 327815921.46424 327815923.08476 0.0 0.0 5205.443837887176 3.1986934178724904 0.0 0.0
424.0 327815923.08476 327815924.70528 327815926.3258 0.0 0.0 5205.443837887176 3.1986934178724904 0.0 0.0
425.0 327815926.3258 327815927.94632 327815929.56684 0.0 0.0 5205.443837887176 3.1986934178724904 0.0 0.0
426.0 327815929.56684 327815931.18736 327815932.80788 0.0 0.0 5205.443837887176 3.1986934178724904 0.0 0.0
427.0 327815932.80788004 327815934.42840004 327815936.04892004 0.0 0.0 5205.443837887176 3.1986934178724904 0.0 0.0
428.0 327815936.04892004 327815937.66944003 327815939.28996 0.0 0.0 5205.443837887176 3.1986934178724904 0.0 0.0
429.0 327815939.28996 327815940.91048 327815942.531 0.0 0.0 5205.443837887176 3.1986934178724904 0.0 0.0
430.0 327815942.531 327815944.15152 327815945.77204 0.0 0.0 5205.443837887176 3.1986934178724904 0.0 0.0
431.0 327815945.77204 327815947.39256 327815949.01308 0.0 0.0 5205.443837887176 3.1986934178724904 0.0 0.0
432.0 327815949.01308 327815950.6336 327815952.25412 0.0 0.0 5205.443837887176 3.1986934178724904 0.0 0.0
433.0 327815952.25412 327815953.87464 327815955.49516 1.0 1.0 5205.443837887176 3.1986934178724904 0.3126276480304631 0.3126276480304631
434.0 327815955.49516004 327815957.11568004 327815958.73620003 0.0 0.0 5205.443837887176 3.1986934178724904 0.0 0.0
435.0 327815958.73620003 327815960.35672003 327815961.97724 0.0 0.0 5205.443837887176 3.1986934178724904 0.0 0.0
436.0 327815961.97724 327815963.59776 327815965.21828 0.0 0.0 5205.443837887176 3.1986934178724904 0.0 0.0
437.0 327815965.21828 327815966.8388 327815968.45932 0.0 0.0 5205.443837887176 3.1986934178724904 0.0 0.0
438.0 327815968.45932 327815970.07984 327815971.70036 0.0 0.0 5205.443837887176 3.1986934178724904 0.0 0.0
439.0 327815971.70036 327815973.32088 327815974.9414 0.0 0.0 5205.443837887176 3.1986934178724904 0.0 0.0
440.0 327815974.9414 327815976.56192 327815978.18244 0.0 0.0 5205.443837887176 3.1986934178724904 0.0 0.0
441.0 327815978.18244004 327815979.80296004 327815981.42348003 0.0 0.0 5205.443837887176 3.1986934178724904 0.0 0.0
442.0 327815981.42348003 327815983.044 327815984.66452 0.0 0.0 5205.443837887176 3.1986934178724904 0.0 0.0
443.0 327815984.66452 327815986.28504 327815987.90556 1.0 1.0 5205.443837887176 3.1986934178724904 0.3126276480304631 0.3126276480304631
444.0 327815987.90556 327815989.52608 327815991.1466 0.0 0.0 5205.443837887176 3.1986934178724904 0.0 0.0
445.0 327815991.1466 327815992.76712 327815994.38764 0.0 0.0 5205.443837887176 3.1986934178724904 0.0 0.0
446.0 327815994.38764 327815996.00816 327815997.62868 0.0 0.0 5205.443837887176 3.1986934178724904 0.0 0.0
447.0 327815997.62868005 327815999.24920005 327816000.86972004 0.0 0.0 5205.443837887176 3.1986934178724904 0.0 0.0
448.0 327816000.86972004 327816002.49024004 327816004.11076003 1.0 1.0 5205.443837887176 3.1986934178724904 0.3126276480304631 0.3126276480304631
449.0 327816004.11076003 327816005.73128 327816007.3518 0.0 0.0 5205.443837887176 3.1986934178724904 0.0 0.0
450.0 327816007.3518 327816008.97232 327816010.59284 0.0 0.0 5205.443837887176 3.1986934178724904 0.0 0.0
451.0 327816010.59284 327816012.21336 327816013.83388 0.0 0.0 5205.443837887176 3.1986934178724904 0.0 0.0
452.0 327816013.83388 327816015.4544 327816017.07492 0.0 0.0 5205.443837887176 3.1986934178724904 0.0 0.0
453.0 327816017.07492 327816018.69544 327816020.31596 0.0 0.0 5205.443837887176 3.1986934178724904 0.0 0.0
454.0 327816020.31596005 327816021.93648005 327816023.55700004 1.0 1.0 5205.443837887176 3.1986934178724904 0.3126276480304631 0.3126276480304631
455.0 327816023.55700004 327816025.17752004 327816026.79804003 0.0 0.0 5205.443837887176 3.1986934178724904 0.0 0.0
456.0 327816026.79804003 327816028.41856 327816030.03908 0.0 0.0 5205.443837887176 3.1986934178724904 0.0 0.0
457.0 327816030.03908 327816031.6596 327816033.28012 0.0 0.0 5205.443837887176 3.1986934178724904 0.0 0.0
458.0 327816033.28012 327816034.90064 327816036.52116 0.0 0.0 5205.443837887176 3.1986934178724904 0.0 0.0
459.0 327816036.52116 327816038.14168 327816039.7622 1.0 1.0 5205.443837887176 3.1986934178724904 0.3126276480304631 0.3126276480304631
460.0 327816039.7622 327816041.38272 327816043.00324 0.0 0.0 5205.443837887176 3.1986934178724904 0.0 0.0
461.0 327816043.00324005 327816044.62376004 327816046.24428004 0.0 0.0 5205.443837887176 3.1986934178724904 0.0 0.0
462.0 327816046.24428004 327816047.86480004 327816049.48532003 0.0 0.0 5205.443837887176 3.1986934178724904 0.0 0.0
463.0 327816049.48532003 327816051.10584 327816052.72636 0.0 0.0 5205.443837887176 3.1986934178724904 0.0 0.0
464.0 327816052.72636 327816054.34688 327816055.9674 0.0 0.0 5205.443837887176 3.1986934178724904 0.0 0.0
465.0 327816055.9674 327816057.58792 327816059.20844 0.0 0.0 5205.443837887176 3.1986934178724904 0.0 0.0
466.0 327816059.20844 327816060.82896 327816062.44948 0.0 0.0 5205.443837887176 3.1986934178724904 0.0 0.0
467.0 327816062.44948 327816064.07 327816065.69052 0.0 0.0 5205.443837887176 3.1986934178724904 0.0 0.0
468.0 327816065.69052005 327816067.31104004 327816068.93156004 0.0 0.0 5205.443837887176 3.1986934178724904 0.0 0.0
469.0 327816068.93156004 327816070.55208004 327816072.17260003 0.0 0.0 5205.443837887176 3.1986934178724904 0.0 0.0
470.0 327816072.17260003 327816073.79312 327816075.41364 0.0 0.0 5205.443837887176 3.1986934178724904 0.0 0.0
471.0 327816075.41364 327816077.03416 327816078.65468 0.0 0.0 5205.443837887176 3.1986934178724904 0.0 0.0
472.0 327816078.65468 327816080.2752 327816081.89572 0.0 0.0 5205.443837887176 3.1986934178724904 0.0 0.0
473.0 327816081.89572 327816083.51624 327816085.13676 0.0 0.0 5205.443837887176 3.1986934178724904 0.0 0.0
474.0 327816085.13676 327816086.75728 327816088.3778 0.0 0.0 5205.443837887176 3.1986934178724904 0.0 0.0
475.0 327816088.37780005 327816089.99832004 327816091.61884004 0.0 0.0 5205.443837887176 3.1986934178724904 0.0 0.0
476.0 327816091.61884004 327816093.23936003 327816094.85988003 0.0 0.0 5205.443837887176 3.1986934178724904 0.0 0.0
477.0 327816094.85988003 327816096.4804 327816098.10092 0.0 0.0 5205.443837887176 3.1986934178724904 0.0 0.0
478.0 327816098.10092 327816099.72144 327816101.34196 0.0 0.0 5205.443837887176 3.1986934178724904 0.0 0.0
479.0 327816101.34196 327816102.96248 327816104.583 0.0 0.0 5205.443837887176 3.1986934178724904 0.0 0.0
480.0 327816104.583 327816106.20352 327816107.82404 0.0 0.0 5205.443837887176 3.1986934178724904 0.0 0.0
481.0 327816107.82404 327816109.44456 327816111.06508 0.0 0.0 5205.443837887176 3.1986934178724904 0.0 0.0
482.0 327816111.06508005 327816112.68560004 327816114.30612004 0.0 0.0 5205.443837887176 3.1986934178724904 0.0 0.0
483.0 327816114.30612004 327816115.92664003 327816117.54716 0.0 0.0 5205.443837887176 3.1986934178724904 0.0 0.0
484.0 327816117.54716 327816119.16768 327816120.7882 0.0 0.0 5205.443837887176 3.1986934178724904 0.0 0.0
485.0 327816120.7882 327816122.40872 327816124.02924 0.0 0.0 5205.443837887176 3.1986934178724904 0.0 0.0
486.0 327816124.02924 327816125.64976 327816127.27028 0.0 0.0 5205.443837887176 3.1986934178724904 0.0 0.0
487.0 327816127.27028 327816128.8908 327816130.51132 0.0 0.0 5205.443837887176 3.1986934178724904 0.0 0.0
488.0 327816130.51132 327816132.13184 327816133.75236 0.0 0.0 5205.443837887176 3.1986934178724904 0.0 0.0
489.0 327816133.75236005 327816135.37288004 327816136.99340004 0.0 0.0 5205.443837887176 3.1986934178724904 0.0 0.0
490.0 327816136.99340004 327816138.61392003 327816140.23444 0.0 0.0 5205.443837887176 3.1986934178724904 0.0 0.0
491.0 327816140.23444 327816141.85496 327816143.47548 0.0 0.0 5205.443837887176 3.1986934178724904 0.0 0.0
492.0 327816143.47548 327816145.096 327816146.71652 0.0 0.0 5205.443837887176 3.1986934178724904 0.0 0.0
493.0 327816146.71652 327816148.33704 327816149.95756 0.0 0.0 5205.443837887176 3.1986934178724904 0.0 0.0
494.0 327816149.95756 327816151.57808 327816153.1986 0.0 0.0 5205.443837887176 3.1986934178724904 0.0 0.0
495.0 327816153.1986 327816154.81912 327816156.43964 1.0 1.0 5205.443837887176 3.1986934178724904 0.3126276480304631 0.3126276480304631
496.0 327816156.43964005 327816158.06016004 327816159.68068004 0.0 0.0 5205.443837887176 3.1986934178724904 0.0 0.0
497.0 327816159.68068004 327816161.30120003 327816162.92172 0.0 0.0 5205.443837887176 3.1986934178724904 0.0 0.0
498.0 327816162.92172 327816164.54224 327816166.16276 0.0 0.0 5205.443837887176 3.1986934178724904 0.0 0.0
499.0 327816166.16276 327816167.78328 327816169.4038 1.0 1.0 5205.443837887176 3.1986934178724904 0.3126276480304631 0.3126276480304631
500.0 327816169.4038 327816171.02432 327816172.64484 0.0 0.0 5205.443837887176 3.1986934178724904 0.0 0.0
501.0 327816172.64484 327816174.26536 327816175.88588 0.0 0.0 5205.443837887176 3.1986934178724904 0.0 0.0
502.0 327816175.88588 327816177.5064 327816179.12692 0.0 0.0 5205.443837887176 3.1986934178724904 0.0 0.0
503.0 327816179.12692004 327816180.74744004 327816182.36796004 1.0 1.0 5205.443837887176 3.1986934178724904 0.3126276480304631 0.3126276480304631
504.0 327816182.36796004 327816183.98848003 327816185.609 0.0 0.0 5205.443837887176 3.1986934178724904 0.0 0.0
505.0 327816185.609 327816187.22952 327816188.85004 0.0 0.0 5205.443837887176 3.1986934178724904 0.0 0.0
506.0 327816188.85004 327816190.47056 327816192.09108 0.0 0.0 5205.443837887176 3.1986934178724904 0.0 0.0
507.0 327816192.09108 327816193.7116 327816195.33212 0.0 0.0 5205.443837887176 3.1986934178724904 0.0 0.0
508.0 327816195.33212 327816196.95264 327816198.57316 0.0 0.0 5205.443837887176 3.1986934178724904 0.0 0.0
509.0 327816198.57316 327816200.19368 327816201.8142 0.0 0.0 5205.443837887176 3.1986934178724904 0.0 0.0
510.0 327816201.81420004 327816203.43472004 327816205.05524004 0.0 0.0 5205.443837887176 3.1986934178724904 0.0 0.0
511.0 327816205.05524004 327816206.67576003 327816208.29628 0.0 0.0 5205.443837887176 3.1986934178724904 0.0 0.0
512.0 327816208.29628 327816209.9168 327816211.53732 0.0 0.0 5205.443837887176 3.1986934178724904 0.0 0.0
513.0 327816211.53732 327816213.15784 327816214.77836 0.0 0.0 5205.443837887176 3.1986934178724904 0.0 0.0
514.0 327816214.77836 327816216.39888 327816218.0194 0.0 0.0 5205.443837887176 3.1986934178724904 0.0 0.0
515.0 327816218.0194 327816219.63992 327816221.26044 0.0 0.0 5205.443837887176 3.1986934178724904 0.0 0.0
516.0 327816221.26044 327816222.88096 327816224.50148 0.0 0.0 5205.443837887176 3.1986934178724904 0.0 0.0
517.0 327816224.50148004 327816226.12200004 327816227.74252003 0.0 0.0 5205.443837887176 3.1986934178724904 0.0 0.0
518.0 327816227.74252003 327816229.36304003 327816230.98356 1.0 1.0 5205.443837887176 3.1986934178724904 0.3126276480304631 0.3126276480304631
519.0 327816230.98356 327816232.60408 327816234.2246 0.0 0.0 5205.443837887176 3.1986934178724904 0.0 0.0
520.0 327816234.2246 327816235.84512 327816237.46564 0.0 0.0 5205.443837887176 3.1986934178724904 0.0 0.0
521.0 327816237.46564 327816239.08616 327816240.70668 0.0 0.0 5205.443837887176 3.1986934178724904 0.0 0.0
522.0 327816240.70668 327816242.3272 327816243.94772 0.0 0.0 5205.443837887176 3.1986934178724904 0.0 0.0
523.0 327816243.94772005 327816245.56824005 327816247.18876004 0.0 0.0 5205.443837887176 3.1986934178724904 0.0 0.0
524.0 327816247.18876004 327816248.80928004 327816250.42980003 0.0 0.0 5205.443837887176 3.1986934178724904 0.0 0.0
525.0 327816250.42980003 327816252.05032 327816253.67084 0.0 0.0 5205.443837887176 3.1986934178724904 0.0 0.0
526.0 327816253.67084 327816255.29136 327816256.91188 0.0 0.0 5205.443837887176 3.1986934178724904 0.0 0.0
527.0 327816256.91188 327816258.5324 327816260.15292 0.0 0.0 5205.443837887176 3.1986934178724904 0.0 0.0
528.0 327816260.15292 327816261.77344 327816263.39396 0.0 0.0 5205.443837887176 3.1986934178724904 0.0 0.0
529.0 327816263.39396 327816265.01448 327816266.635 0.0 0.0 5205.443837887176 3.1986934178724904 0.0 0.0
530.0 327816266.63500005 327816268.25552005 327816269.87604004 0.0 0.0 5205.443837887176 3.1986934178724904 0.0 0.0
531.0 327816269.87604004 327816271.49656004 327816273.11708003 0.0 0.0 5205.443837887176 3.1986934178724904 0.0 0.0
532.0 327816273.11708003 327816274.7376 327816276.35812 0.0 0.0 5205.443837887176 3.1986934178724904 0.0 0.0
533.0 327816276.35812 327816277.97864 327816279.59916 0.0 0.0 5205.443837887176 3.1986934178724904 0.0 0.0
534.0 327816279.59916 327816281.21968 327816282.8402 0.0 0.0 5205.443837887176 3.1986934178724904 0.0 0.0
535.0 327816282.8402 327816284.46072 327816286.08124 0.0 0.0 5205.443837887176 3.1986934178724904 0.0 0.0
536.0 327816286.08124 327816287.70176 327816289.32228 0.0 0.0 5205.443837887176 3.1986934178724904 0.0 0.0
537.0 327816289.32228005 327816290.94280005 327816292.56332004 0.0 0.0 5205.443837887176 3.1986934178724904 0.0 0.0
538.0 327816292.56332004 327816294.18384004 327816295.80436003 0.0 0.0 5205.443837887176 3.1986934178724904 0.0 0.0
539.0 327816295.80436003 327816297.42488 327816299.0454 0.0 0.0 5205.443837887176 3.1986934178724904 0.0 0.0
540.0 327816299.0454 327816300.66592 327816302.28644 1.0 1.0 5205.443837887176 3.1986934178724904 0.3126276480304631 0.3126276480304631
541.0 327816302.28644 327816303.90696 327816305.52748 0.0 0.0 5205.443837887176 3.1986934178724904 0.0 0.0
542.0 327816305.52748 327816307.148 327816308.76852 0.0 0.0 5205.443837887176 3.1986934178724904 0.0 0.0
543.0 327816308.76852 327816310.38904 327816312.00956 0.0 0.0 5205.443837887176 3.1986934178724904 0.0 0.0
544.0 327816312.00956005 327816313.63008004 327816315.25060004 0.0 0.0 5205.443837887176 3.1986934178724904 0.0 0.0
545.0 327816315.25060004 327816316.87112004 327816318.49164003 0.0 0.0 5205.443837887176 3.1986934178724904 0.0 0.0
546.0 327816318.49164003 327816320.11216 327816321.73268 0.0 0.0 5205.443837887176 3.1986934178724904 0.0 0.0
547.0 327816321.73268 327816323.3532 327816324.97372 0.0 0.0 5205.443837887176 3.1986934178724904 0.0 0.0
548.0 327816324.97372 327816326.59424 327816328.21476 0.0 0.0 5205.443837887176 3.1986934178724904 0.0 0.0
549.0 327816328.21476 327816329.83528 327816331.4558 0.0 0.0 5205.443837887176 3.1986934178724904 0.0 0.0
550.0 327816331.4558 327816333.07632 327816334.69684 0.0 0.0 5205.443837887176 3.1986934178724904 0.0 0.0
551.0 327816334.69684005 327816336.31736004 327816337.93788004 0.0 0.0 5205.443837887176 3.1986934178724904 0.0 0.0
552.0 327816337.93788004 327816339.55840003 327816341.17892003 0.0 0.0 5205.443837887176 3.1986934178724904 0.0 0.0
553.0 327816341.17892003 327816342.79944 327816344.41996 0.0 0.0 5205.443837887176 3.1986934178724904 0.0 0.0
554.0 327816344.41996 327816346.04048 327816347.661 0.0 0.0 5205.443837887176 3.1986934178724904 0.0 0.0
555.0 327816347.661 327816349.28152 327816350.90204 0.0 0.0 5205.443837887176 3.1986934178724904 0.0 0.0
556.0 327816350.90204 327816352.52256 327816354.14308 0.0 0.0 5205.443837887176 3.1986934178724904 0.0 0.0
557.0 327816354.14308 327816355.7636 327816357.38412 0.0 0.0 5205.443837887176 3.1986934178724904 0.0 0.0
558.0 327816357.38412005 327816359.00464004 327816360.62516004 0.0 0.0 5205.443837887176 3.1986934178724904 0.0 0.0
559.0 327816360.62516004 327816362.24568003 327816363.86620003 0.0 0.0 5205.443837887176 3.1986934178724904 0.0 0.0
560.0 327816363.86620003 327816365.48672 327816367.10724 0.0 0.0 5205.443837887176 3.1986934178724904 0.0 0.0
561.0 327816367.10724 327816368.72776 327816370.34828 0.0 0.0 5205.443837887176 3.1986934178724904 0.0 0.0
562.0 327816370.34828 327816371.9688 327816373.58932 0.0 0.0 5205.443837887176 3.1986934178724904 0.0 0.0
563.0 327816373.58932 327816375.20984 327816376.83036 0.0 0.0 5205.443837887176 3.1986934178724904 0.0 0.0
564.0 327816376.83036 327816378.45088 327816380.0714 0.0 0.0 5205.443837887176 3.1986934178724904 0.0 0.0
565.0 327816380.07140005 327816381.69192004 327816383.31244004 0.0 0.0 5205.443837887176 3.1986934178724904 0.0 0.0
566.0 327816383.31244004 327816384.93296003 327816386.55348 0.0 0.0 5205.443837887176 3.1986934178724904 0.0 0.0
567.0 327816386.55348 327816388.174 327816389.79452 0.0 0.0 5205.443837887176 3.1986934178724904 0.0 0.0
568.0 327816389.79452 327816391.41504 327816393.03556 0.0 0.0 5205.443837887176 3.1986934178724904 0.0 0.0
569.0 327816393.03556 327816394.65608 327816396.2766 0.0 0.0 5205.443837887176 3.1986934178724904 0.0 0.0
570.0 327816396.2766 327816397.89712 327816399.51764 0.0 0.0 5205.443837887176 3.1986934178724904 0.0 0.0
571.0 327816399.51764 327816401.13816 327816402.75868 0.0 0.0 5205.443837887176 3.1986934178724904 0.0 0.0
572.0 327816402.75868005 327816404.37920004 327816405.99972004 0.0 0.0 5205.443837887176 3.1986934178724904 0.0 0.0
573.0 327816405.99972004 327816407.62024003 327816409.24076 0.0 0.0 5205.443837887176 3.1986934178724904 0.0 0.0
574.0 327816409.24076 327816410.86128 327816412.4818 0.0 0.0 5205.443837887176 3.1986934178724904 0.0 0.0
575.0 327816412.4818 327816414.10232 327816415.72284 0.0 0.0 5205.443837887176 3.1986934178724904 0.0 0.0
576.0 327816415.72284 327816417.34336 327816418.96388 0.0 0.0 5205.443837887176 3.1986934178724904 0.0 0.0
577.0 327816418.96388 327816420.5844 327816422.20492 0.0 0.0 5205.443837887176 3.1986934178724904 0.0 0.0
578.0 327816422.20492 327816423.82544 327816425.44596 1.0 1.0 5205.443837887176 3.1986934178724904 0.3126276480304631 0.3126276480304631
579.0 327816425.44596004 327816427.06648004 327816428.68700004 0.0 0.0 5205.443837887176 3.1986934178724904 0.0 0.0
580.0 327816428.68700004 327816430.30752003 327816431.92804 0.0 0.0 5205.443837887176 3.1986934178724904 0.0 0.0
581.0 327816431.92804 327816433.54856 327816435.16908 0.0 0.0 5205.443837887176 3.1986934178724904 0.0 0.0
582.0 327816435.16908 327816436.7896 327816438.41012 0.0 0.0 5205.443837887176 3.1986934178724904 0.0 0.0
583.0 327816438.41012 327816440.03064 327816441.65116 1.0 1.0 5205.443837887176 3.1986934178724904 0.3126276480304631 0.3126276480304631
584.0 327816441.65116 327816443.27168 327816444.8922 1.0 1.0 5205.443837887176 3.1986934178724904 0.3126276480304631 0.3126276480304631
585.0 327816444.8922 327816446.51272 327816448.13324 0.0 0.0 5205.443837887176 3.1986934178724904 0.0 0.0
586.0 327816448.13324004 327816449.75376004 327816451.37428004 0.0 0.0 5205.443837887176 3.1986934178724904 0.0 0.0
587.0 327816451.37428004 327816452.99480003 327816454.61532 0.0 0.0 5205.443837887176 3.1986934178724904 0.0 0.0
588.0 327816454.61532 327816456.23584 327816457.85636 0.0 0.0 5205.443837887176 3.1986934178724904 0.0 0.0
589.0 327816457.85636 327816459.47688 327816461.0974 0.0 0.0 5205.443837887176 3.1986934178724904 0.0 0.0
590.0 327816461.0974 327816462.71792 327816464.33844 1.0 1.0 5205.443837887176 3.1986934178724904 0.3126276480304631 0.3126276480304631
591.0 327816464.33844 327816465.95896 327816467.57948 1.0 1.0 5205.443837887176 3.1986934178724904 0.3126276480304631 0.3126276480304631
592.0 327816467.57948 327816469.2 327816470.82052 0.0 0.0 5205.443837887176 3.1986934178724904 0.0 0.0
593.0 327816470.82052004 327816472.44104004 327816474.06156003 0.0 0.0 5205.443837887176 3.1986934178724904 0.0 0.0
594.0 327816474.06156003 327816475.68208003 327816477.3026 0.0 0.0 5205.443837887176 3.1986934178724904 0.0 0.0
595.0 327816477.3026 327816478.92312 327816480.54364 0.0 0.0 5205.443837887176 3.1986934178724904 0.0 0.0
596.0 327816480.54364 327816482.16416 327816483.78468 1.0 1.0 5205.443837887176 3.1986934178724904 0.3126276480304631 0.3126276480304631
597.0 327816483.78468 327816485.4052 327816487.02572 0.0 0.0 5205.443837887176 3.1986934178724904 0.0 0.0
598.0 327816487.02572 327816488.64624 327816490.26676 0.0 0.0 5205.443837887176 3.1986934178724904 0.0 0.0
599.0 327816490.26676 327816491.88728 327816493.5078 1.0 1.0 5205.443837887176 3.1986934178724904 0.3126276480304631 0.3126276480304631
600.0 327816493.50780004 327816495.12832004 327816496.74884003 0.0 0.0 5205.443837887176 3.1986934178724904 0.0 0.0
601.0 327816496.74884003 327816498.36936 327816499.98988 0.0 0.0 5205.443837887176 3.1986934178724904 0.0 0.0
602.0 327816499.98988 327816501.6104 327816503.23092 0.0 0.0 5205.443837887176 3.1986934178724904 0.0 0.0
603.0 327816503.23092 327816504.85144 327816506.47196 0.0 0.0 5205.443837887176 3.1986934178724904 0.0 0.0
604.0 327816506.47196 327816508.09248 327816509.713 0.0 0.0 5205.443837887176 3.1986934178724904 0.0 0.0
605.0 327816509.713 327816511.33352 327816512.95404 0.0 0.0 5205.443837887176 3.1986934178724904 0.0 0.0
606.0 327816512.95404005 327816514.57456005 327816516.19508004 0.0 0.0 5205.443837887176 3.1986934178724904 0.0 0.0
607.0 327816516.19508004 327816517.81560004 327816519.43612003 0.0 0.0 5205.443837887176 3.1986934178724904 0.0 0.0
608.0 327816519.43612003 327816521.05664 327816522.67716 0.0 0.0 5205.443837887176 3.1986934178724904 0.0 0.0
609.0 327816522.67716 327816524.29768 327816525.9182 0.0 0.0 5205.443837887176 3.1986934178724904 0.0 0.0
610.0 327816525.9182 327816527.53872 327816529.15924 0.0 0.0 5205.443837887176 3.1986934178724904 0.0 0.0
611.0 327816529.15924 327816530.77976 327816532.40028 0.0 0.0 5205.443837887176 3.1986934178724904 0.0 0.0
612.0 327816532.40028 327816534.0208 327816535.64132 1.0 1.0 5205.443837887176 3.1986934178724904 0.3126276480304631 0.3126276480304631
613.0 327816535.64132005 327816537.26184005 327816538.88236004 0.0 0.0 5205.443837887176 3.1986934178724904 0.0 0.0
614.0 327816538.88236004 327816540.50288004 327816542.12340003 0.0 0.0 5205.443837887176 3.1986934178724904 0.0 0.0
615.0 327816542.12340003 327816543.74392 327816545.36444 0.0 0.0 5205.443837887176 3.1986934178724904 0.0 0.0
616.0 327816545.36444 327816546.98496 327816548.60548 0.0 0.0 5205.443837887176 3.1986934178724904 0.0 0.0
617.0 327816548.60548 327816550.226 327816551.84652 0.0 0.0 5205.443837887176 3.1986934178724904 0.0 0.0
618.0 327816551.84652 327816553.46704 327816555.08756 0.0 0.0 5205.443837887176 3.1986934178724904 0.0 0.0
619.0 327816555.08756 327816556.70808 327816558.3286 0.0 0.0 5205.443837887176 3.1986934178724904 0.0 0.0
620.0 327816558.32860005 327816559.94912004 327816561.56964004 0.0 0.0 5205.443837887176 3.1986934178724904 0.0 0.0
621.0 327816561.56964004 327816563.19016004 327816564.81068003 0.0 0.0 5205.443837887176 3.1986934178724904 0.0 0.0
622.0 327816564.81068003 327816566.4312 327816568.05172 0.0 0.0 5205.443837887176 3.1986934178724904 0.0 0.0
623.0 327816568.05172 327816569.67224 327816571.29276 0.0 0.0 5205.443837887176 3.1986934178724904 0.0 0.0
624.0 327816571.29276 327816572.91328 327816574.5338 0.0 0.0 5205.443837887176 3.1986934178724904 0.0 0.0
625.0 327816574.5338 327816576.15432 327816577.77484 1.0 1.0 5205.443837887176 3.1986934178724904 0.3126276480304631 0.3126276480304631
626.0 327816577.77484 327816579.39536 327816581.01588 0.0 0.0 5205.443837887176 3.1986934178724904 0.0 0.0
627.0 327816581.01588005 327816582.63640004 327816584.25692004 0.0 0.0 5205.443837887176 3.1986934178724904 0.0 0.0
628.0 327816584.25692004 327816585.87744004 327816587.49796003 0.0 0.0 5205.443837887176 3.1986934178724904 0.0 0.0
629.0 327816587.49796003 327816589.11848 327816590.739 0.0 0.0 5205.443837887176 3.1986934178724904 0.0 0.0
630.0 327816590.739 327816592.35952 327816593.98004 0.0 0.0 5205.443837887176 3.1986934178724904 0.0 0.0
631.0 327816593.98004 327816595.60056 327816597.22108 0.0 0.0 5205.443837887176 3.1986934178724904 0.0 0.0
632.0 327816597.22108 327816598.8416 327816600.46212 0.0 0.0 5205.443837887176 3.1986934178724904 0.0 0.0
633.0 327816600.46212 327816602.08264 327816603.70316 0.0 0.0 5205.443837887176 3.1986934178724904 0.0 0.0
634.0 327816603.70316005 327816605.32368004 327816606.94420004 0.0 0.0 5205.443837887176 3.1986934178724904 0.0 0.0
635.0 327816606.94420004 327816608.56472003 327816610.18524003 0.0 0.0 5205.443837887176 3.1986934178724904 0.0 0.0
636.0 327816610.18524003 327816611.80576 327816613.42628 0.0 0.0 5205.443837887176 3.1986934178724904 0.0 0.0
637.0 327816613.42628 327816615.0468 327816616.66732 0.0 0.0 5205.443837887176 3.1986934178724904 0.0 0.0
638.0 327816616.66732 327816618.28784 327816619.90836 0.0 0.0 5205.443837887176 3.1986934178724904 0.0 0.0
639.0 327816619.90836 327816621.52888 327816623.1494 0.0 0.0 5205.443837887176 3.1986934178724904 0.0 0.0
640.0 327816623.1494 327816624.76992 327816626.39044 1.0 1.0 5205.443837887176 3.1986934178724904 0.3126276480304631 0.3126276480304631
641.0 327816626.39044005 327816628.01096004 327816629.63148004 0.0 0.0 5205.443837887176 3.1986934178724904 0.0 0.0
642.0 327816629.63148004 327816631.25200003 327816632.87252 0.0 0.0 5205.443837887176 3.1986934178724904 0.0 0.0
643.0 327816632.87252 327816634.49304 327816636.11356 0.0 0.0 5205.443837887176 3.1986934178724904 0.0 0.0
644.0 327816636.11356 327816637.73408 327816639.3546 0.0 0.0 5205.443837887176 3.1986934178724904 0.0 0.0
645.0 327816639.3546 327816640.97512 327816642.59564 0.0 0.0 5205.443837887176 3.1986934178724904 0.0 0.0
646.0 327816642.59564 327816644.21616 327816645.83668 0.0 0.0 5205.443837887176 3.1986934178724904 0.0 0.0
647.0 327816645.83668 327816647.4572 327816649.07772 0.0 0.0 5205.443837887176 3.1986934178724904 0.0 0.0
648.0 327816649.07772005 327816650.69824004 327816652.31876004 0.0 0.0 5205.443837887176 3.1986934178724904 0.0 0.0
649.0 327816652.31876004 327816653.93928003 327816655.5598 0.0 0.0 5205.443837887176 3.1986934178724904 0.0 0.0
650.0 327816655.5598 327816657.18032 327816658.80084 0.0 0.0 5205.443837887176 3.1986934178724904 0.0 0.0
651.0 327816658.80084 327816660.42136 327816662.04188 0.0 0.0 5205.443837887176 3.1986934178724904 0.0 0.0
652.0 327816662.04188 327816663.6624 327816665.28292 0.0 0.0 5205.443837887176 3.1986934178724904 0.0 0.0
653.0 327816665.28292 327816666.90344 327816668.52396 0.0 0.0 5205.443837887176 3.1986934178724904 0.0 0.0
654.0 327816668.52396 327816670.14448 327816671.765 0.0 0.0 5205.443837887176 3.1986934178724904 0.0 0.0
655.0 327816671.76500005 327816673.38552004 327816675.00604004 0.0 0.0 5205.443837887176 3.1986934178724904 0.0 0.0
656.0 327816675.00604004 327816676.62656003 327816678.24708 0.0 0.0 5205.443837887176 3.1986934178724904 0.0 0.0
657.0 327816678.24708 327816679.8676 327816681.48812 0.0 0.0 5205.443837887176 3.1986934178724904 0.0 0.0
658.0 327816681.48812 327816683.10864 327816684.72916 0.0 0.0 5205.443837887176 3.1986934178724904 0.0 0.0
659.0 327816684.72916 327816686.34968 327816687.9702 0.0 0.0 5205.443837887176 3.1986934178724904 0.0 0.0
660.0 327816687.9702 327816689.59072 327816691.21124 1.0 1.0 5205.443837887176 3.1986934178724904 0.3126276480304631 0.3126276480304631
661.0 327816691.21124 327816692.83176 327816694.45228 0.0 0.0 5205.443837887176 3.1986934178724904 0.0 0.0
662.0 327816694.45228004 327816696.07280004 327816697.69332004 1.0 1.0 5205.443837887176 3.1986934178724904 0.3126276480304631 0.3126276480304631
663.0 327816697.69332004 327816699.31384003 327816700.93436 0.0 0.0 5205.443837887176 3.1986934178724904 0.0 0.0
664.0 327816700.93436 327816702.55488 327816704.1754 0.0 0.0 5205.443837887176 3.1986934178724904 0.0 0.0
665.0 327816704.1754 327816705.79592 327816707.41644 0.0 0.0 5205.443837887176 3.1986934178724904 0.0 0.0
666.0 327816707.41644 327816709.03696 327816710.65748 0.0 0.0 5205.443837887176 3.1986934178724904 0.0 0.0
667.0 327816710.65748 327816712.278 327816713.89852 0.0 0.0 5205.443837887176 3.1986934178724904 0.0 0.0
668.0 327816713.89852 327816715.51904 327816717.13956 0.0 0.0 5205.443837887176 3.1986934178724904 0.0 0.0
669.0 327816717.13956004 327816718.76008004 327816720.38060004 0.0 0.0 5205.443837887176 3.1986934178724904 0.0 0.0
670.0 327816720.38060004 327816722.00112003 327816723.62164 0.0 0.0 5205.443837887176 3.1986934178724904 0.0 0.0
671.0 327816723.62164 327816725.24216 327816726.86268 0.0 0.0 5205.443837887176 3.1986934178724904 0.0 0.0
672.0 327816726.86268 327816728.4832 327816730.10372 0.0 0.0 5205.443837887176 3.1986934178724904 0.0 0.0
673.0 327816730.10372 327816731.72424 327816733.34476 0.0 0.0 5205.443837887176 3.1986934178724904 0.0 0.0
674.0 327816733.34476 327816734.96528 327816736.5858 0.0 0.0 5205.443837887176 3.1986934178724904 0.0 0.0
675.0 327816736.5858 327816738.20632 327816739.82684 0.0 0.0 5205.443837887176 3.1986934178724904 0.0 0.0
676.0 327816739.82684004 327816741.44736004 327816743.06788003 0.0 0.0 5205.443837887176 3.1986934178724904 0.0 0.0
677.0 327816743.06788003 327816744.68840003 327816746.30892 0.0 0.0 5205.443837887176 3.1986934178724904 0.0 0.0
678.0 327816746.30892 327816747.92944 327816749.54996 0.0 0.0 5205.443837887176 3.1986934178724904 0.0 0.0
679.0 327816749.54996 327816751.17048 327816752.791 0.0 0.0 5205.443837887176 3.1986934178724904 0.0 0.0
680.0 327816752.791 327816754.41152 327816756.03204 0.0 0.0 5205.443837887176 3.1986934178724904 0.0 0.0
681.0 327816756.03204 327816757.65256 327816759.27308 0.0 0.0 5205.443837887176 3.1986934178724904 0.0 0.0
682.0 327816759.27308 327816760.8936 327816762.51412 0.0 0.0 5205.443837887176 3.1986934178724904 0.0 0.0
683.0 327816762.51412004 327816764.13464004 327816765.75516003 0.0 0.0 5205.443837887176 3.1986934178724904 0.0 0.0
684.0 327816765.75516003 327816767.37568 327816768.9962 0.0 0.0 5205.443837887176 3.1986934178724904 0.0 0.0
685.0 327816768.9962 327816770.61672 327816772.23724 0.0 0.0 5205.443837887176 3.1986934178724904 0.0 0.0
686.0 327816772.23724 327816773.85776 327816775.47828 0.0 0.0 5205.443837887176 3.1986934178724904 0.0 0.0
687.0 327816775.47828 327816777.0988 327816778.71932 1.0 1.0 5205.443837887176 3.1986934178724904 0.3126276480304631 0.3126276480304631
688.0 327816778.71932 327816780.33984 327816781.96036 0.0 0.0 5205.443837887176 3.1986934178724904 0.0 0.0
689.0 327816781.96036005 327816783.58088005 327816785.20140004 0.0 0.0 5205.443837887176 3.1986934178724904 0.0 0.0
690.0 327816785.20140004 327816786.82192004 327816788.44244003 0.0 0.0 5205.443837887176 3.1986934178724904 0.0 0.0
691.0 327816788.44244003 327816790.06296 327816791.68348 0.0 0.0 5205.443837887176 3.1986934178724904 0.0 0.0
692.0 327816791.68348 327816793.304 327816794.92452 0.0 0.0 5205.443837887176 3.1986934178724904 0.0 0.0
693.0 327816794.92452 327816796.54504 327816798.16556 0.0 0.0 5205.443837887176 3.1986934178724904 0.0 0.0
694.0 327816798.16556 327816799.78608 327816801.4066 0.0 0.0 5205.443837887176 3.1986934178724904 0.0 0.0
695.0 327816801.4066 327816803.02712 327816804.64764 0.0 0.0 5205.443837887176 3.1986934178724904 0.0 0.0
696.0 327816804.64764005 327816806.26816005 327816807.88868004 0.0 0.0 5205.443837887176 3.1986934178724904 0.0 0.0
697.0 327816807.88868004 327816809.50920004 327816811.12972003 0.0 0.0 5205.443837887176 3.1986934178724904 0.0 0.0
698.0 327816811.12972003 327816812.75024 327816814.37076 1.0 1.0 5205.443837887176 3.1986934178724904 0.3126276480304631 0.3126276480304631
699.0 327816814.37076 327816815.99128 327816817.6118 0.0 0.0 5205.443837887176 3.1986934178724904 0.0 0.0
700.0 327816817.6118 327816819.23232 327816820.85284 0.0 0.0 5205.443837887176 3.1986934178724904 0.0 0.0
701.0 327816820.85284 327816822.47336 327816824.09388 0.0 0.0 5205.443837887176 3.1986934178724904 0.0 0.0
702.0 327816824.09388 327816825.7144 327816827.33492 0.0 0.0 5205.443837887176 3.1986934178724904 0.0 0.0
703.0 327816827.33492005 327816828.95544004 327816830.57596004 0.0 0.0 5205.443837887176 3.1986934178724904 0.0 0.0
704.0 327816830.57596004 327816832.19648004 327816833.81700003 0.0 0.0 5205.443837887176 3.1986934178724904 0.0 0.0
705.0 327816833.81700003 327816835.43752 327816837.05804 0.0 0.0 5205.443837887176 3.1986934178724904 0.0 0.0
706.0 327816837.05804 327816838.67856 327816840.29908 0.0 0.0 5205.443837887176 3.1986934178724904 0.0 0.0
707.0 327816840.29908 327816841.9196 327816843.54012 0.0 0.0 5205.443837887176 3.1986934178724904 0.0 0.0
708.0 327816843.54012 327816845.16064 327816846.78116 0.0 0.0 5205.443837887176 3.1986934178724904 0.0 0.0
709.0 327816846.78116 327816848.40168 327816850.0222 0.0 0.0 5205.443837887176 3.1986934178724904 0.0 0.0
710.0 327816850.02220005 327816851.64272004 327816853.26324004 0.0 0.0 5205.443837887176 3.1986934178724904 0.0 0.0
711.0 327816853.26324004 327816854.88376004 327816856.50428003 0.0 0.0 5205.443837887176 3.1986934178724904 0.0 0.0
712.0 327816856.50428003 327816858.1248 327816859.74532 0.0 0.0 5205.443837887176 3.1986934178724904 0.0 0.0
713.0 327816859.74532 327816861.36584 327816862.98636 0.0 0.0 5205.443837887176 3.1986934178724904 0.0 0.0
714.0 327816862.98636 327816864.60688 327816866.2274 0.0 0.0 5205.443837887176 3.1986934178724904 0.0 0.0
715.0 327816866.2274 327816867.84792 327816869.46844 0.0 0.0 5205.443837887176 3.1986934178724904 0.0 0.0
716.0 327816869.46844 327816871.08896 327816872.70948 0.0 0.0 5205.443837887176 3.1986934178724904 0.0 0.0
717.0 327816872.70948005 327816874.33000004 327816875.95052004 0.0 0.0 5205.443837887176 3.1986934178724904 0.0 0.0
718.0 327816875.95052004 327816877.57104003 327816879.19156003 0.0 0.0 5205.443837887176 3.1986934178724904 0.0 0.0
719.0 327816879.19156003 327816880.81208 327816882.4326 0.0 0.0 5205.443837887176 3.1986934178724904 0.0 0.0
720.0 327816882.4326 327816884.05312 327816885.67364 0.0 0.0 5205.443837887176 3.1986934178724904 0.0 0.0
721.0 327816885.67364 327816887.29416 327816888.91468 0.0 0.0 5205.443837887176 3.1986934178724904 0.0 0.0
722.0 327816888.91468 327816890.5352 327816892.15572 0.0 0.0 5205.443837887176 3.1986934178724904 0.0 0.0
723.0 327816892.15572 327816893.77624 327816895.39676 0.0 0.0 5205.443837887176 3.1986934178724904 0.0 0.0
724.0 327816895.39676005 327816897.01728004 327816898.63780004 0.0 0.0 5205.443837887176 3.1986934178724904 0.0 0.0
725.0 327816898.63780004 327816900.25832003 327816901.87884 0.0 0.0 5205.443837887176 3.1986934178724904 0.0 0.0
726.0 327816901.87884 327816903.49936 327816905.11988 0.0 0.0 5205.443837887176 3.1986934178724904 0.0 0.0
727.0 327816905.11988 327816906.7404 327816908.36092 0.0 0.0 5205.443837887176 3.1986934178724904 0.0 0.0
728.0 327816908.36092 327816909.98144 327816911.60196 0.0 0.0 5205.443837887176 3.1986934178724904 0.0 0.0
729.0 327816911.60196 327816913.22248 327816914.843 0.0 0.0 5205.443837887176 3.1986934178724904 0.0 0.0
730.0 327816914.843 327816916.46352 327816918.08404 1.0 1.0 5205.443837887176 3.1986934178724904 0.3126276480304631 0.3126276480304631
731.0 327816918.08404005 327816919.70456004 327816921.32508004 0.0 0.0 5205.443837887176 3.1986934178724904 0.0 0.0
732.0 327816921.32508004 327816922.94560003 327816924.56612 0.0 0.0 5205.443837887176 1.8768645565875854 0.0 0.0
733.0 327816924.56612 327816926.18664 327816927.80716 0.0 0.0 5205.443837887176 0.0 0.0 0.0
734.0 327816927.80716 327816929.42768 327816931.0482 0.0 0.0 5205.443837887176 0.0 0.0 0.0
735.0 327816931.0482 327816932.66872 327816934.28924 0.0 0.0 5205.443837887176 0.0 0.0 0.0
736.0 327816934.28924 327816935.90976 327816937.53028 0.0 0.0 5205.443837887176 0.0 0.0 0.0
737.0 327816937.53028 327816939.1508 327816940.77132 0.0 0.0 5205.443837887176 0.0 0.0 0.0
738.0 327816940.77132004 327816942.39184004 327816944.01236004 0.0 0.0 5205.443837887176 0.0 0.0 0.0
739.0 327816944.01236004 327816945.63288003 327816947.2534 0.0 0.0 5205.443837887176 0.0 0.0 0.0
740.0 327816947.2534 327816948.87392 327816950.49444 0.0 0.0 5205.443837887176 0.0 0.0 0.0
741.0 327816950.49444 327816952.11496 327816953.73548 0.0 0.0 5205.443837887176 0.0 0.0 0.0
742.0 327816953.73548 327816955.356 327816956.97652 0.0 0.0 5205.443837887176 0.0 0.0 0.0
743.0 327816956.97652 327816958.59704 327816960.21756 0.0 0.0 5205.443837887176 0.0 0.0 0.0
744.0 327816960.21756 327816961.83808 327816963.4586 0.0 0.0 5205.443837887176 0.0 0.0 0.0
745.0 327816963.45860004 327816965.07912004 327816966.69964004 0.0 0.0 5205.443837887176 0.0 0.0 0.0
746.0 327816966.69964004 327816968.32016003 327816969.94068 0.0 0.0 5205.443837887176 0.0 0.0 0.0
747.0 327816969.94068 327816971.5612 327816973.18172 0.0 0.0 5205.443837887176 0.0 0.0 0.0
748.0 327816973.18172 327816974.80224 327816976.42276 0.0 0.0 5205.443837887176 0.0 0.0 0.0
749.0 327816976.42276 327816978.04328 327816979.6638 0.0 0.0 5205.443837887176 0.0 0.0 0.0
750.0 327816979.6638 327816981.28432 327816982.90484 0.0 0.0 5205.443837887176 0.0 0.0 0.0
751.0 327816982.90484 327816984.52536 327816986.14588 0.0 0.0 5205.443837887176 0.0 0.0 0.0
752.0 327816986.14588004 327816987.76640004 327816989.38692003 0.0 0.0 5205.443837887176 0.0 0.0 0.0
753.0 327816989.38692003 327816991.00744003 327816992.62796 0.0 0.0 5205.443837887176 0.0 0.0 0.0
754.0 327816992.62796 327816994.24848 327816995.869 0.0 0.0 5205.443837887176 0.0 0.0 0.0
755.0 327816995.869 327816997.48952 327816999.11004 0.0 0.0 5205.443837887176 0.0 0.0 0.0
756.0 327816999.11004 327817000.73056 327817002.35108 0.0 0.0 5205.443837887176 0.0 0.0 0.0
757.0 327817002.35108 327817003.9716 327817005.59212 0.0 0.0 5205.443837887176 0.0 0.0 0.0
758.0 327817005.59212 327817007.21264 327817008.83316 0.0 0.0 5205.443837887176 0.0 0.0 0.0
759.0 327817008.83316004 327817010.45368004 327817012.07420003 0.0 0.0 5205.443837887176 0.0 0.0 0.0
760.0 327817012.07420003 327817013.69472003 327817015.31524 0.0 0.0 5205.443837887176 0.0 0.0 0.0
761.0 327817015.31524 327817016.93576 327817018.55628 0.0 0.0 5205.443837887176 0.0 0.0 0.0
762.0 327817018.55628 327817020.1768 327817021.79732 0.0 0.0 5205.443837887176 0.0 0.0 0.0
763.0 327817021.79732 327817023.41784 327817025.03836 0.0 0.0 5205.443837887176 0.0 0.0 0.0
764.0 327817025.03836 327817026.65888 327817028.2794 0.0 0.0 5205.443837887176 0.0 0.0 0.0
765.0 327817028.27940005 327817029.89992005 327817031.52044004 0.0 0.0 5205.443837887176 0.0 0.0 0.0
766.0 327817031.52044004 327817033.14096004 327817034.76148003 0.0 0.0 5205.443837887176 0.0 0.0 0.0
767.0 327817034.76148003 327817036.382 327817038.00252 0.0 0.0 5205.443837887176 0.0 0.0 0.0
768.0 327817038.00252 327817039.62304 327817041.24356 0.0 0.0 5205.443837887176 0.0 0.0 0.0
769.0 327817041.24356 327817042.86408 327817044.4846 0.0 0.0 5205.443837887176 0.0 0.0 0.0
770.0 327817044.4846 327817046.10512 327817047.72564 0.0 0.0 5205.443837887176 0.0 0.0 0.0
771.0 327817047.72564 327817049.34616 327817050.96668 0.0 0.0 5205.443837887176 0.0 0.0 0.0
772.0 327817050.96668005 327817052.58720005 327817054.20772004 0.0 0.0 5205.443837887176 0.0 0.0 0.0
773.0 327817054.20772004 327817055.82824004 327817057.44876003 0.0 0.0 5205.443837887176 0.0 0.0 0.0
774.0 327817057.44876003 327817059.06928 327817060.6898 0.0 0.0 5205.443837887176 0.0 0.0 0.0
775.0 327817060.6898 327817062.31032 327817063.93084 0.0 0.0 5205.443837887176 0.0 0.0 0.0
776.0 327817063.93084 327817065.55136 327817067.17188 0.0 0.0 5205.443837887176 0.0 0.0 0.0
777.0 327817067.17188 327817068.7924 327817070.41292 0.0 0.0 5205.443837887176 0.0 0.0 0.0
778.0 327817070.41292 327817072.03344 327817073.65396 0.0 0.0 5205.443837887176 0.0 0.0 0.0
779.0 327817073.65396005 327817075.27448004 327817076.89500004 0.0 0.0 5205.443837887176 0.0 0.0 0.0
780.0 327817076.89500004 327817078.51552004 327817080.13604003 0.0 0.0 5205.443837887176 0.0 0.0 0.0
781.0 327817080.13604003 327817081.75656 327817083.37708 0.0 0.0 5205.443837887176 0.0 0.0 0.0
782.0 327817083.37708 327817084.9976 327817086.61812 0.0 0.0 5205.443837887176 0.0 0.0 0.0
783.0 327817086.61812 327817088.23864 327817089.85916 0.0 0.0 5205.443837887176 0.0 0.0 0.0
784.0 327817089.85916 327817091.47968 327817093.1002 0.0 0.0 5205.443837887176 0.0 0.0 0.0
785.0 327817093.1002 327817094.72072 327817096.34124 0.0 0.0 5205.443837887176 0.0 0.0 0.0
786.0 327817096.34124005 327817097.96176004 327817099.58228004 0.0 0.0 5205.443837887176 0.0 0.0 0.0
787.0 327817099.58228004 327817101.20280004 327817102.82332003 0.0 0.0 5205.443837887176 0.0 0.0 0.0
788.0 327817102.82332003 327817104.44384 327817106.06436 0.0 0.0 5205.443837887176 0.0 0.0 0.0
789.0 327817106.06436 327817107.68488 327817109.3054 0.0 0.0 5205.443837887176 0.0 0.0 0.0
790.0 327817109.3054 327817110.92592 327817112.54644 0.0 0.0 5205.443837887176 0.0 0.0 0.0
791.0 327817112.54644 327817114.16696 327817115.78748 0.0 0.0 5205.443837887176 0.0 0.0 0.0
792.0 327817115.78748 327817117.408 327817119.02852 0.0 0.0 5205.443837887176 0.0 0.0 0.0
793.0 327817119.02852005 327817120.64904004 327817122.26956004 0.0 0.0 5205.443837887176 0.0 0.0 0.0
794.0 327817122.26956004 327817123.89008003 327817125.51060003 0.0 0.0 5205.443837887176 0.0 0.0 0.0
795.0 327817125.51060003 327817127.13112 327817128.75164 0.0 0.0 5205.443837887176 0.0 0.0 0.0
796.0 327817128.75164 327817130.37216 327817131.99268 0.0 0.0 5205.443837887176 0.0 0.0 0.0
797.0 327817131.99268 327817133.6132 327817135.23372 0.0 0.0 5205.443837887176 0.0 0.0 0.0
798.0 327817135.23372 327817136.85424 327817138.47476 0.0 0.0 5205.443837887176 0.0 0.0 0.0
799.0 327817138.47476 327817140.09528 327817141.7158 0.0 0.0 5205.443837887176 0.0 0.0 0.0
800.0 327817141.71580005 327817143.33632004 327817144.95684004 0.0 0.0 5205.443837887176 0.0 0.0 0.0
801.0 327817144.95684004 327817146.57736003 327817148.19788 0.0 0.0 5205.443837887176 0.0 0.0 0.0
802.0 327817148.19788 327817149.8184 327817151.43892 0.0 0.0 5205.443837887176 0.0 0.0 0.0
803.0 327817151.43892 327817153.05944 327817154.67996 0.0 0.0 5205.443837887176 0.0 0.0 0.0
804.0 327817154.67996 327817156.30048 327817157.921 0.0 0.0 5205.443837887176 0.0 0.0 0.0
805.0 327817157.921 327817159.54152 327817161.16204 0.0 0.0 5205.443837887176 0.0 0.0 0.0
806.0 327817161.16204 327817162.78256 327817164.40308 0.0 0.0 5205.443837887176 0.0 0.0 0.0
807.0 327817164.40308005 327817166.02360004 327817167.64412004 0.0 0.0 5205.443837887176 0.0 0.0 0.0
808.0 327817167.64412004 327817169.26464003 327817170.88516 0.0 0.0 5205.443837887176 0.0 0.0 0.0
809.0 327817170.88516 327817172.50568 327817174.1262 0.0 0.0 5205.443837887176 0.0 0.0 0.0
810.0 327817174.1262 327817175.74672 327817177.36724 0.0 0.0 5205.443837887176 0.0 0.0 0.0
811.0 327817177.36724 327817178.98776 327817180.60828 0.0 0.0 5205.443837887176 0.0 0.0 0.0
812.0 327817180.60828 327817182.2288 327817183.84932 0.0 0.0 5205.443837887176 0.0 0.0 0.0
813.0 327817183.84932 327817185.46984 327817187.09036 0.0 0.0 5205.443837887176 0.0 0.0 0.0
814.0 327817187.09036005 327817188.71088004 327817190.33140004 0.0 0.0 5205.443837887176 0.0 0.0 0.0
815.0 327817190.33140004 327817191.95192003 327817193.57244 0.0 0.0 5205.443837887176 0.0 0.0 0.0
816.0 327817193.57244 327817195.19296 327817196.81348 0.0 0.0 5205.443837887176 0.0 0.0 0.0
817.0 327817196.81348 327817198.434 327817200.05452 0.0 0.0 5205.443837887176 0.0 0.0 0.0
818.0 327817200.05452 327817201.67504 327817203.29556 0.0 0.0 5205.443837887176 0.0 0.0 0.0
819.0 327817203.29556 327817204.91608 327817206.5366 0.0 0.0 5205.443837887176 0.0 0.0 0.0
820.0 327817206.5366 327817208.15712 327817209.77764 0.0 0.0 5205.443837887176 0.0 0.0 0.0
821.0 327817209.77764004 327817211.39816004 327817213.01868004 0.0 0.0 5205.443837887176 0.0 0.0 0.0
822.0 327817213.01868004 327817214.63920003 327817216.25972 0.0 0.0 5205.443837887176 0.0 0.0 0.0
823.0 327817216.25972 327817217.88024 327817219.50076 0.0 0.0 5205.443837887176 0.0 0.0 0.0
824.0 327817219.50076 327817221.12128 327817222.7418 0.0 0.0 5205.443837887176 0.0 0.0 0.0
825.0 327817222.7418 327817224.36232 327817225.98284 0.0 0.0 5205.443837887176 0.0 0.0 0.0
826.0 327817225.98284 327817227.60336 327817229.22388 0.0 0.0 5205.443837887176 0.0 0.0 0.0
827.0 327817229.22388 327817230.8444 327817232.46492 0.0 0.0 5205.443837887176 0.0 0.0 0.0
828.0 327817232.46492004 327817234.08544004 327817235.70596004 0.0 0.0 5205.443837887176 0.0 0.0 0.0
829.0 327817235.70596004 327817237.32648003 327817238.947 0.0 0.0 5205.443837887176 0.0 0.0 0.0
830.0 327817238.947 327817240.56752 327817242.18804 0.0 0.0 5205.443837887176 0.0 0.0 0.0
831.0 327817242.18804 327817243.80856 327817245.42908 0.0 0.0 5205.443837887176 0.0 0.0 0.0
832.0 327817245.42908 327817247.0496 327817248.67012 0.0 0.0 5205.443837887176 0.0 0.0 0.0
833.0 327817248.67012 327817250.29064 327817251.91116 0.0 0.0 5205.443837887176 0.0 0.0 0.0
834.0 327817251.91116 327817253.53168 327817255.1522 0.0 0.0 5205.443837887176 0.0 0.0 0.0
835.0 327817255.15220004 327817256.77272004 327817258.39324003 0.0 0.0 5205.443837887176 0.0 0.0 0.0
836.0 327817258.39324003 327817260.01376003 327817261.63428 0.0 0.0 5205.443837887176 0.0 0.0 0.0
837.0 327817261.63428 327817263.2548 327817264.87532 0.0 0.0 5205.443837887176 0.0 0.0 0.0
838.0 327817264.87532 327817266.49584 327817268.11636 0.0 0.0 5205.443837887176 0.0 0.0 0.0
839.0 327817268.11636 327817269.73688 327817271.3574 0.0 0.0 5205.443837887176 0.0 0.0 0.0
840.0 327817271.3574 327817272.97792 327817274.59844 0.0 0.0 5205.443837887176 0.0 0.0 0.0
841.0 327817274.59844 327817276.21896 327817277.83948 0.0 0.0 5205.443837887176 0.0 0.0 0.0
842.0 327817277.83948004 327817279.46000004 327817281.08052003 0.0 0.0 5205.443837887176 0.0 0.0 0.0
843.0 327817281.08052003 327817282.70104 327817284.32156 0.0 0.0 5205.443837887176 0.0 0.0 0.0
844.0 327817284.32156 327817285.94208 327817287.5626 0.0 0.0 5205.443837887176 0.0 0.0 0.0
845.0 327817287.5626 327817289.18312 327817290.80364 0.0 0.0 5205.443837887176 0.0 0.0 0.0
846.0 327817290.80364 327817292.42416 327817294.04468 0.0 0.0 5205.443837887176 0.0 0.0 0.0
847.0 327817294.04468 327817295.6652 327817297.28572 0.0 0.0 5205.443837887176 0.0 0.0 0.0
848.0 327817297.28572005 327817298.90624005 327817300.52676004 0.0 0.0 5205.443837887176 0.0 0.0 0.0
849.0 327817300.52676004 327817302.14728004 327817303.76780003 0.0 0.0 5205.443837887176 0.0 0.0 0.0
850.0 327817303.76780003 327817305.38832 327817307.00884 0.0 0.0 5205.443837887176 0.0 0.0 0.0
851.0 327817307.00884 327817308.62936 327817310.24988 0.0 0.0 5205.443837887176 0.0 0.0 0.0
852.0 327817310.24988 327817311.8704 327817313.49092 0.0 0.0 5205.443837887176 0.0 0.0 0.0
853.0 327817313.49092 327817315.11144 327817316.73196 0.0 0.0 5205.443837887176 0.0 0.0 0.0
854.0 327817316.73196 327817318.35248 327817319.973 0.0 0.0 5205.443837887176 0.0 0.0 0.0
855.0 327817319.97300005 327817321.59352005 327817323.21404004 0.0 0.0 5205.443837887176 0.0 0.0 0.0
856.0 327817323.21404004 327817324.83456004 327817326.45508003 0.0 0.0 5205.443837887176 0.0 0.0 0.0
857.0 327817326.45508003 327817328.0756 327817329.69612 0.0 0.0 5205.443837887176 0.0 0.0 0.0
858.0 327817329.69612 327817331.31664 327817332.93716 0.0 0.0 5205.443837887176 0.0 0.0 0.0
859.0 327817332.93716 327817334.55768 327817336.1782 0.0 0.0 5205.443837887176 0.0 0.0 0.0
860.0 327817336.1782 327817337.79872 327817339.41924 0.0 0.0 5205.443837887176 0.0 0.0 0.0
861.0 327817339.41924 327817341.03976 327817342.66028 0.0 0.0 5205.443837887176 0.0 0.0 0.0
862.0 327817342.66028005 327817344.28080004 327817345.90132004 0.0 0.0 5205.443837887176 0.0 0.0 0.0
863.0 327817345.90132004 327817347.52184004 327817349.14236003 0.0 0.0 5205.443837887176 0.0 0.0 0.0
864.0 327817349.14236003 327817350.76288 327817352.3834 0.0 0.0 5205.443837887176 0.0 0.0 0.0
865.0 327817352.3834 327817354.00392 327817355.62444 0.0 0.0 5205.443837887176 0.0 0.0 0.0
866.0 327817355.62444 327817357.24496 327817358.86548 0.0 0.0 5205.443837887176 0.0 0.0 0.0
867.0 327817358.86548 327817360.486 327817362.10652 0.0 0.0 5205.443837887176 0.0 0.0 0.0
868.0 327817362.10652 327817363.72704 327817365.34756 0.0 0.0 5205.443837887176 0.0 0.0 0.0
869.0 327817365.34756005 327817366.96808004 327817368.58860004 0.0 0.0 5205.443837887176 0.0 0.0 0.0
870.0 327817368.58860004 327817370.20912004 327817371.82964003 0.0 0.0 5205.443837887176 0.0 0.0 0.0
871.0 327817371.82964003 327817373.45016 327817375.07068 0.0 0.0 5205.443837887176 0.0 0.0 0.0
872.0 327817375.07068 327817376.6912 327817378.31172 0.0 0.0 5205.443837887176 0.0 0.0 0.0
873.0 327817378.31172 327817379.93224 327817381.55276 0.0 0.0 5205.443837887176 0.0 0.0 0.0
874.0 327817381.55276 327817383.17328 327817384.7938 0.0 0.0 5205.443837887176 0.0 0.0 0.0
875.0 327817384.7938 327817386.41432 327817388.03484 0.0 0.0 5205.443837887176 0.0 0.0 0.0
876.0 327817388.03484005 327817389.65536004 327817391.27588004 0.0 0.0 5205.443837887176 0.0 0.0 0.0
877.0 327817391.27588004 327817392.89640003 327817394.51692003 0.0 0.0 5205.443837887176 0.0 0.0 0.0
878.0 327817394.51692003 327817396.13744 327817397.75796 0.0 0.0 5205.443837887176 0.0 0.0 0.0
879.0 327817397.75796 327817399.37848 327817400.999 0.0 0.0 5205.443837887176 0.0 0.0 0.0
880.0 327817400.999 327817402.61952 327817404.24004 0.0 0.0 5205.443837887176 0.0 0.0 0.0
881.0 327817404.24004 327817405.86056 327817407.48108 0.0 0.0 5205.443837887176 0.0 0.0 0.0
882.0 327817407.48108 327817409.1016 327817410.72212 0.0 0.0 5205.443837887176 0.0 0.0 0.0
883.0 327817410.72212005 327817412.34264004 327817413.96316004 0.0 0.0 5205.443837887176 0.0 0.0 0.0
884.0 327817413.96316004 327817415.58368003 327817417.2042 0.0 0.0 5205.443837887176 0.0 0.0 0.0
885.0 327817417.2042 327817418.82472 327817420.44524 0.0 0.0 5205.443837887176 0.0 0.0 0.0
886.0 327817420.44524 327817422.06576 327817423.68628 0.0 0.0 5205.443837887176 0.0 0.0 0.0
887.0 327817423.68628 327817425.3068 327817426.92732 0.0 0.0 5205.443837887176 0.0 0.0 0.0
888.0 327817426.92732 327817428.54784 327817430.16836 0.0 0.0 5205.443837887176 0.0 0.0 0.0
889.0 327817430.16836 327817431.78888 327817433.4094 0.0 0.0 5205.443837887176 0.0 0.0 0.0
890.0 327817433.40940005 327817435.02992004 327817436.65044004 0.0 0.0 5205.443837887176 0.0 0.0 0.0
891.0 327817436.65044004 327817438.27096003 327817439.89148 0.0 0.0 5205.443837887176 0.0 0.0 0.0
892.0 327817439.89148 327817441.512 327817443.13252 0.0 0.0 5205.443837887176 0.0 0.0 0.0
893.0 327817443.13252 327817444.75304 327817446.37356 0.0 0.0 5205.443837887176 0.0 0.0 0.0
894.0 327817446.37356 327817447.99408 327817449.6146 0.0 0.0 5205.443837887176 0.0 0.0 0.0
895.0 327817449.6146 327817451.23512 327817452.85564 0.0 0.0 5205.443837887176 0.0 0.0 0.0
896.0 327817452.85564 327817454.47616 327817456.09668 0.0 0.0 5205.443837887176 0.0 0.0 0.0
897.0 327817456.09668005 327817457.71720004 327817459.33772004 0.0 0.0 5205.443837887176 0.0 0.0 0.0
898.0 327817459.33772004 327817460.95824003 327817462.57876 0.0 0.0 5205.443837887176 0.0 0.0 0.0
899.0 327817462.57876 327817464.19928 327817465.8198 0.0 0.0 5205.443837887176 0.0 0.0 0.0
900.0 327817465.8198 327817467.44032 327817469.06084 0.0 0.0 5205.443837887176 0.0 0.0 0.0
901.0 327817469.06084 327817470.68136 327817472.30188 0.0 0.0 5205.443837887176 0.0 0.0 0.0
902.0 327817472.30188 327817473.9224 327817475.54292 0.0 0.0 5205.443837887176 0.0 0.0 0.0
903.0 327817475.54292 327817477.16344 327817478.78396 0.0 0.0 5205.443837887176 0.0 0.0 0.0
904.0 327817478.78396004 327817480.40448004 327817482.02500004 0.0 0.0 5205.443837887176 0.0 0.0 0.0
905.0 327817482.02500004 327817483.64552003 327817485.26604 0.0 0.0 5205.443837887176 0.0 0.0 0.0
906.0 327817485.26604 327817486.88656 327817488.50708 0.0 0.0 5205.443837887176 0.0 0.0 0.0
907.0 327817488.50708 327817490.1276 327817491.74812 0.0 0.0 5205.443837887176 0.0 0.0 0.0
908.0 327817491.74812 327817493.36864 327817494.98916 0.0 0.0 5205.443837887176 0.0 0.0 0.0
909.0 327817494.98916 327817496.60968 327817498.2302 0.0 0.0 5205.443837887176 0.0 0.0 0.0
910.0 327817498.2302 327817499.85072 327817501.47124 0.0 0.0 5205.443837887176 0.0 0.0 0.0
911.0 327817501.47124004 327817503.09176004 327817504.71228004 0.0 0.0 5205.443837887176 0.0 0.0 0.0
912.0 327817504.71228004 327817506.33280003 327817507.95332 0.0 0.0 5205.443837887176 0.0 0.0 0.0
913.0 327817507.95332 327817509.57384 327817511.19436 0.0 0.0 5205.443837887176 0.0 0.0 0.0
914.0 327817511.19436 327817512.81488 327817514.4354 0.0 0.0 5205.443837887176 0.0 0.0 0.0
915.0 327817514.4354 327817516.05592 327817517.67644 0.0 0.0 5205.443837887176 0.0 0.0 0.0
916.0 327817517.67644 327817519.29696 327817520.91748 0.0 0.0 5205.443837887176 0.0 0.0 0.0
917.0 327817520.91748 327817522.538 327817524.15852 0.0 0.0 5205.443837887176 0.0 0.0 0.0
918.0 327817524.15852004 327817525.77904004 327817527.39956003 0.0 0.0 5205.443837887176 0.0 0.0 0.0
