TIME_BIN TIME_MIN TIME TIME_MAX COUNTS STAT_ERR AREA EXPOSURE COUNT_RATE COUNT_RATE_ERR
1.0 327812042.41222 327812044.03274 327812045.65326 0.0 0.0 446.40005945777295 0.0 0.0 0.0
2.0 327812045.65326 327812047.27378 327812048.8943 0.0 0.0 446.40005945777295 0.0 0.0 0.0
3.0 327812048.8943 327812050.51482 327812052.13534 0.0 0.0 446.40005945777295 0.0 0.0 0.0
4.0 327812052.13534 327812053.75586 327812055.37637997 0.0 0.0 446.40005945777295 0.0 0.0 0.0
5.0 327812055.37638 327812056.9969 327812058.61742 0.0 0.0 446.40005945777295 0.0 0.0 0.0
6.0 327812058.61742 327812060.23794 327812061.85846 0.0 0.0 446.40005945777295 0.0 0.0 0.0
7.0 327812061.85846 327812063.47898 327812065.0995 0.0 0.0 446.40005945777295 0.0 0.0 0.0
8.0 327812065.0995 327812066.72002 327812068.34054 0.0 0.0 446.40005945777295 0.0 0.0 0.0
9.0 327812068.34054 327812069.96106 327812071.58158 0.0 0.0 446.40005945777295 0.0 0.0 0.0
10.0 327812071.58158 327812073.2021 327812074.82262 0.0 0.0 446.40005945777295 0.0 0.0 0.0
11.0 327812074.82262 327812076.44314 327812078.06365997 0.0 0.0 446.40005945777295 0.0 0.0 0.0
12.0 327812078.06366 327812079.68418 327812081.3047 0.0 0.0 446.40005945777295 0.0 0.0 0.0
13.0 327812081.3047 327812082.92522 327812084.54574 0.0 0.0 446.40005945777295 0.0 0.0 0.0
14.0 327812084.54574 327812086.16626 327812087.78678 0.0 0.0 446.40005945777295 0.0 0.0 0.0
15.0 327812087.78678 327812089.4073 327812091.02782 0.0 0.0 446.40005945777295 0.0 0.0 0.0
16.0 327812091.02782 327812092.64834 327812094.26886 0.0 0.0 446.40005945777295 0.0 0.0 0.0
17.0 327812094.26886 327812095.88938 327812097.5099 0.0 0.0 446.40005945777295 0.0 0.0 0.0
18.0 327812097.5099 327812099.13041997 327812100.75093997 0.0 0.0 446.40005945777295 0.0 0.0 0.0
19.0 327812100.75094 327812102.37146 327812103.99198 0.0 0.0 446.40005945777295 0.0 0.0 0.0
20.0 327812103.99198 327812105.6125 327812107.23302 0.0 0.0 446.40005945777295 0.0 0.0 0.0
21.0 327812107.23302 327812108.85354 327812110.47406 0.0 0.0 446.40005945777295 0.0 0.0 0.0
22.0 327812110.47406 327812112.09458 327812113.7151 0.0 0.0 446.40005945777295 0.0 0.0 0.0
23.0 327812113.7151 327812115.33562 327812116.95614 0.0 0.0 446.40005945777295 0.0 0.0 0.0
24.0 327812116.95614 327812118.57666 327812120.19718 0.0 0.0 446.40005945777295 0.0 0.0 0.0
25.0 327812120.19718 327812121.81769997 327812123.43821996 0.0 0.0 446.40005945777295 0.0 0.0 0.0
26.0 327812123.43822 327812125.05874 327812126.67926 0.0 0.0 446.40005945777295 0.0 0.0 0.0
27.0 327812126.67926 327812128.29978 327812129.9203 0.0 0.0 446.40005945777295 0.0 0.0 0.0
28.0 327812129.9203 327812131.54082 327812133.16134 0.0 0.0 446.40005945777295 0.0 0.0 0.0
29.0 327812133.16134 327812134.78186 327812136.40238 0.0 0.0 446.40005945777295 0.0 0.0 0.0
30.0 327812136.40238 327812138.0229 327812139.64342 0.0 0.0 446.40005945777295 0.0 0.0 0.0
31.0 327812139.64342 327812141.26394 327812142.88446 0.0 0.0 446.40005945777295 0.0 0.0 0.0
32.0 327812142.88446 327812144.50497997 327812146.12549996 0.0 0.0 446.40005945777295 0.0 0.0 0.0
33.0 327812146.1255 327812147.74602 327812149.36654 0.0 0.0 446.40005945777295 0.0 0.0 0.0
34.0 327812149.36654 327812150.98706 327812152.60758 0.0 0.0 446.40005945777295 0.0 0.0 0.0
35.0 327812152.60758 327812154.2281 327812155.84862 0.0 0.0 446.40005945777295 0.0 0.0 0.0
36.0 327812155.84862 327812157.46914 327812159.08966 0.0 0.0 446.40005945777295 0.0 0.0 0.0
37.0 327812159.08966 327812160.71018 327812162.3307 0.0 0.0 446.40005945777295 0.0 0.0 0.0
38.0 327812162.3307 327812163.95122 327812165.57174 0.0 0.0 446.40005945777295 0.0 0.0 0.0
39.0 327812165.57174 327812167.19225997 327812168.81277996 0.0 0.0 446.40005945777295 0.0 0.0 0.0
40.0 327812168.81278 327812170.4333 327812172.05382 0.0 0.0 446.40005945777295 0.0 0.0 0.0
41.0 327812172.05382 327812173.67434 327812175.29486 0.0 0.0 446.40005945777295 0.0 0.0 0.0
42.0 327812175.29486 327812176.91538 327812178.5359 0.0 0.0 446.40005945777295 0.0 0.0 0.0
43.0 327812178.5359 327812180.15642 327812181.77694 0.0 0.0 446.40005945777295 0.0 0.0 0.0
44.0 327812181.77694 327812183.39746 327812185.01798 0.0 0.0 446.40005945777295 0.0 0.0 0.0
45.0 327812185.01798 327812186.6385 327812188.25902 0.0 0.0 446.40005945777295 0.0 0.0 0.0
46.0 327812188.25902003 327812189.87954 327812191.50006 0.0 0.0 446.40005945777295 0.0 0.0 0.0
47.0 327812191.50006 327812193.12058 327812194.7411 0.0 0.0 446.40005945777295 0.0 0.0 0.0
48.0 327812194.7411 327812196.36162 327812197.98214 0.0 0.0 446.40005945777295 0.0 0.0 0.0
49.0 327812197.98214 327812199.60266 327812201.22318 0.0 0.0 446.40005945777295 0.0 0.0 0.0
50.0 327812201.22318 327812202.8437 327812204.46422 0.0 0.0 446.40005945777295 0.0 0.0 0.0
51.0 327812204.46422 327812206.08474 327812207.70526 0.0 0.0 446.40005945777295 0.0 0.0 0.0
52.0 327812207.70526 327812209.32578 327812210.94629997 0.0 0.0 446.40005945777295 0.0 0.0 0.0
53.0 327812210.9463 327812212.56682 327812214.18734 0.0 0.0 446.40005945777295 0.0 0.0 0.0
54.0 327812214.18734 327812215.80786 327812217.42838 0.0 0.0 446.40005945777295 0.0 0.0 0.0
55.0 327812217.42838 327812219.0489 327812220.66942 0.0 0.0 446.40005945777295 0.0 0.0 0.0
56.0 327812220.66942 327812222.28994 327812223.91046 0.0 0.0 446.40005945777295 0.0 0.0 0.0
57.0 327812223.91046 327812225.53098 327812227.1515 0.0 0.0 446.40005945777295 0.0 0.0 0.0
58.0 327812227.1515 327812228.77202 327812230.39254 0.0 0.0 446.40005945777295 0.0 0.0 0.0
59.0 327812230.39254 327812232.01306 327812233.63357997 0.0 0.0 446.40005945777295 0.0 0.0 0.0
60.0 327812233.63358 327812235.2541 327812236.87462 0.0 0.0 446.40005945777295 0.04010082825984546 0.0 0.0
61.0 327812236.87462 327812238.49514 327812240.11566 0.0 0.0 446.40005945777295 3.1986934178724904 0.0 0.0
62.0 327812240.11566 327812241.73618 327812243.3567 0.0 0.0 446.40005945777295 3.1986934178724904 0.0 0.0
63.0 327812243.3567 327812244.97722 327812246.59774 0.0 0.0 446.40005945777295 3.1986934178724904 0.0 0.0
64.0 327812246.59774 327812248.21826 327812249.83878 0.0 0.0 446.40005945777295 3.1986934178724904 0.0 0.0
65.0 327812249.83878 327812251.4593 327812253.07982 0.0 0.0 446.40005945777295 3.1986934178724904 0.0 0.0
66.0 327812253.07982 327812254.70034 327812256.32085997 0.0 0.0 446.40005945777295 3.1986934178724904 0.0 0.0
67.0 327812256.32086 327812257.94138 327812259.5619 0.0 0.0 446.40005945777295 3.1986934178724904 0.0 0.0
68.0 327812259.5619 327812261.18242 327812262.80294 0.0 0.0 446.40005945777295 3.1986934178724904 0.0 0.0
69.0 327812262.80294 327812264.42346 327812266.04398 0.0 0.0 446.40005945777295 3.1986934178724904 0.0 0.0
70.0 327812266.04398 327812267.6645 327812269.28502 0.0 0.0 446.40005945777295 3.1986934178724904 0.0 0.0
71.0 327812269.28502 327812270.90554 327812272.52606 0.0 0.0 446.40005945777295 3.1986934178724904 0.0 0.0
72.0 327812272.52606 327812274.14658 327812275.7671 0.0 0.0 446.40005945777295 3.1986934178724904 0.0 0.0
73.0 327812275.7671 327812277.38762 327812279.00813997 0.0 0.0 446.40005945777295 3.1986934178724904 0.0 0.0
74.0 327812279.00814 327812280.62866 327812282.24918 0.0 0.0 446.40005945777295 3.1986934178724904 0.0 0.0
75.0 327812282.24918 327812283.8697 327812285.49022 0.0 0.0 446.40005945777295 3.1986934178724904 0.0 0.0
76.0 327812285.49022 327812287.11074 327812288.73126 0.0 0.0 446.40005945777295 3.1986934178724904 0.0 0.0
77.0 327812288.73126 327812290.35178 327812291.9723 0.0 0.0 446.40005945777295 3.1986934178724904 0.0 0.0
78.0 327812291.9723 327812293.59282 327812295.21334 0.0 0.0 446.40005945777295 3.1986934178724904 0.0 0.0
79.0 327812295.21334 327812296.83386 327812298.45438 0.0 0.0 446.40005945777295 3.1986934178724904 0.0 0.0
80.0 327812298.45438 327812300.0749 327812301.69541997 0.0 0.0 446.40005945777295 3.1986934178724904 0.0 0.0
81.0 327812301.69542 327812303.31594 327812304.93646 0.0 0.0 446.40005945777295 3.1986934178724904 0.0 0.0
82.0 327812304.93646 327812306.55698 327812308.1775 0.0 0.0 446.40005945777295 3.1986934178724904 0.0 0.0
83.0 327812308.1775 327812309.79802 327812311.41854 0.0 0.0 446.40005945777295 3.1986934178724904 0.0 0.0
84.0 327812311.41854 327812313.03906 327812314.65958 0.0 0.0 446.40005945777295 3.1986934178724904 0.0 0.0
85.0 327812314.65958 327812316.2801 327812317.90062 0.0 0.0 446.40005945777295 3.1986934178724904 0.0 0.0
86.0 327812317.90062 327812319.52114 327812321.14166 0.0 0.0 446.40005945777295 3.1986934178724904 0.0 0.0
87.0 327812321.14166 327812322.76218 327812324.38269997 0.0 0.0 446.40005945777295 3.1986934178724904 0.0 0.0
88.0 327812324.3827 327812326.00322 327812327.62374 0.0 0.0 446.40005945777295 3.1986934178724904 0.0 0.0
89.0 327812327.62374 327812329.24426 327812330.86478 0.0 0.0 446.40005945777295 3.1986934178724904 0.0 0.0
90.0 327812330.86478 327812332.4853 327812334.10582 0.0 0.0 446.40005945777295 3.1986934178724904 0.0 0.0
91.0 327812334.10582 327812335.72634 327812337.34686 0.0 0.0 446.40005945777295 3.1986934178724904 0.0 0.0
92.0 327812337.34686 327812338.96738 327812340.5879 0.0 0.0 446.40005945777295 3.1986934178724904 0.0 0.0
93.0 327812340.5879 327812342.20842 327812343.82894 0.0 0.0 446.40005945777295 3.1986934178724904 0.0 0.0
94.0 327812343.82894 327812345.44945997 327812347.06997997 0.0 0.0 446.40005945777295 3.1986934178724904 0.0 0.0
95.0 327812347.06998 327812348.6905 327812350.31102 0.0 0.0 446.40005945777295 3.1986934178724904 0.0 0.0
96.0 327812350.31102 327812351.93154 327812353.55206 0.0 0.0 446.40005945777295 3.1986934178724904 0.0 0.0
97.0 327812353.55206 327812355.17258 327812356.7931 0.0 0.0 446.40005945777295 3.1986934178724904 0.0 0.0
98.0 327812356.7931 327812358.41362 327812360.03414 0.0 0.0 446.40005945777295 3.1986934178724904 0.0 0.0
99.0 327812360.03414 327812361.65466 327812363.27518 0.0 0.0 446.40005945777295 3.1986934178724904 0.0 0.0
100.0 327812363.27518 327812364.8957 327812366.51622 0.0 0.0 446.40005945777295 3.1986934178724904 0.0 0.0
101.0 327812366.51622 327812368.13673997 327812369.75725996 0.0 0.0 446.40005945777295 3.1986934178724904 0.0 0.0
102.0 327812369.75726 327812371.37778 327812372.9983 0.0 0.0 446.40005945777295 3.1986934178724904 0.0 0.0
103.0 327812372.9983 327812374.61882 327812376.23934 0.0 0.0 446.40005945777295 3.1986934178724904 0.0 0.0
104.0 327812376.23934 327812377.85986 327812379.48038 0.0 0.0 446.40005945777295 3.1986934178724904 0.0 0.0
105.0 327812379.48038 327812381.1009 327812382.72142 0.0 0.0 446.40005945777295 3.1986934178724904 0.0 0.0
106.0 327812382.72142 327812384.34194 327812385.96246 0.0 0.0 446.40005945777295 3.1986934178724904 0.0 0.0
107.0 327812385.96246 327812387.58298 327812389.2035 0.0 0.0 446.40005945777295 3.1986934178724904 0.0 0.0
108.0 327812389.2035 327812390.82401997 327812392.44453996 0.0 0.0 446.40005945777295 3.1986934178724904 0.0 0.0
109.0 327812392.44454 327812394.06506 327812395.68558 0.0 0.0 446.40005945777295 3.1986934178724904 0.0 0.0
110.0 327812395.68558 327812397.3061 327812398.92662 0.0 0.0 446.40005945777295 3.1986934178724904 0.0 0.0
111.0 327812398.92662 327812400.54714 327812402.16766 0.0 0.0 446.40005945777295 3.1986934178724904 0.0 0.0
112.0 327812402.16766 327812403.78818 327812405.4087 0.0 0.0 446.40005945777295 3.1986934178724904 0.0 0.0
113.0 327812405.4087 327812407.02922 327812408.64974 0.0 0.0 446.40005945777295 3.1986934178724904 0.0 0.0
114.0 327812408.64974 327812410.27026 327812411.89078 0.0 0.0 446.40005945777295 3.1986934178724904 0.0 0.0
115.0 327812411.89078 327812413.51129997 327812415.13181996 0.0 0.0 446.40005945777295 3.1986934178724904 0.0 0.0
116.0 327812415.13182 327812416.75234 327812418.37286 0.0 0.0 446.40005945777295 3.1986934178724904 0.0 0.0
117.0 327812418.37286 327812419.99338 327812421.6139 0.0 0.0 446.40005945777295 3.1986934178724904 0.0 0.0
118.0 327812421.6139 327812423.23442 327812424.85494 0.0 0.0 446.40005945777295 3.1986934178724904 0.0 0.0
119.0 327812424.85494 327812426.47546 327812428.09598 0.0 0.0 446.40005945777295 3.1986934178724904 0.0 0.0
120.0 327812428.09598 327812429.7165 327812431.33702 0.0 0.0 446.40005945777295 3.1986934178724904 0.0 0.0
121.0 327812431.33702 327812432.95754 327812434.57806 0.0 0.0 446.40005945777295 3.1986934178724904 0.0 0.0
122.0 327812434.57806003 327812436.19858 327812437.8191 0.0 0.0 446.40005945777295 3.1986934178724904 0.0 0.0
123.0 327812437.8191 327812439.43962 327812441.06014 0.0 0.0 446.40005945777295 3.1986934178724904 0.0 0.0
124.0 327812441.06014 327812442.68066 327812444.30118 0.0 0.0 446.40005945777295 3.1986934178724904 0.0 0.0
125.0 327812444.30118 327812445.9217 327812447.54222 0.0 0.0 446.40005945777295 3.1986934178724904 0.0 0.0
126.0 327812447.54222 327812449.16274 327812450.78326 0.0 0.0 446.40005945777295 3.1986934178724904 0.0 0.0
127.0 327812450.78326 327812452.40378 327812454.0243 0.0 0.0 446.40005945777295 3.1986934178724904 0.0 0.0
128.0 327812454.0243 327812455.64482 327812457.26534 0.0 0.0 446.40005945777295 3.1986934178724904 0.0 0.0
129.0 327812457.26534003 327812458.88586 327812460.50638 0.0 0.0 446.40005945777295 3.1986934178724904 0.0 0.0
130.0 327812460.50638 327812462.1269 327812463.74742 0.0 0.0 446.40005945777295 3.1986934178724904 0.0 0.0
131.0 327812463.74742 327812465.36794 327812466.98846 0.0 0.0 446.40005945777295 3.1986934178724904 0.0 0.0
132.0 327812466.98846 327812468.60898 327812470.2295 0.0 0.0 446.40005945777295 3.1986934178724904 0.0 0.0
133.0 327812470.2295 327812471.85002 327812473.47054 0.0 0.0 446.40005945777295 3.1986934178724904 0.0 0.0
134.0 327812473.47054 327812475.09106 327812476.71158 0.0 0.0 446.40005945777295 3.1986934178724904 0.0 0.0
135.0 327812476.71158 327812478.3321 327812479.95261997 0.0 0.0 446.40005945777295 3.1986934178724904 0.0 0.0
136.0 327812479.95262 327812481.57314 327812483.19366 0.0 0.0 446.40005945777295 3.1986934178724904 0.0 0.0
137.0 327812483.19366 327812484.81418 327812486.4347 0.0 0.0 446.40005945777295 3.1986934178724904 0.0 0.0
138.0 327812486.4347 327812488.05522 327812489.67574 0.0 0.0 446.40005945777295 3.1986934178724904 0.0 0.0
139.0 327812489.67574 327812491.29626 327812492.91678 0.0 0.0 446.40005945777295 3.1986934178724904 0.0 0.0
140.0 327812492.91678 327812494.5373 327812496.15782 0.0 0.0 446.40005945777295 3.1986934178724904 0.0 0.0
141.0 327812496.15782 327812497.77834 327812499.39886 0.0 0.0 446.40005945777295 3.1986934178724904 0.0 0.0
142.0 327812499.39886 327812501.01938 327812502.63989997 0.0 0.0 446.40005945777295 3.1986934178724904 0.0 0.0
143.0 327812502.6399 327812504.26042 327812505.88094 0.0 0.0 446.40005945777295 3.1986934178724904 0.0 0.0
144.0 327812505.88094 327812507.50146 327812509.12198 0.0 0.0 446.40005945777295 3.1986934178724904 0.0 0.0
145.0 327812509.12198 327812510.7425 327812512.36302 0.0 0.0 446.40005945777295 3.1986934178724904 0.0 0.0
146.0 327812512.36302 327812513.98354 327812515.60406 0.0 0.0 446.40005945777295 3.1986934178724904 0.0 0.0
147.0 327812515.60406 327812517.22458 327812518.8451 0.0 0.0 446.40005945777295 3.1986934178724904 0.0 0.0
148.0 327812518.8451 327812520.46562 327812522.08614 0.0 0.0 446.40005945777295 3.1986934178724904 0.0 0.0
149.0 327812522.08614 327812523.70666 327812525.32717997 0.0 0.0 446.40005945777295 3.1986934178724904 0.0 0.0
150.0 327812525.32718 327812526.9477 327812528.56822 0.0 0.0 446.40005945777295 3.1986934178724904 0.0 0.0
151.0 327812528.56822 327812530.18874 327812531.80926 0.0 0.0 446.40005945777295 3.1986934178724904 0.0 0.0
152.0 327812531.80926 327812533.42978 327812535.0503 0.0 0.0 446.40005945777295 3.1986934178724904 0.0 0.0
153.0 327812535.0503 327812536.67082 327812538.29134 0.0 0.0 446.40005945777295 3.1986934178724904 0.0 0.0
154.0 327812538.29134 327812539.91186 327812541.53238 0.0 0.0 446.40005945777295 3.1986934178724904 0.0 0.0
155.0 327812541.53238 327812543.1529 327812544.77342 0.0 0.0 446.40005945777295 3.1986934178724904 0.0 0.0
156.0 327812544.77342 327812546.39394 327812548.01445997 0.0 0.0 446.40005945777295 3.1986934178724904 0.0 0.0
157.0 327812548.01446 327812549.63498 327812551.2555 0.0 0.0 446.40005945777295 3.1986934178724904 0.0 0.0
158.0 327812551.2555 327812552.87602 327812554.49654 0.0 0.0 446.40005945777295 3.1986934178724904 0.0 0.0
159.0 327812554.49654 327812556.11706 327812557.73758 0.0 0.0 446.40005945777295 3.1986934178724904 0.0 0.0
160.0 327812557.73758 327812559.3581 327812560.97862 0.0 0.0 446.40005945777295 3.1986934178724904 0.0 0.0
161.0 327812560.97862 327812562.59914 327812564.21966 0.0 0.0 446.40005945777295 3.1986934178724904 0.0 0.0
162.0 327812564.21966 327812565.84018 327812567.4607 0.0 0.0 446.40005945777295 3.1986934178724904 0.0 0.0
163.0 327812567.4607 327812569.08122 327812570.70173997 0.0 0.0 446.40005945777295 3.1986934178724904 0.0 0.0
164.0 327812570.70174 327812572.32226 327812573.94278 0.0 0.0 446.40005945777295 3.1986934178724904 0.0 0.0
165.0 327812573.94278 327812575.5633 327812577.18382 0.0 0.0 446.40005945777295 3.1986934178724904 0.0 0.0
166.0 327812577.18382 327812578.80434 327812580.42486 0.0 0.0 446.40005945777295 3.1986934178724904 0.0 0.0
167.0 327812580.42486 327812582.04538 327812583.6659 0.0 0.0 446.40005945777295 3.1986934178724904 0.0 0.0
168.0 327812583.6659 327812585.28642 327812586.90694 0.0 0.0 446.40005945777295 3.1986934178724904 0.0 0.0
169.0 327812586.90694 327812588.52746 327812590.14798 0.0 0.0 446.40005945777295 3.1986934178724904 0.0 0.0
170.0 327812590.14798 327812591.7685 327812593.38901997 0.0 0.0 446.40005945777295 3.1986934178724904 0.0 0.0
171.0 327812593.38902 327812595.00954 327812596.63006 0.0 0.0 446.40005945777295 3.1986934178724904 0.0 0.0
172.0 327812596.63006 327812598.25058 327812599.8711 0.0 0.0 446.40005945777295 3.1986934178724904 0.0 0.0
173.0 327812599.8711 327812601.49162 327812603.11214 0.0 0.0 446.40005945777295 3.1986934178724904 0.0 0.0
174.0 327812603.11214 327812604.73266 327812606.35318 0.0 0.0 446.40005945777295 3.1986934178724904 0.0 0.0
175.0 327812606.35318 327812607.9737 327812609.59422 0.0 0.0 446.40005945777295 3.1986934178724904 0.0 0.0
176.0 327812609.59422 327812611.21474 327812612.83526 0.0 0.0 446.40005945777295 3.1986934178724904 0.0 0.0
177.0 327812612.83526 327812614.45577997 327812616.07629997 0.0 0.0 446.40005945777295 3.1986934178724904 0.0 0.0
178.0 327812616.0763 327812617.69682 327812619.31734 0.0 0.0 446.40005945777295 3.1986934178724904 0.0 0.0
179.0 327812619.31734 327812620.93786 327812622.55838 0.0 0.0 446.40005945777295 3.1986934178724904 0.0 0.0
180.0 327812622.55838 327812624.1789 327812625.79942 0.0 0.0 446.40005945777295 3.1986934178724904 0.0 0.0
181.0 327812625.79942 327812627.41994 327812629.04046 0.0 0.0 446.40005945777295 3.1986934178724904 0.0 0.0
182.0 327812629.04046 327812630.66098 327812632.2815 0.0 0.0 446.40005945777295 3.1986934178724904 0.0 0.0
183.0 327812632.2815 327812633.90202 327812635.52254 0.0 0.0 446.40005945777295 3.1986934178724904 0.0 0.0
184.0 327812635.52254 327812637.14305997 327812638.76357996 0.0 0.0 446.40005945777295 3.1986934178724904 0.0 0.0
185.0 327812638.76358 327812640.3841 327812642.00462 0.0 0.0 446.40005945777295 3.1986934178724904 0.0 0.0
186.0 327812642.00462 327812643.62514 327812645.24566 0.0 0.0 446.40005945777295 3.1986934178724904 0.0 0.0
187.0 327812645.24566 327812646.86618 327812648.4867 0.0 0.0 446.40005945777295 3.1986934178724904 0.0 0.0
188.0 327812648.4867 327812650.10722 327812651.72774 0.0 0.0 446.40005945777295 3.1986934178724904 0.0 0.0
189.0 327812651.72774 327812653.34826 327812654.96878 0.0 0.0 446.40005945777295 3.1986934178724904 0.0 0.0
190.0 327812654.96878 327812656.5893 327812658.20982 0.0 0.0 446.40005945777295 3.1986934178724904 0.0 0.0
191.0 327812658.20982 327812659.83033997 327812661.45085996 0.0 0.0 446.40005945777295 3.1986934178724904 0.0 0.0
192.0 327812661.45086 327812663.07138 327812664.6919 0.0 0.0 446.40005945777295 3.1986934178724904 0.0 0.0
193.0 327812664.6919 327812666.31242 327812667.93294 0.0 0.0 446.40005945777295 3.1986934178724904 0.0 0.0
194.0 327812667.93294 327812669.55346 327812671.17398 0.0 0.0 446.40005945777295 3.1986934178724904 0.0 0.0
195.0 327812671.17398 327812672.7945 327812674.41502 0.0 0.0 446.40005945777295 3.1986934178724904 0.0 0.0
196.0 327812674.41502 327812676.03554 327812677.65606 0.0 0.0 446.40005945777295 3.1986934178724904 0.0 0.0
197.0 327812677.65606 327812679.27658 327812680.8971 0.0 0.0 446.40005945777295 3.1986934178724904 0.0 0.0
198.0 327812680.8971 327812682.51761997 327812684.13813996 0.0 0.0 446.40005945777295 3.1986934178724904 0.0 0.0
199.0 327812684.13814 327812685.75866 327812687.37918 0.0 0.0 446.40005945777295 3.1986934178724904 0.0 0.0
200.0 327812687.37918 327812688.9997 327812690.62022 0.0 0.0 446.40005945777295 3.1986934178724904 0.0 0.0
201.0 327812690.62022 327812692.24074 327812693.86126 0.0 0.0 446.40005945777295 3.1986934178724904 0.0 0.0
202.0 327812693.86126 327812695.48178 327812697.1023 0.0 0.0 446.40005945777295 3.1986934178724904 0.0 0.0
203.0 327812697.1023 327812698.72282 327812700.34334 0.0 0.0 446.40005945777295 3.1986934178724904 0.0 0.0
204.0 327812700.34334 327812701.96386 327812703.58438 0.0 0.0 446.40005945777295 3.1986934178724904 0.0 0.0
205.0 327812703.58438003 327812705.2049 327812706.82542 0.0 0.0 446.40005945777295 3.1986934178724904 0.0 0.0
206.0 327812706.82542 327812708.44594 327812710.06646 0.0 0.0 446.40005945777295 3.1986934178724904 0.0 0.0
207.0 327812710.06646 327812711.68698 327812713.3075 0.0 0.0 446.40005945777295 3.1986934178724904 0.0 0.0
208.0 327812713.3075 327812714.92802 327812716.54854 0.0 0.0 446.40005945777295 3.1986934178724904 0.0 0.0
209.0 327812716.54854 327812718.16906 327812719.78958 0.0 0.0 446.40005945777295 3.1986934178724904 0.0 0.0
210.0 327812719.78958 327812721.4101 327812723.03062 0.0 0.0 446.40005945777295 3.1986934178724904 0.0 0.0
211.0 327812723.03062 327812724.65114 327812726.27166 0.0 0.0 446.40005945777295 3.1986934178724904 0.0 0.0
212.0 327812726.27166003 327812727.89218 327812729.5127 0.0 0.0 446.40005945777295 3.1986934178724904 0.0 0.0
213.0 327812729.5127 327812731.13322 327812732.75374 0.0 0.0 446.40005945777295 3.1986934178724904 0.0 0.0
214.0 327812732.75374 327812734.37426 327812735.99478 0.0 0.0 446.40005945777295 3.1986934178724904 0.0 0.0
215.0 327812735.99478 327812737.6153 327812739.23582 0.0 0.0 446.40005945777295 3.1986934178724904 0.0 0.0
216.0 327812739.23582 327812740.85634 327812742.47686 0.0 0.0 446.40005945777295 3.1986934178724904 0.0 0.0
217.0 327812742.47686 327812744.09738 327812745.7179 0.0 0.0 446.40005945777295 3.1986934178724904 0.0 0.0
218.0 327812745.7179 327812747.33842 327812748.95893997 0.0 0.0 446.40005945777295 3.1986934178724904 0.0 0.0
219.0 327812748.95894 327812750.57946 327812752.19998 0.0 0.0 446.40005945777295 3.1986934178724904 0.0 0.0
220.0 327812752.19998 327812753.8205 327812755.44102 0.0 0.0 446.40005945777295 3.1986934178724904 0.0 0.0
221.0 327812755.44102 327812757.06154 327812758.68206 0.0 0.0 446.40005945777295 3.1986934178724904 0.0 0.0
222.0 327812758.68206 327812760.30258 327812761.9231 0.0 0.0 446.40005945777295 3.1986934178724904 0.0 0.0
223.0 327812761.9231 327812763.54362 327812765.16414 0.0 0.0 446.40005945777295 3.1986934178724904 0.0 0.0
224.0 327812765.16414 327812766.78466 327812768.40518 0.0 0.0 446.40005945777295 3.1986934178724904 0.0 0.0
225.0 327812768.40518 327812770.0257 327812771.64621997 0.0 0.0 446.40005945777295 3.1986934178724904 0.0 0.0
226.0 327812771.64622 327812773.26674 327812774.88726 0.0 0.0 446.40005945777295 3.1986934178724904 0.0 0.0
227.0 327812774.88726 327812776.50778 327812778.1283 0.0 0.0 446.40005945777295 3.1986934178724904 0.0 0.0
228.0 327812778.1283 327812779.74882 327812781.36934 0.0 0.0 446.40005945777295 3.1986934178724904 0.0 0.0
229.0 327812781.36934 327812782.98986 327812784.61038 0.0 0.0 446.40005945777295 3.1986934178724904 0.0 0.0
230.0 327812784.61038 327812786.2309 327812787.85142 0.0 0.0 446.40005945777295 3.1986934178724904 0.0 0.0
231.0 327812787.85142 327812789.47194 327812791.09246 0.0 0.0 446.40005945777295 3.1986934178724904 0.0 0.0
232.0 327812791.09246 327812792.71298 327812794.33349997 0.0 0.0 446.40005945777295 3.1986934178724904 0.0 0.0
233.0 327812794.3335 327812795.95402 327812797.57454 0.0 0.0 446.40005945777295 3.1986934178724904 0.0 0.0
234.0 327812797.57454 327812799.19506 327812800.81558 0.0 0.0 446.40005945777295 3.1986934178724904 0.0 0.0
235.0 327812800.81558 327812802.4361 327812804.05662 0.0 0.0 446.40005945777295 3.1986934178724904 0.0 0.0
236.0 327812804.05662 327812805.67714 327812807.29766 0.0 0.0 446.40005945777295 3.1986934178724904 0.0 0.0
237.0 327812807.29766 327812808.91818 327812810.5387 1.0 1.0 446.40005945777295 3.1986934178724904 0.3126276480304631 0.3126276480304631
238.0 327812810.5387 327812812.15922 327812813.77974 0.0 0.0 446.40005945777295 3.1986934178724904 0.0 0.0
239.0 327812813.77974 327812815.40026 327812817.02077997 0.0 0.0 446.40005945777295 3.1986934178724904 0.0 0.0
240.0 327812817.02078 327812818.6413 327812820.26182 0.0 0.0 446.40005945777295 3.1986934178724904 0.0 0.0
241.0 327812820.26182 327812821.88234 327812823.50286 0.0 0.0 446.40005945777295 3.1986934178724904 0.0 0.0
242.0 327812823.50286 327812825.12338 327812826.7439 0.0 0.0 446.40005945777295 3.1986934178724904 0.0 0.0
243.0 327812826.7439 327812828.36442 327812829.98494 1.0 1.0 446.40005945777295 3.1986934178724904 0.3126276480304631 0.3126276480304631
244.0 327812829.98494 327812831.60546 327812833.22598 0.0 0.0 446.40005945777295 3.1986934178724904 0.0 0.0
245.0 327812833.22598 327812834.8465 327812836.46702 0.0 0.0 446.40005945777295 3.1986934178724904 0.0 0.0
246.0 327812836.46702 327812838.08754 327812839.70805997 0.0 0.0 446.40005945777295 3.1986934178724904 0.0 0.0
247.0 327812839.70806 327812841.32858 327812842.9491 0.0 0.0 446.40005945777295 3.1986934178724904 0.0 0.0
248.0 327812842.9491 327812844.56962 327812846.19014 0.0 0.0 446.40005945777295 3.1986934178724904 0.0 0.0
249.0 327812846.19014 327812847.81066 327812849.43118 0.0 0.0 446.40005945777295 3.1986934178724904 0.0 0.0
250.0 327812849.43118 327812851.0517 327812852.67222 0.0 0.0 446.40005945777295 3.1986934178724904 0.0 0.0
251.0 327812852.67222 327812854.29274 327812855.91326 0.0 0.0 446.40005945777295 3.1986934178724904 0.0 0.0
252.0 327812855.91326 327812857.53378 327812859.1543 0.0 0.0 446.40005945777295 3.1986934178724904 0.0 0.0
253.0 327812859.1543 327812860.77481997 327812862.39533997 0.0 0.0 446.40005945777295 3.1986934178724904 0.0 0.0
254.0 327812862.39534 327812864.01586 327812865.63638 0.0 0.0 446.40005945777295 3.1986934178724904 0.0 0.0
255.0 327812865.63638 327812867.2569 327812868.87742 0.0 0.0 446.40005945777295 3.1986934178724904 0.0 0.0
256.0 327812868.87742 327812870.49794 327812872.11846 0.0 0.0 446.40005945777295 3.1986934178724904 0.0 0.0
257.0 327812872.11846 327812873.73898 327812875.3595 0.0 0.0 446.40005945777295 3.1986934178724904 0.0 0.0
258.0 327812875.3595 327812876.98002 327812878.60054 0.0 0.0 446.40005945777295 3.1986934178724904 0.0 0.0
259.0 327812878.60054 327812880.22106 327812881.84158 0.0 0.0 446.40005945777295 3.1986934178724904 0.0 0.0
260.0 327812881.84158 327812883.46209997 327812885.08261997 0.0 0.0 446.40005945777295 3.1986934178724904 0.0 0.0
261.0 327812885.08262 327812886.70314 327812888.32366 0.0 0.0 446.40005945777295 3.1986934178724904 0.0 0.0
262.0 327812888.32366 327812889.94418 327812891.5647 0.0 0.0 446.40005945777295 3.1986934178724904 0.0 0.0
263.0 327812891.5647 327812893.18522 327812894.80574 0.0 0.0 446.40005945777295 3.1986934178724904 0.0 0.0
264.0 327812894.80574 327812896.42626 327812898.04678 0.0 0.0 446.40005945777295 3.1986934178724904 0.0 0.0
265.0 327812898.04678 327812899.6673 327812901.28782 0.0 0.0 446.40005945777295 3.1986934178724904 0.0 0.0
266.0 327812901.28782 327812902.90834 327812904.52886 0.0 0.0 446.40005945777295 3.1986934178724904 0.0 0.0
267.0 327812904.52886 327812906.14937997 327812907.76989996 0.0 0.0 446.40005945777295 3.1986934178724904 0.0 0.0
268.0 327812907.7699 327812909.39042 327812911.01094 1.0 1.0 446.40005945777295 3.1986934178724904 0.3126276480304631 0.3126276480304631
269.0 327812911.01094 327812912.63146 327812914.25198 0.0 0.0 446.40005945777295 3.1986934178724904 0.0 0.0
270.0 327812914.25198 327812915.8725 327812917.49302 0.0 0.0 446.40005945777295 3.1986934178724904 0.0 0.0
271.0 327812917.49302 327812919.11354 327812920.73406 0.0 0.0 446.40005945777295 3.1986934178724904 0.0 0.0
272.0 327812920.73406 327812922.35458 327812923.9751 0.0 0.0 446.40005945777295 3.1986934178724904 0.0 0.0
273.0 327812923.9751 327812925.59562 327812927.21614 0.0 0.0 446.40005945777295 3.1986934178724904 0.0 0.0
274.0 327812927.21614 327812928.83665997 327812930.45717996 0.0 0.0 446.40005945777295 3.1986934178724904 0.0 0.0
275.0 327812930.45718 327812932.0777 327812933.69822 0.0 0.0 446.40005945777295 3.1986934178724904 0.0 0.0
276.0 327812933.69822 327812935.31874 327812936.93926 0.0 0.0 446.40005945777295 3.1986934178724904 0.0 0.0
277.0 327812936.93926 327812938.55978 327812940.1803 0.0 0.0 446.40005945777295 3.1986934178724904 0.0 0.0
278.0 327812940.1803 327812941.80082 327812943.42134 0.0 0.0 446.40005945777295 3.1986934178724904 0.0 0.0
279.0 327812943.42134 327812945.04186 327812946.66238 0.0 0.0 446.40005945777295 3.1986934178724904 0.0 0.0
280.0 327812946.66238 327812948.2829 327812949.90342 0.0 0.0 446.40005945777295 3.1986934178724904 0.0 0.0
281.0 327812949.90342 327812951.52393997 327812953.14445996 0.0 0.0 446.40005945777295 3.1986934178724904 0.0 0.0
282.0 327812953.14446 327812954.76498 327812956.3855 0.0 0.0 446.40005945777295 3.1986934178724904 0.0 0.0
283.0 327812956.3855 327812958.00602 327812959.62654 0.0 0.0 446.40005945777295 3.1986934178724904 0.0 0.0
284.0 327812959.62654 327812961.24706 327812962.86758 0.0 0.0 446.40005945777295 3.1986934178724904 0.0 0.0
285.0 327812962.86758 327812964.4881 327812966.10862 0.0 0.0 446.40005945777295 3.1986934178724904 0.0 0.0
286.0 327812966.10862 327812967.72914 327812969.34966 0.0 0.0 446.40005945777295 3.1986934178724904 0.0 0.0
287.0 327812969.34966 327812970.97018 327812972.5907 0.0 0.0 446.40005945777295 3.1986934178724904 0.0 0.0
288.0 327812972.59070003 327812974.21122 327812975.83174 0.0 0.0 446.40005945777295 3.1986934178724904 0.0 0.0
289.0 327812975.83174 327812977.45226 327812979.07278 0.0 0.0 446.40005945777295 3.1986934178724904 0.0 0.0
290.0 327812979.07278 327812980.6933 327812982.31382 1.0 1.0 446.40005945777295 3.1986934178724904 0.3126276480304631 0.3126276480304631
291.0 327812982.31382 327812983.93434 327812985.55486 0.0 0.0 446.40005945777295 3.1986934178724904 0.0 0.0
292.0 327812985.55486 327812987.17538 327812988.7959 0.0 0.0 446.40005945777295 3.1986934178724904 0.0 0.0
293.0 327812988.7959 327812990.41642 327812992.03694 0.0 0.0 446.40005945777295 3.1986934178724904 0.0 0.0
294.0 327812992.03694 327812993.65746 327812995.27797997 0.0 0.0 446.40005945777295 3.1986934178724904 0.0 0.0
295.0 327812995.27798 327812996.8985 327812998.51902 0.0 0.0 446.40005945777295 3.1986934178724904 0.0 0.0
296.0 327812998.51902 327813000.13954 327813001.76006 0.0 0.0 446.40005945777295 3.1986934178724904 0.0 0.0
297.0 327813001.76006 327813003.38058 327813005.0011 0.0 0.0 446.40005945777295 3.1986934178724904 0.0 0.0
298.0 327813005.0011 327813006.62162 327813008.24214 0.0 0.0 446.40005945777295 3.1986934178724904 0.0 0.0
299.0 327813008.24214 327813009.86266 327813011.48318 0.0 0.0 446.40005945777295 3.1986934178724904 0.0 0.0
300.0 327813011.48318 327813013.1037 327813014.72422 0.0 0.0 446.40005945777295 3.1986934178724904 0.0 0.0
301.0 327813014.72422 327813016.34474 327813017.96525997 0.0 0.0 446.40005945777295 3.1986934178724904 0.0 0.0
302.0 327813017.96526 327813019.58578 327813021.2063 0.0 0.0 446.40005945777295 3.1986934178724904 0.0 0.0
303.0 327813021.2063 327813022.82682 327813024.44734 0.0 0.0 446.40005945777295 3.1986934178724904 0.0 0.0
304.0 327813024.44734 327813026.06786 327813027.68838 0.0 0.0 446.40005945777295 3.1986934178724904 0.0 0.0
305.0 327813027.68838 327813029.3089 327813030.92942 0.0 0.0 446.40005945777295 3.1986934178724904 0.0 0.0
306.0 327813030.92942 327813032.54994 327813034.17046 0.0 0.0 446.40005945777295 3.1986934178724904 0.0 0.0
307.0 327813034.17046 327813035.79098 327813037.4115 0.0 0.0 446.40005945777295 3.1986934178724904 0.0 0.0
308.0 327813037.4115 327813039.03202 327813040.65253997 0.0 0.0 446.40005945777295 3.1986934178724904 0.0 0.0
309.0 327813040.65254 327813042.27306 327813043.89358 0.0 0.0 446.40005945777295 3.1986934178724904 0.0 0.0
310.0 327813043.89358 327813045.5141 327813047.13462 0.0 0.0 446.40005945777295 3.1986934178724904 0.0 0.0
311.0 327813047.13462 327813048.75514 327813050.37566 0.0 0.0 446.40005945777295 3.1986934178724904 0.0 0.0
312.0 327813050.37566 327813051.99618 327813053.6167 0.0 0.0 446.40005945777295 3.1986934178724904 0.0 0.0
313.0 327813053.6167 327813055.23722 327813056.85774 0.0 0.0 446.40005945777295 3.1986934178724904 0.0 0.0
314.0 327813056.85774 327813058.47826 327813060.09878 0.0 0.0 446.40005945777295 3.1986934178724904 0.0 0.0
315.0 327813060.09878 327813061.7193 327813063.33981997 0.0 0.0 446.40005945777295 3.1986934178724904 0.0 0.0
316.0 327813063.33982 327813064.96034 327813066.58086 0.0 0.0 446.40005945777295 3.1986934178724904 0.0 0.0
317.0 327813066.58086 327813068.20138 327813069.8219 0.0 0.0 446.40005945777295 3.1986934178724904 0.0 0.0
318.0 327813069.8219 327813071.44242 327813073.06294 0.0 0.0 446.40005945777295 3.1986934178724904 0.0 0.0
319.0 327813073.06294 327813074.68346 327813076.30398 0.0 0.0 446.40005945777295 3.1986934178724904 0.0 0.0
320.0 327813076.30398 327813077.9245 327813079.54502 0.0 0.0 446.40005945777295 3.1986934178724904 0.0 0.0
321.0 327813079.54502 327813081.16554 327813082.78606 0.0 0.0 446.40005945777295 3.1986934178724904 0.0 0.0
322.0 327813082.78606 327813084.40658 327813086.02709997 0.0 0.0 446.40005945777295 3.1986934178724904 0.0 0.0
323.0 327813086.0271 327813087.64762 327813089.26814 1.0 1.0 446.40005945777295 3.1986934178724904 0.3126276480304631 0.3126276480304631
324.0 327813089.26814 327813090.88866 327813092.50918 0.0 0.0 446.40005945777295 3.1986934178724904 0.0 0.0
325.0 327813092.50918 327813094.1297 327813095.75022 0.0 0.0 446.40005945777295 3.1986934178724904 0.0 0.0
326.0 327813095.75022 327813097.37074 327813098.99126 0.0 0.0 446.40005945777295 3.1986934178724904 0.0 0.0
327.0 327813098.99126 327813100.61178 327813102.2323 0.0 0.0 446.40005945777295 3.1986934178724904 0.0 0.0
328.0 327813102.2323 327813103.85282 327813105.47334 0.0 0.0 446.40005945777295 3.1986934178724904 0.0 0.0
329.0 327813105.47334 327813107.09386 327813108.71437997 0.0 0.0 446.40005945777295 3.1986934178724904 0.0 0.0
330.0 327813108.71438 327813110.3349 327813111.95542 0.0 0.0 446.40005945777295 3.1986934178724904 0.0 0.0
331.0 327813111.95542 327813113.57594 327813115.19646 0.0 0.0 446.40005945777295 3.1986934178724904 0.0 0.0
332.0 327813115.19646 327813116.81698 327813118.4375 0.0 0.0 446.40005945777295 3.1986934178724904 0.0 0.0
333.0 327813118.4375 327813120.05802 327813121.67854 0.0 0.0 446.40005945777295 3.1986934178724904 0.0 0.0
334.0 327813121.67854 327813123.29906 327813124.91958 0.0 0.0 446.40005945777295 3.1986934178724904 0.0 0.0
335.0 327813124.91958 327813126.5401 327813128.16062 0.0 0.0 446.40005945777295 3.1986934178724904 0.0 0.0
336.0 327813128.16062 327813129.78113997 327813131.40165997 0.0 0.0 446.40005945777295 3.1986934178724904 0.0 0.0
337.0 327813131.40166 327813133.02218 327813134.6427 0.0 0.0 446.40005945777295 3.1986934178724904 0.0 0.0
338.0 327813134.6427 327813136.26322 327813137.88374 0.0 0.0 446.40005945777295 3.1986934178724904 0.0 0.0
339.0 327813137.88374 327813139.50426 327813141.12478 0.0 0.0 446.40005945777295 3.1986934178724904 0.0 0.0
340.0 327813141.12478 327813142.7453 327813144.36582 0.0 0.0 446.40005945777295 3.1986934178724904 0.0 0.0
341.0 327813144.36582 327813145.98634 327813147.60686 0.0 0.0 446.40005945777295 3.1986934178724904 0.0 0.0
342.0 327813147.60686 327813149.22738 327813150.8479 0.0 0.0 446.40005945777295 3.1986934178724904 0.0 0.0
343.0 327813150.8479 327813152.46841997 327813154.08893996 0.0 0.0 446.40005945777295 3.1986934178724904 0.0 0.0
344.0 327813154.08894 327813155.70946 327813157.32998 0.0 0.0 446.40005945777295 3.1986934178724904 0.0 0.0
345.0 327813157.32998 327813158.9505 327813160.57102 0.0 0.0 446.40005945777295 3.1986934178724904 0.0 0.0
346.0 327813160.57102 327813162.19154 327813163.81206 0.0 0.0 446.40005945777295 3.1986934178724904 0.0 0.0
347.0 327813163.81206 327813165.43258 327813167.0531 0.0 0.0 446.40005945777295 3.1986934178724904 0.0 0.0
348.0 327813167.0531 327813168.67362 327813170.29414 0.0 0.0 446.40005945777295 3.1986934178724904 0.0 0.0
349.0 327813170.29414 327813171.91466 327813173.53518 0.0 0.0 446.40005945777295 3.1986934178724904 0.0 0.0
350.0 327813173.53518 327813175.15569997 327813176.77621996 0.0 0.0 446.40005945777295 3.1986934178724904 0.0 0.0
351.0 327813176.77622 327813178.39674 327813180.01726 0.0 0.0 446.40005945777295 3.1986934178724904 0.0 0.0
352.0 327813180.01726 327813181.63778 327813183.2583 0.0 0.0 446.40005945777295 3.1986934178724904 0.0 0.0
353.0 327813183.2583 327813184.87882 327813186.49934 0.0 0.0 446.40005945777295 3.1986934178724904 0.0 0.0
354.0 327813186.49934 327813188.11986 327813189.74038 0.0 0.0 446.40005945777295 3.1986934178724904 0.0 0.0
355.0 327813189.74038 327813191.3609 327813192.98142 0.0 0.0 446.40005945777295 3.1986934178724904 0.0 0.0
356.0 327813192.98142 327813194.60194 327813196.22246 0.0 0.0 446.40005945777295 3.1986934178724904 0.0 0.0
357.0 327813196.22246 327813197.84297997 327813199.46349996 0.0 0.0 446.40005945777295 3.1986934178724904 0.0 0.0
358.0 327813199.4635 327813201.08402 327813202.70454 0.0 0.0 446.40005945777295 3.1986934178724904 0.0 0.0
359.0 327813202.70454 327813204.32506 327813205.94558 0.0 0.0 446.40005945777295 3.1986934178724904 0.0 0.0
360.0 327813205.94558 327813207.5661 327813209.18662 0.0 0.0 446.40005945777295 3.1986934178724904 0.0 0.0
361.0 327813209.18662 327813210.80714 327813212.42766 0.0 0.0 446.40005945777295 3.1986934178724904 0.0 0.0
362.0 327813212.42766 327813214.04818 327813215.6687 0.0 0.0 446.40005945777295 3.1986934178724904 0.0 0.0
363.0 327813215.6687 327813217.28922 327813218.90974 0.0 0.0 446.40005945777295 3.1986934178724904 0.0 0.0
364.0 327813218.90974003 327813220.53026 327813222.15078 0.0 0.0 446.40005945777295 3.1986934178724904 0.0 0.0
365.0 327813222.15078 327813223.7713 327813225.39182 0.0 0.0 446.40005945777295 3.1986934178724904 0.0 0.0
366.0 327813225.39182 327813227.01234 327813228.63286 0.0 0.0 446.40005945777295 3.1986934178724904 0.0 0.0
367.0 327813228.63286 327813230.25338 327813231.8739 0.0 0.0 446.40005945777295 3.1986934178724904 0.0 0.0
368.0 327813231.8739 327813233.49442 327813235.11494 0.0 0.0 446.40005945777295 3.1986934178724904 0.0 0.0
369.0 327813235.11494 327813236.73546 327813238.35598 0.0 0.0 446.40005945777295 3.1986934178724904 0.0 0.0
370.0 327813238.35598 327813239.9765 327813241.59702 1.0 1.0 446.40005945777295 3.1986934178724904 0.3126276480304631 0.3126276480304631
371.0 327813241.59702003 327813243.21754 327813244.83806 0.0 0.0 446.40005945777295 3.1986934178724904 0.0 0.0
372.0 327813244.83806 327813246.45858 327813248.0791 0.0 0.0 446.40005945777295 3.1986934178724904 0.0 0.0
373.0 327813248.0791 327813249.69962 327813251.32014 0.0 0.0 446.40005945777295 3.1986934178724904 0.0 0.0
374.0 327813251.32014 327813252.94066 327813254.56118 0.0 0.0 446.40005945777295 3.1986934178724904 0.0 0.0
375.0 327813254.56118 327813256.1817 327813257.80222 0.0 0.0 446.40005945777295 3.1986934178724904 0.0 0.0
376.0 327813257.80222 327813259.42274 327813261.04326 0.0 0.0 446.40005945777295 3.1986934178724904 0.0 0.0
377.0 327813261.04326 327813262.66378 327813264.28429997 0.0 0.0 446.40005945777295 3.1986934178724904 0.0 0.0
378.0 327813264.2843 327813265.90482 327813267.52534 0.0 0.0 446.40005945777295 3.1986934178724904 0.0 0.0
379.0 327813267.52534 327813269.14586 327813270.76638 0.0 0.0 446.40005945777295 3.1986934178724904 0.0 0.0
380.0 327813270.76638 327813272.3869 327813274.00742 0.0 0.0 446.40005945777295 3.1986934178724904 0.0 0.0
381.0 327813274.00742 327813275.62794 327813277.24846 0.0 0.0 446.40005945777295 3.1986934178724904 0.0 0.0
382.0 327813277.24846 327813278.86898 327813280.4895 0.0 0.0 446.40005945777295 3.1986934178724904 0.0 0.0
383.0 327813280.4895 327813282.11002 327813283.73054 0.0 0.0 446.40005945777295 3.1986934178724904 0.0 0.0
384.0 327813283.73054 327813285.35106 327813286.97157997 0.0 0.0 446.40005945777295 3.1986934178724904 0.0 0.0
385.0 327813286.97158 327813288.5921 327813290.21262 0.0 0.0 446.40005945777295 3.1986934178724904 0.0 0.0
386.0 327813290.21262 327813291.83314 327813293.45366 0.0 0.0 446.40005945777295 3.1986934178724904 0.0 0.0
387.0 327813293.45366 327813295.07418 327813296.6947 0.0 0.0 446.40005945777295 3.1986934178724904 0.0 0.0
388.0 327813296.6947 327813298.31522 327813299.93574 0.0 0.0 446.40005945777295 3.1986934178724904 0.0 0.0
389.0 327813299.93574 327813301.55626 327813303.17678 0.0 0.0 446.40005945777295 3.1986934178724904 0.0 0.0
390.0 327813303.17678 327813304.7973 327813306.41782 0.0 0.0 446.40005945777295 3.1986934178724904 0.0 0.0
391.0 327813306.41782 327813308.03834 327813309.65885997 0.0 0.0 446.40005945777295 3.1986934178724904 0.0 0.0
392.0 327813309.65886 327813311.27938 327813312.8999 0.0 0.0 446.40005945777295 3.1986934178724904 0.0 0.0
393.0 327813312.8999 327813314.52042 327813316.14094 0.0 0.0 446.40005945777295 3.1986934178724904 0.0 0.0
394.0 327813316.14094 327813317.76146 327813319.38198 0.0 0.0 446.40005945777295 3.1986934178724904 0.0 0.0
395.0 327813319.38198 327813321.0025 327813322.62302 0.0 0.0 446.40005945777295 3.1986934178724904 0.0 0.0
396.0 327813322.62302 327813324.24354 327813325.86406 0.0 0.0 446.40005945777295 3.1986934178724904 0.0 0.0
397.0 327813325.86406 327813327.48458 327813329.1051 0.0 0.0 446.40005945777295 3.1986934178724904 0.0 0.0
398.0 327813329.1051 327813330.72562 327813332.34613997 0.0 0.0 446.40005945777295 3.1986934178724904 0.0 0.0
399.0 327813332.34614 327813333.96666 327813335.58718 0.0 0.0 446.40005945777295 3.1986934178724904 0.0 0.0
400.0 327813335.58718 327813337.2077 327813338.82822 0.0 0.0 446.40005945777295 3.1986934178724904 0.0 0.0
401.0 327813338.82822 327813340.44874 327813342.06926 0.0 0.0 446.40005945777295 3.1986934178724904 0.0 0.0
402.0 327813342.06926 327813343.68978 327813345.3103 0.0 0.0 446.40005945777295 3.1986934178724904 0.0 0.0
403.0 327813345.3103 327813346.93082 327813348.55134 0.0 0.0 446.40005945777295 3.1986934178724904 0.0 0.0
404.0 327813348.55134 327813350.17186 327813351.79238 0.0 0.0 446.40005945777295 3.1986934178724904 0.0 0.0
405.0 327813351.79238 327813353.4129 327813355.03341997 0.0 0.0 446.40005945777295 3.1986934178724904 0.0 0.0
406.0 327813355.03342 327813356.65394 327813358.27446 0.0 0.0 446.40005945777295 3.1986934178724904 0.0 0.0
407.0 327813358.27446 327813359.89498 327813361.5155 0.0 0.0 446.40005945777295 3.1986934178724904 0.0 0.0
408.0 327813361.5155 327813363.13602 327813364.75654 0.0 0.0 446.40005945777295 3.1986934178724904 0.0 0.0
409.0 327813364.75654 327813366.37706 327813367.99758 0.0 0.0 446.40005945777295 3.1986934178724904 0.0 0.0
410.0 327813367.99758 327813369.6181 327813371.23862 0.0 0.0 446.40005945777295 3.1986934178724904 0.0 0.0
411.0 327813371.23862 327813372.85914 327813374.47966 0.0 0.0 446.40005945777295 3.1986934178724904 0.0 0.0
412.0 327813374.47966 327813376.10018 327813377.72069997 0.0 0.0 446.40005945777295 3.1986934178724904 0.0 0.0
413.0 327813377.7207 327813379.34122 327813380.96174 0.0 0.0 446.40005945777295 3.1986934178724904 0.0 0.0
414.0 327813380.96174 327813382.58226 327813384.20278 0.0 0.0 446.40005945777295 3.1986934178724904 0.0 0.0
415.0 327813384.20278 327813385.8233 327813387.44382 0.0 0.0 446.40005945777295 3.1986934178724904 0.0 0.0
416.0 327813387.44382 327813389.06434 327813390.68486 0.0 0.0 446.40005945777295 3.1986934178724904 0.0 0.0
417.0 327813390.68486 327813392.30538 327813393.9259 0.0 0.0 446.40005945777295 3.1986934178724904 0.0 0.0
418.0 327813393.9259 327813395.54642 327813397.16694 0.0 0.0 446.40005945777295 3.1986934178724904 0.0 0.0
419.0 327813397.16694 327813398.78745997 327813400.40797997 0.0 0.0 446.40005945777295 3.1986934178724904 0.0 0.0
420.0 327813400.40798 327813402.0285 327813403.64902 0.0 0.0 446.40005945777295 3.1986934178724904 0.0 0.0
421.0 327813403.64902 327813405.26954 327813406.89006 0.0 0.0 446.40005945777295 3.1986934178724904 0.0 0.0
422.0 327813406.89006 327813408.51058 327813410.1311 0.0 0.0 446.40005945777295 3.1986934178724904 0.0 0.0
423.0 327813410.1311 327813411.75162 327813413.37214 0.0 0.0 446.40005945777295 3.1986934178724904 0.0 0.0
424.0 327813413.37214 327813414.99266 327813416.61318 0.0 0.0 446.40005945777295 3.1986934178724904 0.0 0.0
425.0 327813416.61318 327813418.2337 327813419.85422 0.0 0.0 446.40005945777295 3.1986934178724904 0.0 0.0
426.0 327813419.85422 327813421.47473997 327813423.09525996 0.0 0.0 446.40005945777295 3.1986934178724904 0.0 0.0
427.0 327813423.09526 327813424.71578 327813426.3363 0.0 0.0 446.40005945777295 3.1986934178724904 0.0 0.0
428.0 327813426.3363 327813427.95682 327813429.57734 0.0 0.0 446.40005945777295 3.1986934178724904 0.0 0.0
429.0 327813429.57734 327813431.19786 327813432.81838 0.0 0.0 446.40005945777295 3.1986934178724904 0.0 0.0
430.0 327813432.81838 327813434.4389 327813436.05942 0.0 0.0 446.40005945777295 3.1986934178724904 0.0 0.0
431.0 327813436.05942 327813437.67994 327813439.30046 0.0 0.0 446.40005945777295 3.1986934178724904 0.0 0.0
432.0 327813439.30046 327813440.92098 327813442.5415 0.0 0.0 446.40005945777295 3.1986934178724904 0.0 0.0
433.0 327813442.5415 327813444.16201997 327813445.78253996 0.0 0.0 446.40005945777295 3.1986934178724904 0.0 0.0
434.0 327813445.78254 327813447.40306 327813449.02358 0.0 0.0 446.40005945777295 3.1986934178724904 0.0 0.0
435.0 327813449.02358 327813450.6441 327813452.26462 0.0 0.0 446.40005945777295 3.1986934178724904 0.0 0.0
436.0 327813452.26462 327813453.88514 327813455.50566 0.0 0.0 446.40005945777295 3.1986934178724904 0.0 0.0
437.0 327813455.50566 327813457.12618 327813458.7467 0.0 0.0 446.40005945777295 3.1986934178724904 0.0 0.0
438.0 327813458.7467 327813460.36722 327813461.98774 0.0 0.0 446.40005945777295 3.1986934178724904 0.0 0.0
439.0 327813461.98774 327813463.60826 327813465.22878 0.0 0.0 446.40005945777295 3.1986934178724904 0.0 0.0
440.0 327813465.22878 327813466.84929997 327813468.46981996 0.0 0.0 446.40005945777295 3.1986934178724904 0.0 0.0
441.0 327813468.46982 327813470.09034 327813471.71086 0.0 0.0 446.40005945777295 3.1986934178724904 0.0 0.0
442.0 327813471.71086 327813473.33138 327813474.9519 0.0 0.0 446.40005945777295 3.1986934178724904 0.0 0.0
443.0 327813474.9519 327813476.57242 327813478.19294 0.0 0.0 446.40005945777295 3.1986934178724904 0.0 0.0
444.0 327813478.19294 327813479.81346 327813481.43398 0.0 0.0 446.40005945777295 3.1986934178724904 0.0 0.0
445.0 327813481.43398 327813483.0545 327813484.67502 0.0 0.0 446.40005945777295 3.1986934178724904 0.0 0.0
446.0 327813484.67502 327813486.29554 327813487.91606 0.0 0.0 446.40005945777295 3.1986934178724904 0.0 0.0
447.0 327813487.91606003 327813489.53658 327813491.1571 0.0 0.0 446.40005945777295 3.1986934178724904 0.0 0.0
448.0 327813491.1571 327813492.77762 327813494.39814 0.0 0.0 446.40005945777295 3.1986934178724904 0.0 0.0
449.0 327813494.39814 327813496.01866 327813497.63918 0.0 0.0 446.40005945777295 3.1986934178724904 0.0 0.0
450.0 327813497.63918 327813499.2597 327813500.88022 0.0 0.0 446.40005945777295 3.1986934178724904 0.0 0.0
451.0 327813500.88022 327813502.50074 327813504.12126 0.0 0.0 446.40005945777295 3.1986934178724904 0.0 0.0
452.0 327813504.12126 327813505.74178 327813507.3623 0.0 0.0 446.40005945777295 3.1986934178724904 0.0 0.0
453.0 327813507.3623 327813508.98282 327813510.60333997 0.0 0.0 446.40005945777295 3.1986934178724904 0.0 0.0
454.0 327813510.60334 327813512.22386 327813513.84438 0.0 0.0 446.40005945777295 3.1986934178724904 0.0 0.0
455.0 327813513.84438 327813515.4649 327813517.08542 0.0 0.0 446.40005945777295 3.1986934178724904 0.0 0.0
456.0 327813517.08542 327813518.70594 327813520.32646 0.0 0.0 446.40005945777295 3.1986934178724904 0.0 0.0
457.0 327813520.32646 327813521.94698 327813523.5675 0.0 0.0 446.40005945777295 3.1986934178724904 0.0 0.0
458.0 327813523.5675 327813525.18802 327813526.80854 0.0 0.0 446.40005945777295 3.1986934178724904 0.0 0.0
459.0 327813526.80854 327813528.42906 327813530.04958 0.0 0.0 446.40005945777295 3.1986934178724904 0.0 0.0
460.0 327813530.04958 327813531.6701 327813533.29061997 0.0 0.0 446.40005945777295 3.1986934178724904 0.0 0.0
461.0 327813533.29062 327813534.91114 327813536.53166 0.0 0.0 446.40005945777295 3.1986934178724904 0.0 0.0
462.0 327813536.53166 327813538.15218 327813539.7727 0.0 0.0 446.40005945777295 3.1986934178724904 0.0 0.0
463.0 327813539.7727 327813541.39322 327813543.01374 0.0 0.0 446.40005945777295 3.1986934178724904 0.0 0.0
464.0 327813543.01374 327813544.63426 327813546.25478 0.0 0.0 446.40005945777295 3.1986934178724904 0.0 0.0
465.0 327813546.25478 327813547.8753 327813549.49582 0.0 0.0 446.40005945777295 3.1986934178724904 0.0 0.0
466.0 327813549.49582 327813551.11634 327813552.73686 0.0 0.0 446.40005945777295 3.1986934178724904 0.0 0.0
467.0 327813552.73686 327813554.35738 327813555.97789997 0.0 0.0 446.40005945777295 3.1986934178724904 0.0 0.0
468.0 327813555.9779 327813557.59842 327813559.21894 0.0 0.0 446.40005945777295 3.1986934178724904 0.0 0.0
469.0 327813559.21894 327813560.83946 327813562.45998 0.0 0.0 446.40005945777295 3.1986934178724904 0.0 0.0
470.0 327813562.45998 327813564.0805 327813565.70102 0.0 0.0 446.40005945777295 3.1986934178724904 0.0 0.0
471.0 327813565.70102 327813567.32154 327813568.94206 0.0 0.0 446.40005945777295 3.1986934178724904 0.0 0.0
472.0 327813568.94206 327813570.56258 327813572.1831 0.0 0.0 446.40005945777295 3.1986934178724904 0.0 0.0
473.0 327813572.1831 327813573.80362 327813575.42414 0.0 0.0 446.40005945777295 3.1986934178724904 0.0 0.0
474.0 327813575.42414 327813577.04466 327813578.66517997 0.0 0.0 446.40005945777295 3.1986934178724904 0.0 0.0
475.0 327813578.66518 327813580.2857 327813581.90622 0.0 0.0 446.40005945777295 3.1986934178724904 0.0 0.0
476.0 327813581.90622 327813583.52674 327813585.14726 0.0 0.0 446.40005945777295 3.1986934178724904 0.0 0.0
477.0 327813585.14726 327813586.76778 327813588.3883 0.0 0.0 446.40005945777295 3.1986934178724904 0.0 0.0
478.0 327813588.3883 327813590.00882 327813591.62934 0.0 0.0 446.40005945777295 3.1986934178724904 0.0 0.0
479.0 327813591.62934 327813593.24986 327813594.87038 0.0 0.0 446.40005945777295 3.1986934178724904 0.0 0.0
480.0 327813594.87038 327813596.4909 327813598.11142 0.0 0.0 446.40005945777295 3.1986934178724904 0.0 0.0
481.0 327813598.11142 327813599.73194 327813601.35245997 0.0 0.0 446.40005945777295 3.1986934178724904 0.0 0.0
482.0 327813601.35246 327813602.97298 327813604.5935 0.0 0.0 446.40005945777295 3.1986934178724904 0.0 0.0
483.0 327813604.5935 327813606.21402 327813607.83454 0.0 0.0 446.40005945777295 3.1986934178724904 0.0 0.0
484.0 327813607.83454 327813609.45506 327813611.07558 0.0 0.0 446.40005945777295 3.1986934178724904 0.0 0.0
485.0 327813611.07558 327813612.6961 327813614.31662 0.0 0.0 446.40005945777295 3.1986934178724904 0.0 0.0
486.0 327813614.31662 327813615.93714 327813617.55766 0.0 0.0 446.40005945777295 3.1986934178724904 0.0 0.0
487.0 327813617.55766 327813619.17818 327813620.7987 0.0 0.0 446.40005945777295 3.1986934178724904 0.0 0.0
488.0 327813620.7987 327813622.41922 327813624.03973997 0.0 0.0 446.40005945777295 3.1986934178724904 0.0 0.0
489.0 327813624.03974 327813625.66026 327813627.28078 0.0 0.0 446.40005945777295 3.1986934178724904 0.0 0.0
490.0 327813627.28078 327813628.9013 327813630.52182 0.0 0.0 446.40005945777295 3.1986934178724904 0.0 0.0
491.0 327813630.52182 327813632.14234 327813633.76286 0.0 0.0 446.40005945777295 3.1986934178724904 0.0 0.0
492.0 327813633.76286 327813635.38338 327813637.0039 0.0 0.0 446.40005945777295 3.1986934178724904 0.0 0.0
493.0 327813637.0039 327813638.62442 327813640.24494 0.0 0.0 446.40005945777295 3.1986934178724904 0.0 0.0
494.0 327813640.24494 327813641.86546 327813643.48598 0.0 0.0 446.40005945777295 3.1986934178724904 0.0 0.0
495.0 327813643.48598 327813645.10649997 327813646.72701997 0.0 0.0 446.40005945777295 3.1986934178724904 0.0 0.0
496.0 327813646.72702 327813648.34754 327813649.96806 0.0 0.0 446.40005945777295 3.1986934178724904 0.0 0.0
497.0 327813649.96806 327813651.58858 327813653.2091 0.0 0.0 446.40005945777295 3.1986934178724904 0.0 0.0
498.0 327813653.2091 327813654.82962 327813656.45014 0.0 0.0 446.40005945777295 3.1986934178724904 0.0 0.0
499.0 327813656.45014 327813658.07066 327813659.69118 0.0 0.0 446.40005945777295 3.1986934178724904 0.0 0.0
500.0 327813659.69118 327813661.3117 327813662.93222 0.0 0.0 446.40005945777295 3.1986934178724904 0.0 0.0
501.0 327813662.93222 327813664.55274 327813666.17326 0.0 0.0 446.40005945777295 3.1986934178724904 0.0 0.0
502.0 327813666.17326 327813667.79377997 327813669.41429996 0.0 0.0 446.40005945777295 3.1986934178724904 0.0 0.0
503.0 327813669.4143 327813671.03482 327813672.65534 0.0 0.0 446.40005945777295 3.1986934178724904 0.0 0.0
504.0 327813672.65534 327813674.27586 327813675.89638 0.0 0.0 446.40005945777295 3.1986934178724904 0.0 0.0
505.0 327813675.89638 327813677.5169 327813679.13742 1.0 1.0 446.40005945777295 3.1986934178724904 0.3126276480304631 0.3126276480304631
506.0 327813679.13742 327813680.75794 327813682.37846 0.0 0.0 446.40005945777295 3.1986934178724904 0.0 0.0
507.0 327813682.37846 327813683.99898 327813685.6195 0.0 0.0 446.40005945777295 3.1986934178724904 0.0 0.0
508.0 327813685.6195 327813687.24002 327813688.86054 0.0 0.0 446.40005945777295 3.1986934178724904 0.0 0.0
509.0 327813688.86054 327813690.48105997 327813692.10157996 0.0 0.0 446.40005945777295 3.1986934178724904 0.0 0.0
510.0 327813692.10158 327813693.7221 327813695.34262 0.0 0.0 446.40005945777295 3.1986934178724904 0.0 0.0
511.0 327813695.34262 327813696.96314 327813698.58366 0.0 0.0 446.40005945777295 3.1986934178724904 0.0 0.0
512.0 327813698.58366 327813700.20418 327813701.8247 0.0 0.0 446.40005945777295 3.1986934178724904 0.0 0.0
513.0 327813701.8247 327813703.44522 327813705.06574 0.0 0.0 446.40005945777295 3.1986934178724904 0.0 0.0
514.0 327813705.06574 327813706.68626 327813708.30678 0.0 0.0 446.40005945777295 3.1986934178724904 0.0 0.0
515.0 327813708.30678 327813709.9273 327813711.54782 0.0 0.0 446.40005945777295 3.1986934178724904 0.0 0.0
516.0 327813711.54782 327813713.16833997 327813714.78885996 0.0 0.0 446.40005945777295 3.1986934178724904 0.0 0.0
517.0 327813714.78886 327813716.40938 327813718.0299 0.0 0.0 446.40005945777295 3.1986934178724904 0.0 0.0
518.0 327813718.0299 327813719.65042 327813721.27094 0.0 0.0 446.40005945777295 3.1986934178724904 0.0 0.0
519.0 327813721.27094 327813722.89146 327813724.51198 0.0 0.0 446.40005945777295 3.1986934178724904 0.0 0.0
520.0 327813724.51198 327813726.1325 327813727.75302 0.0 0.0 446.40005945777295 3.1986934178724904 0.0 0.0
521.0 327813727.75302 327813729.37354 327813730.99406 0.0 0.0 446.40005945777295 3.1986934178724904 0.0 0.0
522.0 327813730.99406 327813732.61458 327813734.2351 0.0 0.0 446.40005945777295 3.1986934178724904 0.0 0.0
523.0 327813734.23510003 327813735.85562 327813737.47614 0.0 0.0 446.40005945777295 3.1986934178724904 0.0 0.0
524.0 327813737.47614 327813739.09666 327813740.71718 0.0 0.0 446.40005945777295 3.1986934178724904 0.0 0.0
525.0 327813740.71718 327813742.3377 327813743.95822 0.0 0.0 446.40005945777295 3.1986934178724904 0.0 0.0
526.0 327813743.95822 327813745.57874 327813747.19926 0.0 0.0 446.40005945777295 3.1986934178724904 0.0 0.0
527.0 327813747.19926 327813748.81978 327813750.4403 0.0 0.0 446.40005945777295 3.1986934178724904 0.0 0.0
528.0 327813750.4403 327813752.06082 327813753.68134 0.0 0.0 446.40005945777295 3.1986934178724904 0.0 0.0
529.0 327813753.68134 327813755.30186 327813756.92238 0.0 0.0 446.40005945777295 3.1986934178724904 0.0 0.0
530.0 327813756.92238003 327813758.5429 327813760.16342 0.0 0.0 446.40005945777295 3.1986934178724904 0.0 0.0
531.0 327813760.16342 327813761.78394 327813763.40446 0.0 0.0 446.40005945777295 3.1986934178724904 0.0 0.0
532.0 327813763.40446 327813765.02498 327813766.6455 0.0 0.0 446.40005945777295 3.1986934178724904 0.0 0.0
533.0 327813766.6455 327813768.26602 327813769.88654 0.0 0.0 446.40005945777295 3.1986934178724904 0.0 0.0
534.0 327813769.88654 327813771.50706 327813773.12758 0.0 0.0 446.40005945777295 3.1986934178724904 0.0 0.0
535.0 327813773.12758 327813774.7481 327813776.36862 0.0 0.0 446.40005945777295 3.1986934178724904 0.0 0.0
536.0 327813776.36862 327813777.98914 327813779.60965997 0.0 0.0 446.40005945777295 3.1986934178724904 0.0 0.0
537.0 327813779.60966 327813781.23018 327813782.8507 0.0 0.0 446.40005945777295 3.1986934178724904 0.0 0.0
538.0 327813782.8507 327813784.47122 327813786.09174 0.0 0.0 446.40005945777295 3.1986934178724904 0.0 0.0
539.0 327813786.09174 327813787.71226 327813789.33278 0.0 0.0 446.40005945777295 3.1986934178724904 0.0 0.0
540.0 327813789.33278 327813790.9533 327813792.57382 0.0 0.0 446.40005945777295 3.1986934178724904 0.0 0.0
541.0 327813792.57382 327813794.19434 327813795.81486 0.0 0.0 446.40005945777295 3.1986934178724904 0.0 0.0
542.0 327813795.81486 327813797.43538 327813799.0559 0.0 0.0 446.40005945777295 3.1986934178724904 0.0 0.0
543.0 327813799.0559 327813800.67642 327813802.29693997 0.0 0.0 446.40005945777295 3.1986934178724904 0.0 0.0
544.0 327813802.29694 327813803.91746 327813805.53798 0.0 0.0 446.40005945777295 3.1986934178724904 0.0 0.0
545.0 327813805.53798 327813807.1585 327813808.77902 0.0 0.0 446.40005945777295 3.1986934178724904 0.0 0.0
546.0 327813808.77902 327813810.39954 327813812.02006 0.0 0.0 446.40005945777295 3.1986934178724904 0.0 0.0
547.0 327813812.02006 327813813.64058 327813815.2611 0.0 0.0 446.40005945777295 3.1986934178724904 0.0 0.0
548.0 327813815.2611 327813816.88162 327813818.50214 0.0 0.0 446.40005945777295 3.1986934178724904 0.0 0.0
549.0 327813818.50214 327813820.12266 327813821.74318 0.0 0.0 446.40005945777295 3.1986934178724904 0.0 0.0
550.0 327813821.74318 327813823.3637 327813824.98421997 0.0 0.0 446.40005945777295 3.1986934178724904 0.0 0.0
551.0 327813824.98422 327813826.60474 327813828.22526 0.0 0.0 446.40005945777295 3.1986934178724904 0.0 0.0
552.0 327813828.22526 327813829.84578 327813831.4663 0.0 0.0 446.40005945777295 3.1986934178724904 0.0 0.0
553.0 327813831.4663 327813833.08682 327813834.70734 0.0 0.0 446.40005945777295 3.1986934178724904 0.0 0.0
554.0 327813834.70734 327813836.32786 327813837.94838 0.0 0.0 446.40005945777295 3.1986934178724904 0.0 0.0
555.0 327813837.94838 327813839.5689 327813841.18942 0.0 0.0 446.40005945777295 3.1986934178724904 0.0 0.0
556.0 327813841.18942 327813842.80994 327813844.43046 0.0 0.0 446.40005945777295 3.1986934178724904 0.0 0.0
557.0 327813844.43046 327813846.05098 327813847.67149997 0.0 0.0 446.40005945777295 3.1986934178724904 0.0 0.0
558.0 327813847.6715 327813849.29202 327813850.91254 0.0 0.0 446.40005945777295 3.1986934178724904 0.0 0.0
559.0 327813850.91254 327813852.53306 327813854.15358 0.0 0.0 446.40005945777295 3.1986934178724904 0.0 0.0
560.0 327813854.15358 327813855.7741 327813857.39462 0.0 0.0 446.40005945777295 3.1986934178724904 0.0 0.0
561.0 327813857.39462 327813859.01514 327813860.63566 0.0 0.0 446.40005945777295 3.1986934178724904 0.0 0.0
562.0 327813860.63566 327813862.25618 327813863.8767 0.0 0.0 446.40005945777295 3.1986934178724904 0.0 0.0
563.0 327813863.8767 327813865.49722 327813867.11774 0.0 0.0 446.40005945777295 3.1986934178724904 0.0 0.0
564.0 327813867.11774 327813868.73826 327813870.35877997 0.0 0.0 446.40005945777295 3.1986934178724904 0.0 0.0
565.0 327813870.35878 327813871.9793 327813873.59982 0.0 0.0 446.40005945777295 3.1986934178724904 0.0 0.0
566.0 327813873.59982 327813875.22034 327813876.84086 0.0 0.0 446.40005945777295 3.1986934178724904 0.0 0.0
567.0 327813876.84086 327813878.46138 327813880.0819 0.0 0.0 446.40005945777295 3.1986934178724904 0.0 0.0
568.0 327813880.0819 327813881.70242 327813883.32294 0.0 0.0 446.40005945777295 3.1986934178724904 0.0 0.0
569.0 327813883.32294 327813884.94346 327813886.56398 0.0 0.0 446.40005945777295 3.1986934178724904 0.0 0.0
570.0 327813886.56398 327813888.1845 327813889.80502 0.0 0.0 446.40005945777295 3.1986934178724904 0.0 0.0
571.0 327813889.80502 327813891.42554 327813893.04605997 0.0 0.0 446.40005945777295 3.1986934178724904 0.0 0.0
572.0 327813893.04606 327813894.66658 327813896.2871 0.0 0.0 446.40005945777295 3.1986934178724904 0.0 0.0
573.0 327813896.2871 327813897.90762 327813899.52814 0.0 0.0 446.40005945777295 3.1986934178724904 0.0 0.0
574.0 327813899.52814 327813901.14866 327813902.76918 0.0 0.0 446.40005945777295 3.1986934178724904 0.0 0.0
575.0 327813902.76918 327813904.3897 327813906.01022 0.0 0.0 446.40005945777295 3.1986934178724904 0.0 0.0
576.0 327813906.01022 327813907.63074 327813909.25126 0.0 0.0 446.40005945777295 3.1986934178724904 0.0 0.0
577.0 327813909.25126 327813910.87178 327813912.4923 0.0 0.0 446.40005945777295 3.1986934178724904 0.0 0.0
578.0 327813912.4923 327813914.11281997 327813915.73333997 0.0 0.0 446.40005945777295 3.1986934178724904 0.0 0.0
579.0 327813915.73334 327813917.35386 327813918.97438 0.0 0.0 446.40005945777295 3.1986934178724904 0.0 0.0
580.0 327813918.97438 327813920.5949 327813922.21542 0.0 0.0 446.40005945777295 3.1986934178724904 0.0 0.0
581.0 327813922.21542 327813923.83594 327813925.45646 0.0 0.0 446.40005945777295 3.1986934178724904 0.0 0.0
582.0 327813925.45646 327813927.07698 327813928.6975 0.0 0.0 446.40005945777295 3.1986934178724904 0.0 0.0
583.0 327813928.6975 327813930.31802 327813931.93854 0.0 0.0 446.40005945777295 3.1986934178724904 0.0 0.0
584.0 327813931.93854 327813933.55906 327813935.17958 0.0 0.0 446.40005945777295 3.1986934178724904 0.0 0.0
585.0 327813935.17958 327813936.80009997 327813938.42061996 0.0 0.0 446.40005945777295 3.1986934178724904 0.0 0.0
586.0 327813938.42062 327813940.04114 327813941.66166 0.0 0.0 446.40005945777295 3.1986934178724904 0.0 0.0
587.0 327813941.66166 327813943.28218 327813944.9027 0.0 0.0 446.40005945777295 3.1986934178724904 0.0 0.0
588.0 327813944.9027 327813946.52322 327813948.14374 0.0 0.0 446.40005945777295 3.1986934178724904 0.0 0.0
589.0 327813948.14374 327813949.76426 327813951.38478 1.0 1.0 446.40005945777295 3.1986934178724904 0.3126276480304631 0.3126276480304631
590.0 327813951.38478 327813953.0053 327813954.62582 0.0 0.0 446.40005945777295 3.1986934178724904 0.0 0.0
591.0 327813954.62582 327813956.24634 327813957.86686 0.0 0.0 446.40005945777295 3.1986934178724904 0.0 0.0
592.0 327813957.86686 327813959.48737997 327813961.10789996 0.0 0.0 446.40005945777295 3.1986934178724904 0.0 0.0
593.0 327813961.1079 327813962.72842 327813964.34894 0.0 0.0 446.40005945777295 3.1986934178724904 0.0 0.0
594.0 327813964.34894 327813965.96946 327813967.58998 0.0 0.0 446.40005945777295 3.1986934178724904 0.0 0.0
595.0 327813967.58998 327813969.2105 327813970.83102 0.0 0.0 446.40005945777295 3.1986934178724904 0.0 0.0
596.0 327813970.83102 327813972.45154 327813974.07206 0.0 0.0 446.40005945777295 3.1986934178724904 0.0 0.0
597.0 327813974.07206 327813975.69258 327813977.3131 0.0 0.0 446.40005945777295 3.1986934178724904 0.0 0.0
598.0 327813977.3131 327813978.93362 327813980.55414 0.0 0.0 446.40005945777295 3.1986934178724904 0.0 0.0
599.0 327813980.55414 327813982.17465997 327813983.79517996 0.0 0.0 446.40005945777295 3.1986934178724904 0.0 0.0
600.0 327813983.79518 327813985.4157 327813987.03622 0.0 0.0 446.40005945777295 3.1986934178724904 0.0 0.0
601.0 327813987.03622 327813988.65674 327813990.27726 0.0 0.0 446.40005945777295 3.1986934178724904 0.0 0.0
602.0 327813990.27726 327813991.89778 327813993.5183 0.0 0.0 446.40005945777295 3.1986934178724904 0.0 0.0
603.0 327813993.5183 327813995.13882 327813996.75934 0.0 0.0 446.40005945777295 3.1986934178724904 0.0 0.0
604.0 327813996.75934 327813998.37986 327814000.00038 0.0 0.0 446.40005945777295 3.1986934178724904 0.0 0.0
605.0 327814000.00038 327814001.6209 327814003.24142 0.0 0.0 446.40005945777295 3.1986934178724904 0.0 0.0
606.0 327814003.24142003 327814004.86194 327814006.48246 0.0 0.0 446.40005945777295 3.1986934178724904 0.0 0.0
607.0 327814006.48246 327814008.10298 327814009.7235 0.0 0.0 446.40005945777295 3.1986934178724904 0.0 0.0
608.0 327814009.7235 327814011.34402 327814012.96454 0.0 0.0 446.40005945777295 3.1986934178724904 0.0 0.0
609.0 327814012.96454 327814014.58506 327814016.20558 0.0 0.0 446.40005945777295 3.1986934178724904 0.0 0.0
610.0 327814016.20558 327814017.8261 327814019.44662 0.0 0.0 446.40005945777295 3.1986934178724904 0.0 0.0
611.0 327814019.44662 327814021.06714 327814022.68766 0.0 0.0 446.40005945777295 3.1986934178724904 0.0 0.0
612.0 327814022.68766 327814024.30818 327814025.9287 0.0 0.0 446.40005945777295 3.1986934178724904 0.0 0.0
613.0 327814025.92870003 327814027.54922 327814029.16974 0.0 0.0 446.40005945777295 3.1986934178724904 0.0 0.0
614.0 327814029.16974 327814030.79026 327814032.41078 0.0 0.0 446.40005945777295 3.1986934178724904 0.0 0.0
615.0 327814032.41078 327814034.0313 327814035.65182 0.0 0.0 446.40005945777295 3.1986934178724904 0.0 0.0
616.0 327814035.65182 327814037.27234 327814038.89286 0.0 0.0 446.40005945777295 3.1986934178724904 0.0 0.0
617.0 327814038.89286 327814040.51338 327814042.1339 0.0 0.0 446.40005945777295 3.1986934178724904 0.0 0.0
618.0 327814042.1339 327814043.75442 327814045.37494 0.0 0.0 446.40005945777295 3.1986934178724904 0.0 0.0
619.0 327814045.37494 327814046.99546 327814048.61597997 0.0 0.0 446.40005945777295 3.1986934178724904 0.0 0.0
620.0 327814048.61598 327814050.2365 327814051.85702 0.0 0.0 446.40005945777295 3.1986934178724904 0.0 0.0
621.0 327814051.85702 327814053.47754 327814055.09806 0.0 0.0 446.40005945777295 3.1986934178724904 0.0 0.0
622.0 327814055.09806 327814056.71858 327814058.3391 0.0 0.0 446.40005945777295 3.1986934178724904 0.0 0.0
623.0 327814058.3391 327814059.95962 327814061.58014 0.0 0.0 446.40005945777295 3.1986934178724904 0.0 0.0
624.0 327814061.58014 327814063.20066 327814064.82118 0.0 0.0 446.40005945777295 3.1986934178724904 0.0 0.0
625.0 327814064.82118 327814066.4417 327814068.06222 0.0 0.0 446.40005945777295 3.1986934178724904 0.0 0.0
626.0 327814068.06222 327814069.68274 327814071.30325997 0.0 0.0 446.40005945777295 3.1986934178724904 0.0 0.0
627.0 327814071.30326 327814072.92378 327814074.5443 0.0 0.0 446.40005945777295 3.1986934178724904 0.0 0.0
628.0 327814074.5443 327814076.16482 327814077.78534 0.0 0.0 446.40005945777295 3.1986934178724904 0.0 0.0
629.0 327814077.78534 327814079.40586 327814081.02638 0.0 0.0 446.40005945777295 3.1986934178724904 0.0 0.0
630.0 327814081.02638 327814082.6469 327814084.26742 0.0 0.0 446.40005945777295 3.1986934178724904 0.0 0.0
631.0 327814084.26742 327814085.88794 327814087.50846 0.0 0.0 446.40005945777295 3.1986934178724904 0.0 0.0
632.0 327814087.50846 327814089.12898 327814090.7495 0.0 0.0 446.40005945777295 3.1986934178724904 0.0 0.0
633.0 327814090.7495 327814092.37002 327814093.99053997 0.0 0.0 446.40005945777295 3.1986934178724904 0.0 0.0
634.0 327814093.99054 327814095.61106 327814097.23158 0.0 0.0 446.40005945777295 3.1986934178724904 0.0 0.0
635.0 327814097.23158 327814098.8521 327814100.47262 0.0 0.0 446.40005945777295 3.1986934178724904 0.0 0.0
636.0 327814100.47262 327814102.09314 327814103.71366 0.0 0.0 446.40005945777295 3.1986934178724904 0.0 0.0
637.0 327814103.71366 327814105.33418 327814106.9547 0.0 0.0 446.40005945777295 3.1986934178724904 0.0 0.0
638.0 327814106.9547 327814108.57522 327814110.19574 0.0 0.0 446.40005945777295 3.1986934178724904 0.0 0.0
639.0 327814110.19574 327814111.81626 327814113.43678 0.0 0.0 446.40005945777295 3.1986934178724904 0.0 0.0
640.0 327814113.43678 327814115.0573 327814116.67781997 0.0 0.0 446.40005945777295 3.1986934178724904 0.0 0.0
641.0 327814116.67782 327814118.29834 327814119.91886 0.0 0.0 446.40005945777295 3.1986934178724904 0.0 0.0
642.0 327814119.91886 327814121.53938 327814123.1599 0.0 0.0 446.40005945777295 3.1986934178724904 0.0 0.0
643.0 327814123.1599 327814124.78042 327814126.40094 0.0 0.0 446.40005945777295 3.1986934178724904 0.0 0.0
644.0 327814126.40094 327814128.02146 327814129.64198 0.0 0.0 446.40005945777295 3.1986934178724904 0.0 0.0
645.0 327814129.64198 327814131.2625 327814132.88302 0.0 0.0 446.40005945777295 3.1986934178724904 0.0 0.0
646.0 327814132.88302 327814134.50354 327814136.12406 0.0 0.0 446.40005945777295 3.1986934178724904 0.0 0.0
647.0 327814136.12406 327814137.74458 327814139.36509997 0.0 0.0 446.40005945777295 3.1986934178724904 0.0 0.0
648.0 327814139.3651 327814140.98562 327814142.60614 0.0 0.0 446.40005945777295 3.1986934178724904 0.0 0.0
649.0 327814142.60614 327814144.22666 327814145.84718 0.0 0.0 446.40005945777295 3.1986934178724904 0.0 0.0
650.0 327814145.84718 327814147.4677 327814149.08822 0.0 0.0 446.40005945777295 3.1986934178724904 0.0 0.0
651.0 327814149.08822 327814150.70874 327814152.32926 0.0 0.0 446.40005945777295 3.1986934178724904 0.0 0.0
652.0 327814152.32926 327814153.94978 327814155.5703 0.0 0.0 446.40005945777295 3.1986934178724904 0.0 0.0
653.0 327814155.5703 327814157.19082 327814158.81134 0.0 0.0 446.40005945777295 3.1986934178724904 0.0 0.0
654.0 327814158.81134 327814160.43185997 327814162.05237997 0.0 0.0 446.40005945777295 3.1986934178724904 0.0 0.0
655.0 327814162.05238 327814163.6729 327814165.29342 0.0 0.0 446.40005945777295 3.1986934178724904 0.0 0.0
656.0 327814165.29342 327814166.91394 327814168.53446 0.0 0.0 446.40005945777295 3.1986934178724904 0.0 0.0
657.0 327814168.53446 327814170.15498 327814171.7755 0.0 0.0 446.40005945777295 3.1986934178724904 0.0 0.0
658.0 327814171.7755 327814173.39602 327814175.01654 0.0 0.0 446.40005945777295 3.1986934178724904 0.0 0.0
659.0 327814175.01654 327814176.63706 327814178.25758 0.0 0.0 446.40005945777295 3.1986934178724904 0.0 0.0
660.0 327814178.25758 327814179.8781 327814181.49862 0.0 0.0 446.40005945777295 3.1986934178724904 0.0 0.0
661.0 327814181.49862 327814183.11913997 327814184.73965997 0.0 0.0 446.40005945777295 3.1986934178724904 0.0 0.0
662.0 327814184.73966 327814186.36018 327814187.9807 1.0 1.0 446.40005945777295 3.1986934178724904 0.3126276480304631 0.3126276480304631
663.0 327814187.9807 327814189.60122 327814191.22174 0.0 0.0 446.40005945777295 3.1986934178724904 0.0 0.0
664.0 327814191.22174 327814192.84226 327814194.46278 0.0 0.0 446.40005945777295 3.1986934178724904 0.0 0.0
665.0 327814194.46278 327814196.0833 327814197.70382 0.0 0.0 446.40005945777295 3.1986934178724904 0.0 0.0
666.0 327814197.70382 327814199.32434 327814200.94486 0.0 0.0 446.40005945777295 3.1986934178724904 0.0 0.0
667.0 327814200.94486 327814202.56538 327814204.1859 1.0 1.0 446.40005945777295 3.1986934178724904 0.3126276480304631 0.3126276480304631
668.0 327814204.1859 327814205.80641997 327814207.42693996 0.0 0.0 446.40005945777295 3.1986934178724904 0.0 0.0
669.0 327814207.42694 327814209.04746 327814210.66798 0.0 0.0 446.40005945777295 3.1986934178724904 0.0 0.0
670.0 327814210.66798 327814212.2885 327814213.90902 0.0 0.0 446.40005945777295 3.1986934178724904 0.0 0.0
671.0 327814213.90902 327814215.52954 327814217.15006 0.0 0.0 446.40005945777295 3.1986934178724904 0.0 0.0
672.0 327814217.15006 327814218.77058 327814220.3911 0.0 0.0 446.40005945777295 3.1986934178724904 0.0 0.0
673.0 327814220.3911 327814222.01162 327814223.63214 0.0 0.0 446.40005945777295 3.1986934178724904 0.0 0.0
674.0 327814223.63214 327814225.25266 327814226.87318 0.0 0.0 446.40005945777295 3.1986934178724904 0.0 0.0
675.0 327814226.87318 327814228.49369997 327814230.11421996 0.0 0.0 446.40005945777295 3.1986934178724904 0.0 0.0
676.0 327814230.11422 327814231.73474 327814233.35526 0.0 0.0 446.40005945777295 3.1986934178724904 0.0 0.0
677.0 327814233.35526 327814234.97578 327814236.5963 0.0 0.0 446.40005945777295 3.1986934178724904 0.0 0.0
678.0 327814236.5963 327814238.21682 327814239.83734 0.0 0.0 446.40005945777295 3.1986934178724904 0.0 0.0
679.0 327814239.83734 327814241.45786 327814243.07838 0.0 0.0 446.40005945777295 3.1986934178724904 0.0 0.0
680.0 327814243.07838 327814244.6989 327814246.31942 0.0 0.0 446.40005945777295 3.1986934178724904 0.0 0.0
681.0 327814246.31942 327814247.93994 327814249.56046 0.0 0.0 446.40005945777295 3.1986934178724904 0.0 0.0
682.0 327814249.56046 327814251.18097997 327814252.80149996 0.0 0.0 446.40005945777295 3.1986934178724904 0.0 0.0
683.0 327814252.8015 327814254.42202 327814256.04254 0.0 0.0 446.40005945777295 3.1986934178724904 0.0 0.0
684.0 327814256.04254 327814257.66306 327814259.28358 0.0 0.0 446.40005945777295 3.1986934178724904 0.0 0.0
685.0 327814259.28358 327814260.9041 327814262.52462 0.0 0.0 446.40005945777295 3.1986934178724904 0.0 0.0
686.0 327814262.52462 327814264.14514 327814265.76566 0.0 0.0 446.40005945777295 3.1986934178724904 0.0 0.0
687.0 327814265.76566 327814267.38618 327814269.0067 0.0 0.0 446.40005945777295 3.1986934178724904 0.0 0.0
688.0 327814269.0067 327814270.62722 327814272.24774 0.0 0.0 446.40005945777295 3.1986934178724904 0.0 0.0
689.0 327814272.24774003 327814273.86826 327814275.48878 0.0 0.0 446.40005945777295 3.1986934178724904 0.0 0.0
690.0 327814275.48878 327814277.1093 327814278.72982 0.0 0.0 446.40005945777295 3.1986934178724904 0.0 0.0
691.0 327814278.72982 327814280.35034 327814281.97086 0.0 0.0 446.40005945777295 3.1986934178724904 0.0 0.0
692.0 327814281.97086 327814283.59138 327814285.2119 0.0 0.0 446.40005945777295 3.1986934178724904 0.0 0.0
693.0 327814285.2119 327814286.83242 327814288.45294 0.0 0.0 446.40005945777295 3.1986934178724904 0.0 0.0
694.0 327814288.45294 327814290.07346 327814291.69398 0.0 0.0 446.40005945777295 3.1986934178724904 0.0 0.0
695.0 327814291.69398 327814293.3145 327814294.93501997 0.0 0.0 446.40005945777295 3.1986934178724904 0.0 0.0
696.0 327814294.93502 327814296.55554 327814298.17606 0.0 0.0 446.40005945777295 3.1986934178724904 0.0 0.0
697.0 327814298.17606 327814299.79658 327814301.4171 0.0 0.0 446.40005945777295 3.1986934178724904 0.0 0.0
698.0 327814301.4171 327814303.03762 327814304.65814 0.0 0.0 446.40005945777295 3.1986934178724904 0.0 0.0
699.0 327814304.65814 327814306.27866 327814307.89918 0.0 0.0 446.40005945777295 3.1986934178724904 0.0 0.0
700.0 327814307.89918 327814309.5197 327814311.14022 0.0 0.0 446.40005945777295 3.1986934178724904 0.0 0.0
701.0 327814311.14022 327814312.76074 327814314.38126 0.0 0.0 446.40005945777295 3.1986934178724904 0.0 0.0
702.0 327814314.38126 327814316.00178 327814317.62229997 0.0 0.0 446.40005945777295 3.1986934178724904 0.0 0.0
703.0 327814317.6223 327814319.24282 327814320.86334 0.0 0.0 446.40005945777295 3.1986934178724904 0.0 0.0
704.0 327814320.86334 327814322.48386 327814324.10438 0.0 0.0 446.40005945777295 3.1986934178724904 0.0 0.0
705.0 327814324.10438 327814325.7249 327814327.34542 0.0 0.0 446.40005945777295 3.1986934178724904 0.0 0.0
706.0 327814327.34542 327814328.96594 327814330.58646 0.0 0.0 446.40005945777295 3.1986934178724904 0.0 0.0
707.0 327814330.58646 327814332.20698 327814333.8275 0.0 0.0 446.40005945777295 3.1986934178724904 0.0 0.0
708.0 327814333.8275 327814335.44802 327814337.06854 0.0 0.0 446.40005945777295 3.1986934178724904 0.0 0.0
709.0 327814337.06854 327814338.68906 327814340.30957997 0.0 0.0 446.40005945777295 3.1986934178724904 0.0 0.0
710.0 327814340.30958 327814341.9301 327814343.55062 0.0 0.0 446.40005945777295 3.1986934178724904 0.0 0.0
711.0 327814343.55062 327814345.17114 327814346.79166 0.0 0.0 446.40005945777295 3.1986934178724904 0.0 0.0
712.0 327814346.79166 327814348.41218 327814350.0327 0.0 0.0 446.40005945777295 3.1986934178724904 0.0 0.0
713.0 327814350.0327 327814351.65322 327814353.27374 0.0 0.0 446.40005945777295 3.1986934178724904 0.0 0.0
714.0 327814353.27374 327814354.89426 327814356.51478 0.0 0.0 446.40005945777295 3.1986934178724904 0.0 0.0
715.0 327814356.51478 327814358.1353 327814359.75582 0.0 0.0 446.40005945777295 3.1986934178724904 0.0 0.0
716.0 327814359.75582 327814361.37634 327814362.99685997 0.0 0.0 446.40005945777295 3.1986934178724904 0.0 0.0
717.0 327814362.99686 327814364.61738 327814366.2379 0.0 0.0 446.40005945777295 3.1986934178724904 0.0 0.0
718.0 327814366.2379 327814367.85842 327814369.47894 0.0 0.0 446.40005945777295 3.1986934178724904 0.0 0.0
719.0 327814369.47894 327814371.09946 327814372.71998 0.0 0.0 446.40005945777295 3.1986934178724904 0.0 0.0
720.0 327814372.71998 327814374.3405 327814375.96102 0.0 0.0 446.40005945777295 3.1986934178724904 0.0 0.0
721.0 327814375.96102 327814377.58154 327814379.20206 0.0 0.0 446.40005945777295 3.1986934178724904 0.0 0.0
722.0 327814379.20206 327814380.82258 327814382.4431 0.0 0.0 446.40005945777295 3.1986934178724904 0.0 0.0
723.0 327814382.4431 327814384.06362 327814385.68413997 0.0 0.0 446.40005945777295 3.1986934178724904 0.0 0.0
724.0 327814385.68414 327814387.30466 327814388.92518 0.0 0.0 446.40005945777295 3.1986934178724904 0.0 0.0
725.0 327814388.92518 327814390.5457 327814392.16622 0.0 0.0 446.40005945777295 3.1986934178724904 0.0 0.0
726.0 327814392.16622 327814393.78674 327814395.40726 0.0 0.0 446.40005945777295 3.1986934178724904 0.0 0.0
727.0 327814395.40726 327814397.02778 327814398.6483 0.0 0.0 446.40005945777295 3.1986934178724904 0.0 0.0
728.0 327814398.6483 327814400.26882 327814401.88934 0.0 0.0 446.40005945777295 3.1986934178724904 0.0 0.0
729.0 327814401.88934 327814403.50986 327814405.13038 0.0 0.0 446.40005945777295 3.1986934178724904 0.0 0.0
730.0 327814405.13038 327814406.7509 327814408.37141997 0.0 0.0 446.40005945777295 3.1986934178724904 0.0 0.0
731.0 327814408.37142 327814409.99194 327814411.61246 0.0 0.0 446.40005945777295 3.1986934178724904 0.0 0.0
732.0 327814411.61246 327814413.23298 327814414.8535 0.0 0.0 446.40005945777295 3.1986934178724904 0.0 0.0
733.0 327814414.8535 327814416.47402 327814418.09454 0.0 0.0 446.40005945777295 1.8198716455417578 0.0 0.0
734.0 327814418.09454 327814419.71506 327814421.33558 0.0 0.0 446.40005945777295 0.0 0.0 0.0
735.0 327814421.33558 327814422.9561 327814424.57662 0.0 0.0 446.40005945777295 0.0 0.0 0.0
736.0 327814424.57662 327814426.19714 327814427.81766 0.0 0.0 446.40005945777295 0.0 0.0 0.0
737.0 327814427.81766 327814429.43817997 327814431.05869997 0.0 0.0 446.40005945777295 0.0 0.0 0.0
738.0 327814431.0587 327814432.67922 327814434.29974 0.0 0.0 446.40005945777295 0.0 0.0 0.0
739.0 327814434.29974 327814435.92026 327814437.54078 0.0 0.0 446.40005945777295 0.0 0.0 0.0
740.0 327814437.54078 327814439.1613 327814440.78182 0.0 0.0 446.40005945777295 0.0 0.0 0.0
741.0 327814440.78182 327814442.40234 327814444.02286 0.0 0.0 446.40005945777295 0.0 0.0 0.0
742.0 327814444.02286 327814445.64338 327814447.2639 0.0 0.0 446.40005945777295 0.0 0.0 0.0
743.0 327814447.2639 327814448.88442 327814450.50494 0.0 0.0 446.40005945777295 0.0 0.0 0.0
744.0 327814450.50494 327814452.12545997 327814453.74597996 0.0 0.0 446.40005945777295 0.0 0.0 0.0
745.0 327814453.74598 327814455.3665 327814456.98702 0.0 0.0 446.40005945777295 0.0 0.0 0.0
746.0 327814456.98702 327814458.60754 327814460.22806 0.0 0.0 446.40005945777295 0.0 0.0 0.0
747.0 327814460.22806 327814461.84858 327814463.4691 0.0 0.0 446.40005945777295 0.0 0.0 0.0
748.0 327814463.4691 327814465.08962 327814466.71014 0.0 0.0 446.40005945777295 0.0 0.0 0.0
749.0 327814466.71014 327814468.33066 327814469.95118 0.0 0.0 446.40005945777295 0.0 0.0 0.0
750.0 327814469.95118 327814471.5717 327814473.19222 0.0 0.0 446.40005945777295 0.0 0.0 0.0
751.0 327814473.19222 327814474.81273997 327814476.43325996 0.0 0.0 446.40005945777295 0.0 0.0 0.0
752.0 327814476.43326 327814478.05378 327814479.6743 0.0 0.0 446.40005945777295 0.0 0.0 0.0
753.0 327814479.6743 327814481.29482 327814482.91534 0.0 0.0 446.40005945777295 0.0 0.0 0.0
754.0 327814482.91534 327814484.53586 327814486.15638 0.0 0.0 446.40005945777295 0.0 0.0 0.0
755.0 327814486.15638 327814487.7769 327814489.39742 0.0 0.0 446.40005945777295 0.0 0.0 0.0
756.0 327814489.39742 327814491.01794 327814492.63846 0.0 0.0 446.40005945777295 0.0 0.0 0.0
757.0 327814492.63846 327814494.25898 327814495.8795 0.0 0.0 446.40005945777295 0.0 0.0 0.0
758.0 327814495.8795 327814497.50001997 327814499.12053996 0.0 0.0 446.40005945777295 0.0 0.0 0.0
759.0 327814499.12054 327814500.74106 327814502.36158 0.0 0.0 446.40005945777295 0.0 0.0 0.0
760.0 327814502.36158 327814503.9821 327814505.60262 0.0 0.0 446.40005945777295 0.0 0.0 0.0
761.0 327814505.60262 327814507.22314 327814508.84366 0.0 0.0 446.40005945777295 0.0 0.0 0.0
762.0 327814508.84366 327814510.46418 327814512.0847 0.0 0.0 446.40005945777295 0.0 0.0 0.0
763.0 327814512.0847 327814513.70522 327814515.32574 0.0 0.0 446.40005945777295 0.0 0.0 0.0
764.0 327814515.32574 327814516.94626 327814518.56678 0.0 0.0 446.40005945777295 0.0 0.0 0.0
765.0 327814518.56678003 327814520.1873 327814521.80782 0.0 0.0 446.40005945777295 0.0 0.0 0.0
766.0 327814521.80782 327814523.42834 327814525.04886 0.0 0.0 446.40005945777295 0.0 0.0 0.0
767.0 327814525.04886 327814526.66938 327814528.2899 0.0 0.0 446.40005945777295 0.0 0.0 0.0
768.0 327814528.2899 327814529.91042 327814531.53094 0.0 0.0 446.40005945777295 0.0 0.0 0.0
769.0 327814531.53094 327814533.15146 327814534.77198 0.0 0.0 446.40005945777295 0.0 0.0 0.0
770.0 327814534.77198 327814536.3925 327814538.01302 0.0 0.0 446.40005945777295 0.0 0.0 0.0
771.0 327814538.01302 327814539.63354 327814541.25406 0.0 0.0 446.40005945777295 0.0 0.0 0.0
772.0 327814541.25406003 327814542.87458 327814544.4951 0.0 0.0 446.40005945777295 0.0 0.0 0.0
773.0 327814544.4951 327814546.11562 327814547.73614 0.0 0.0 446.40005945777295 0.0 0.0 0.0
774.0 327814547.73614 327814549.35666 327814550.97718 0.0 0.0 446.40005945777295 0.0 0.0 0.0
775.0 327814550.97718 327814552.5977 327814554.21822 0.0 0.0 446.40005945777295 0.0 0.0 0.0
